4-1 algo
d: 5 w: 3 k: 1
all [21.333333333333332, 20.416666666666668, 17.272727272727273, 19.166666666666668, 17.636363636363637, 20.833333333333332, 16.071428571428573, 21.0, 16.23076923076923, 20.666666666666668] 

ans 19.062795537795537 

number 0 switch: 2283
number 1 switch: 107
number 2 switch: 0
2-1 [148.06666666666666, 28.5, 24.96153846153846, 57.42857142857143, 37.92307692307692, 31.714285714285715, 29.533333333333335, 27.85, 23.09090909090909, 21.75, 21.166666666666668, 21.166666666666668, 82.25, 36.0, 32.916666666666664, 30.0, 25.083333333333332, 22.75, 22.63157894736842, 21.433962264150942, 20.8125, 20.705882352941178, 20.166666666666668, 19.642857142857142, 19.153846153846153, 18.944444444444443, 17.733333333333334, 17.666666666666668, 16.8125, 16.75, 18.181818181818183, 37.38461538461539, 24.166666666666668, 23.5, 21.363636363636363, 20.4, 20.363636363636363, 19.923076923076923, 121.78571428571429, 38.357142857142854, 33.86666666666667, 28.055555555555557, 27.454545454545453, 24.666666666666668, 23.63157894736842, 21.833333333333332, 21.75, 20.125, 19.083333333333332, 18.727272727272727, 18.384615384615383, 17.714285714285715, 25.727272727272727, 22.818181818181817, 22.416666666666668, 21.875, 21.75, 21.75, 21.75, 21.75, 21.083333333333332, 48.54545454545455, 42.166666666666664, 41.84615384615385, 30.0, 28.166666666666668, 20.0, 19.75, 19.75, 19.476190476190474, 19.412371134020617, 19.333333333333332, 18.61111111111111, 18.25, 17.166666666666668, 17.125, 16.454545454545453, 120.84210526315789, 36.22222222222222, 31.615384615384617, 31.583333333333332, 24.071428571428573, 23.76923076923077, 23.333333333333332, 23.333333333333332, 22.4, 21.0, 29.82608695652174, 26.27777777777778, 24.842105263157894, 22.633333333333333, 22.266666666666666, 21.44, 20.576923076923077, 19.5, 18.0, 17.5, 16.846153846153847, 16.666666666666668, 16.666666666666668, 16.5, 16.5, 185.27777777777777, 24.636363636363637, 24.416666666666668, 22.5, 21.545454545454547]
2-2 [19.066666666666666, 13.25, 9.615384615384615, 3.857142857142857, 12.076923076923077, 18.0, 13.933333333333334, 12.65, 19.636363636363637, 13.666666666666666, 14.583333333333334, 20.416666666666668, 12.833333333333334, 11.818181818181818, 12.583333333333334, 13.0, 16.583333333333332, 16.583333333333332, 12.789473684210526, 1.4811320754716981, 14.0, 9.647058823529411, 12.25, 11.714285714285714, 12.384615384615385, 11.38888888888889, 11.8, 16.166666666666668, 14.0, 7.791666666666667, 17.272727272727273, 13.615384615384615, 17.416666666666668, 15.5, 15.818181818181818, 11.866666666666667, 15.818181818181818, 16.23076923076923, 6.035714285714286, 12.428571428571429, 11.2, 9.166666666666666, 13.454545454545455, 15.5, 7.894736842105263, 15.5, 14.166666666666666, 10.5625, 14.25, 17.636363636363637, 12.76923076923077, 13.142857142857142, 11.818181818181818, 13.090909090909092, 13.5, 10.0, 16.5, 10.75, 12.333333333333334, 17.75, 13.666666666666666, 15.181818181818182, 12.166666666666666, 11.153846153846153, 14.933333333333334, 13.083333333333334, 14.0, 13.833333333333334, 10.75, 9.0, 2.6391752577319587, 10.75, 13.555555555555555, 14.083333333333334, 14.0, 10.4375, 15.363636363636363, 14.789473684210526, 2.6825396825396823, 11.846153846153847, 13.5, 17.857142857142858, 14.692307692307692, 13.583333333333334, 13.583333333333334, 10.133333333333333, 14.666666666666666, 6.782608695652174, 10.333333333333334, 11.0, 6.0, 13.466666666666667, 8.12, 8.076923076923077, 12.333333333333334, 12.75, 15.25, 16.23076923076923, 13.666666666666666, 12.5, 13.5, 12.916666666666666, 7.944444444444445, 13.636363636363637, 12.5, 20.666666666666668, 16.818181818181817]
3-1 []
3-2 []
3-3 []
4-1 algo
d: 5 w: 6 k: 1
all [6.5, 7.066666666666666, 14.272727272727273, 6.545454545454546, 5.583333333333333, 5.666666666666667, 6.6, 7.090909090909091, 9.25, 5.75] 

ans 7.432575757575758 

number 0 switch: 2284
number 1 switch: 106
number 2 switch: 0
2-1 [14.25, 9.571428571428571, 9.428571428571429, 9.277777777777779, 9.083333333333334, 7.818181818181818, 7.333333333333333, 7.0, 6.818181818181818, 20.363636363636363, 14.727272727272727, 13.846153846153847, 13.0, 10.8, 9.217391304347826, 8.916666666666666, 7.6, 17.90909090909091, 15.181818181818182, 23.071428571428573, 15.578947368421053, 14.9, 13.0, 10.5, 9.416666666666666, 8.631578947368421, 8.545454545454545, 8.107142857142858, 7.6923076923076925, 7.533333333333333, 7.214285714285714, 7.181818181818182, 7.181818181818182, 7.0, 7.0, 6.933333333333334, 13.166666666666666, 7.416666666666667, 7.3, 6.821428571428571, 6.75, 6.666666666666667, 6.076923076923077, 6.0, 5.75, 5.75, 5.6875, 26.76923076923077, 16.25, 13.944444444444445, 10.958333333333334, 9.263157894736842, 8.076923076923077, 7.8, 6.7, 6.583333333333333, 6.142857142857143, 6.0, 6.0, 5.964285714285714, 5.916666666666667, 5.636363636363637, 5.5, 35.5, 20.9, 11.8, 11.25, 10.75, 9.5, 9.333333333333334, 8.590909090909092, 7.8125, 7.416666666666667, 7.142857142857143, 7.0, 6.824742268041237, 8.222222222222221, 6.818181818181818, 6.75, 16.72222222222222, 9.384615384615385, 8.666666666666666, 8.666666666666666, 8.0, 7.6, 7.4375, 7.266666666666667, 7.083333333333333, 20.5, 10.166666666666666, 10.125, 9.583333333333334, 19.363636363636363, 10.428571428571429, 9.666666666666666, 9.153846153846153, 8.416666666666666, 8.066666666666666, 7.7272727272727275, 7.625, 6.833333333333333, 7.416666666666667, 6.416666666666667, 6.333333333333333, 6.181818181818182, 5.892857142857143]
2-2 [5.25, 1.8571428571428572, 4.142857142857143, 2.6666666666666665, 6.5, 4.454545454545454, 6.0, 3.923076923076923, 4.7272727272727275, 3.909090909090909, 6.181818181818182, 4.076923076923077, 5.666666666666667, 4.066666666666666, 2.5217391304347827, 2.4166666666666665, 7.066666666666666, 14.272727272727273, 4.0, 5.285714285714286, 4.842105263157895, 2.8, 4.416666666666667, 3.8333333333333335, 5.25, 3.6315789473684212, 6.545454545454546, 1.8214285714285714, 4.923076923076923, 4.066666666666666, 1.6071428571428572, 2.409090909090909, 5.7272727272727275, 4.909090909090909, 4.833333333333333, 4.533333333333333, 5.083333333333333, 4.166666666666667, 2.6, 1.6071428571428572, 4.75, 3.3333333333333335, 3.5384615384615383, 3.8333333333333335, 3.6666666666666665, 4.25, 3.875, 4.230769230769231, 4.666666666666667, 3.8333333333333335, 5.5, 3.3684210526315788, 4.0, 2.95, 2.4, 3.8333333333333335, 3.5714285714285716, 3.2, 4.153846153846154, 1.8928571428571428, 3.75, 5.636363636363637, 5.083333333333333, 6.416666666666667, 2.8, 6.6, 3.8125, 5.0, 3.5, 4.166666666666667, 3.0454545454545454, 3.3125, 5.25, 5.142857142857143, 3.6666666666666665, 0.711340206185567, 6.0, 4.636363636363637, 3.25, 1.8888888888888888, 3.6153846153846154, 4.416666666666667, 5.666666666666667, 6.166666666666667, 2.2, 2.75, 2.933333333333333, 4.583333333333333, 3.0, 1.8333333333333333, 4.875, 9.25, 2.909090909090909, 2.25, 4.833333333333333, 3.3846153846153846, 4.75, 2.6, 4.818181818181818, 4.3125, 3.2083333333333335, 5.166666666666667, 4.25, 4.0, 4.818181818181818, 2.0714285714285716]
3-1 []
3-2 []
3-3 []
4-1 algo
d: 5 w: 9 k: 1
all [2.25, 2.6315789473684212, 2.9166666666666665, 2.6875, 2.95, 2.0, 3.090909090909091, 4.2631578947368425, 2.6363636363636362, 3.4166666666666665] 

ans 2.8842842902711325 

number 0 switch: 2276
number 1 switch: 114
number 2 switch: 0
2-1 [12.25, 4.583333333333333, 3.764705882352941, 3.730769230769231, 3.6666666666666665, 3.6, 3.4166666666666665, 3.3333333333333335, 3.2666666666666666, 2.8, 2.5833333333333335, 2.5, 2.25, 2.25, 9.333333333333334, 8.75, 5.2105263157894735, 5.142857142857143, 5.083333333333333, 4.0, 3.6666666666666665, 3.6538461538461537, 3.5, 3.4545454545454546, 3.3214285714285716, 3.2, 2.8, 2.769230769230769, 7.666666666666667, 6.066666666666666, 5.105263157894737, 3.9375, 3.1666666666666665, 3.0833333333333335, 4.5, 4.416666666666667, 4.1, 5.461538461538462, 3.5, 3.375, 3.0, 3.0, 2.9166666666666665, 2.8, 2.769230769230769, 2.7333333333333334, 2.642857142857143, 2.642857142857143, 2.4166666666666665, 2.4166666666666665, 2.4, 2.3846153846153846, 2.3333333333333335, 2.3225806451612905, 2.5833333333333335, 2.25, 2.1875, 2.9375, 4.333333333333333, 4.230769230769231, 4.181818181818182, 3.4615384615384617, 3.3333333333333335, 3.0833333333333335, 5.608695652173913, 5.6, 5.5625, 4.428571428571429, 4.333333333333333, 3.9642857142857144, 3.7857142857142856, 3.3636363636363638, 2.923076923076923, 2.9166666666666665, 2.909090909090909, 2.8461538461538463, 2.8333333333333335, 2.8333333333333335, 2.75, 2.6785714285714284, 2.6666666666666665, 2.5714285714285716, 2.142857142857143, 2.0357142857142856, 10.307692307692308, 6.833333333333333, 6.615384615384615, 4.0, 3.7142857142857144, 3.272727272727273, 3.2333333333333334, 11.866666666666667, 7.157894736842105, 6.258064516129032, 4.8, 4.3125, 3.75, 3.2941176470588234, 3.2222222222222223, 3.2142857142857144, 2.933333333333333, 2.933333333333333, 2.8666666666666667, 2.75, 8.4, 5.555555555555555, 4.642857142857143, 4.166666666666667, 3.9166666666666665, 3.727272727272727, 3.652173913043478, 3.65, 3.6, 3.4166666666666665]
2-2 [0.4642857142857143, 1.75, 1.0588235294117647, 0.8846153846153846, 0.5555555555555556, 1.5, 1.9166666666666667, 1.1666666666666667, 1.0, 1.0, 1.8333333333333333, 1.0714285714285714, 0.9375, 1.25, 2.5, 1.5, 2.6315789473684212, 2.357142857142857, 1.6666666666666667, 1.0833333333333333, 2.0, 2.1538461538461537, 2.3333333333333335, 2.3636363636363638, 0.9285714285714286, 1.4, 1.1, 1.7692307692307692, 1.4166666666666667, 2.066666666666667, 0.7894736842105263, 1.3125, 1.75, 2.0833333333333335, 1.95, 1.5, 1.8, 1.1538461538461537, 0.6785714285714286, 0.4375, 1.7272727272727273, 1.375, 1.5833333333333333, 1.2, 1.4615384615384615, 1.4666666666666666, 0.7142857142857143, 1.1428571428571428, 1.9166666666666667, 1.5, 1.2, 1.6923076923076923, 1.3333333333333333, 0.4838709677419355, 1.75, 0.6428571428571429, 0.9375, 2.6875, 1.8333333333333333, 2.3846153846153846, 1.4545454545454546, 1.8461538461538463, 1.8333333333333333, 2.75, 0.6521739130434783, 1.5333333333333334, 1.0, 0.6428571428571429, 1.9166666666666667, 0.5714285714285714, 1.2857142857142858, 1.6363636363636365, 1.2307692307692308, 1.5833333333333333, 1.9090909090909092, 1.6923076923076923, 1.3333333333333333, 1.2222222222222223, 1.0833333333333333, 0.5357142857142857, 1.75, 0.6428571428571429, 0.5714285714285714, 1.0714285714285714, 0.8461538461538461, 1.0833333333333333, 1.6153846153846154, 0.9375, 2.857142857142857, 3.090909090909091, 0.8, 1.0666666666666667, 4.2631578947368425, 0.4838709677419355, 1.8666666666666667, 1.5, 0.2857142857142857, 0.38235294117647056, 0.5925925925925926, 2.142857142857143, 1.2666666666666666, 2.066666666666667, 0.8666666666666667, 1.25, 1.4, 1.7222222222222223, 1.5, 1.6666666666666667, 1.5833333333333333, 2.0, 0.6086956521739131, 1.95, 2.466666666666667, 1.3333333333333333]
3-1 []
3-2 []
3-3 []
[4.25, 2.4166666666666665, 1.5833333333333333] 244.3.164.210 244.3.164.161
4-1 algo
d: 6 w: 9 k: 1
all [2.090909090909091, 3.0, 2.611111111111111, 2.3333333333333335, 3.090909090909091, 2.5833333333333335, 2.2666666666666666, 3.1818181818181817, 2.0, 2.5789473684210527] 

ans 2.573702817650186 

number 0 switch: 2289
number 1 switch: 100
number 2 switch: 1
2-1 [5.583333333333333, 4.4, 2.875, 2.611111111111111, 2.357142857142857, 2.2903225806451615, 2.0833333333333335, 2.076923076923077, 2.0, 3.5454545454545454, 2.0, 2.0, 1.9166666666666667, 1.9166666666666667, 1.9130434782608696, 1.9, 1.8888888888888888, 3.909090909090909, 2.9166666666666665, 2.8, 2.3125, 2.25, 5.0, 3.7333333333333334, 4.083333333333333, 3.3, 3.1666666666666665, 5.583333333333333, 3.0625, 2.75, 7.166666666666667, 4.25, 4.2, 4.421052631578948, 3.9285714285714284, 3.090909090909091, 3.0, 3.0, 2.6666666666666665, 3.272727272727273, 2.5714285714285716, 2.5, 2.45, 4.583333333333333, 3.909090909090909, 3.8666666666666667, 3.5454545454545454, 9.75, 8.416666666666666, 6.0, 4.75, 4.4, 4.291666666666667, 4.107142857142857, 4.636363636363637, 3.4375, 3.0833333333333335, 3.0357142857142856, 2.9166666666666665, 2.8461538461538463, 2.75, 2.6451612903225805, 8.583333333333334, 6.7272727272727275, 6.5625, 4.0, 3.772727272727273, 3.6666666666666665, 3.4545454545454546, 3.1666666666666665, 3.0, 2.75, 2.5833333333333335, 2.5714285714285716, 2.3846153846153846, 4.857142857142857, 4.333333333333333, 4.266666666666667, 5.866666666666666, 4.166666666666667, 3.6315789473684212, 3.0714285714285716, 2.9166666666666665, 2.4375, 2.3076923076923075, 2.1785714285714284, 3.3333333333333335, 2.090909090909091, 2.0, 5.833333333333333, 5.818181818181818, 5.7368421052631575, 3.6153846153846154, 3.5416666666666665, 2.857142857142857, 2.8333333333333335, 2.7857142857142856, 2.75, 2.6785714285714284, 2.6363636363636362]
2-2 [1.5, 0.9, 1.0625, 1.0, 0.4642857142857143, 0.5483870967741935, 1.25, 1.3846153846153846, 0.42857142857142855, 1.5454545454545454, 1.2, 1.2666666666666666, 0.6666666666666666, 1.6666666666666667, 0.8260869565217391, 0.7, 0.4074074074074074, 2.090909090909091, 1.5, 1.2666666666666666, 0.9375, 1.5833333333333333, 0.5, 2.4, 1.5, 0.55, 1.75, 1.4166666666666667, 0.9375, 1.25, 1.5, 2.3333333333333335, 1.9333333333333333, 1.4736842105263157, 1.2857142857142858, 1.5, 1.6666666666666667, 1.3636363636363635, 1.6111111111111112, 2.272727272727273, 0.42857142857142855, 1.5833333333333333, 1.0, 1.25, 1.2727272727272727, 1.0666666666666667, 3.090909090909091, 0.75, 1.1666666666666667, 2.2142857142857144, 0.625, 0.95, 1.1666666666666667, 0.9285714285714286, 1.3636363636363635, 0.75, 0.5416666666666666, 0.25, 1.5, 1.7692307692307692, 1.25, 0.22580645161290322, 1.0833333333333333, 1.0909090909090908, 1.4375, 2.2666666666666666, 1.6363636363636365, 1.0, 2.090909090909091, 1.75, 2.1818181818181817, 0.5, 1.1666666666666667, 2.2142857142857144, 1.4615384615384615, 1.0714285714285714, 1.6666666666666667, 1.5333333333333334, 1.6, 1.25, 1.2105263157894737, 1.2142857142857142, 1.9166666666666667, 1.0, 1.6153846153846154, 1.2142857142857142, 1.3333333333333333, 1.1818181818181819, 0.41935483870967744, 1.75, 1.8181818181818181, 2.5789473684210527, 1.5384615384615385, 1.0, 0.39285714285714285, 2.1666666666666665, 1.8571428571428572, 0.875, 0.5357142857142857, 1.2272727272727273]
3-1 [4.25]
3-2 [2.4166666666666665]
3-3 [1.5833333333333333]
[19.416666666666668, 15.833333333333334, 15.0] 244.3.4.192 210.218.218.164
4-1 algo
d: 5 w: 3 k: 3
all [18.272727272727273, 18.363636363636363, 20.916666666666668, 22.083333333333332, 19.09090909090909, 15.727272727272727, 20.583333333333332, 23.533333333333335, 17.083333333333332, 29.833333333333332] 

ans 20.548787878787884 

number 0 switch: 2299
number 1 switch: 90
number 2 switch: 1
2-1 [35.5, 25.533333333333335, 21.8, 21.454545454545453, 20.46153846153846, 19.583333333333332, 19.363636363636363, 34.916666666666664, 34.07692307692308, 30.75, 28.5, 25.916666666666668, 26.727272727272727, 25.25, 21.615384615384617, 21.272727272727273, 20.416666666666668, 20.266666666666666, 19.892857142857142, 19.416666666666668, 19.214285714285715, 18.272727272727273, 18.0, 17.9375, 29.933333333333334, 26.375, 21.416666666666668, 21.09090909090909, 78.35714285714286, 43.142857142857146, 34.916666666666664, 32.2, 26.866666666666667, 26.181818181818183, 25.25, 23.416666666666668, 38.916666666666664, 26.533333333333335, 22.333333333333332, 20.916666666666668, 20.90909090909091, 20.5, 20.083333333333332, 19.90909090909091, 19.5, 19.5, 162.07692307692307, 114.1, 26.153846153846153, 22.6, 19.416666666666668, 17.818181818181817, 17.0, 17.0, 16.833333333333332, 16.8, 16.666666666666668, 16.5, 16.0, 15.916666666666666, 15.76923076923077, 24.75, 22.583333333333332, 22.545454545454547, 22.46153846153846, 21.3, 21.181818181818183, 83.29166666666667, 51.92063492063492, 41.84615384615385, 29.933333333333334, 29.26923076923077, 27.545454545454547, 25.818181818181817, 25.285714285714285, 24.0, 30.785714285714285, 23.166666666666668, 21.083333333333332, 20.571428571428573, 20.25, 19.333333333333332, 18.363636363636363, 18.25, 17.583333333333332, 17.5, 17.5, 58.65714285714286, 36.5, 32.63636363636363]
2-2 [14.583333333333334, 13.6, 7.45, 18.272727272727273, 12.692307692307692, 12.416666666666666, 16.454545454545453, 13.833333333333334, 14.692307692307692, 12.583333333333334, 9.9375, 13.333333333333334, 13.454545454545455, 13.333333333333334, 16.384615384615383, 18.363636363636363, 15.666666666666666, 10.8, 6.607142857142857, 13.583333333333334, 11.071428571428571, 14.727272727272727, 11.666666666666666, 9.8125, 10.933333333333334, 10.4375, 14.916666666666666, 15.272727272727273, 5.321428571428571, 10.642857142857142, 12.583333333333334, 10.6, 11.2, 13.181818181818182, 15.0, 12.333333333333334, 15.083333333333334, 10.066666666666666, 16.166666666666668, 14.916666666666666, 19.09090909090909, 13.916666666666666, 17.0, 16.454545454545453, 15.0, 13.5, 11.076923076923077, 9.35, 13.0, 11.133333333333333, 13.5, 14.818181818181818, 6.7, 14.75, 14.333333333333334, 11.133333333333333, 13.333333333333334, 13.285714285714286, 14.166666666666666, 14.333333333333334, 13.153846153846153, 14.666666666666666, 20.583333333333332, 16.454545454545453, 13.923076923076923, 7.65, 14.181818181818182, 20.625, 3.2698412698412698, 13.0, 23.533333333333335, 10.692307692307692, 13.454545454545455, 14.272727272727273, 10.714285714285714, 10.466666666666667, 12.928571428571429, 13.416666666666666, 13.916666666666666, 11.928571428571429, 13.833333333333334, 14.0, 15.727272727272727, 13.416666666666666, 17.083333333333332, 14.333333333333334, 15.25, 4.142857142857143, 16.75, 14.636363636363637]
3-1 [19.416666666666668]
3-2 [15.833333333333334]
3-3 [15.0]
[10.416666666666666, 7.166666666666667, 5.833333333333333] 41.177.241.254 41.177.241.176
[7.5, 6.25, 5.583333333333333] 41.177.155.41 210.218.218.164
4-1 algo
d: 5 w: 6 k: 3
all [5.6875, 5.733333333333333, 7.090909090909091, 6.545454545454546, 6.818181818181818, 7.083333333333333, 6.636363636363637, 6.666666666666667, 5.818181818181818, 5.846153846153846] 

ans 6.392607808857809 

number 0 switch: 2270
number 1 switch: 118
number 2 switch: 2
2-1 [30.583333333333332, 21.333333333333332, 16.366666666666667, 12.5, 8.76923076923077, 8.571428571428571, 8.272727272727273, 7.25, 7.1, 7.083333333333333, 6.866666666666666, 6.607142857142857, 6.4, 6.333333333333333, 6.2, 6.166666666666667, 6.071428571428571, 5.875, 5.875, 10.428571428571429, 8.583333333333334, 8.571428571428571, 8.25, 7.1, 6.75, 6.666666666666667, 6.285714285714286, 13.181818181818182, 10.357142857142858, 9.583333333333334, 8.217391304347826, 8.090909090909092, 7.833333333333333, 7.4, 7.333333333333333, 7.25, 21.928571428571427, 12.833333333333334, 11.0, 8.6, 8.421052631578947, 8.0, 7.909090909090909, 7.153846153846154, 7.0, 12.75, 11.464285714285714, 10.05, 9.571428571428571, 9.363636363636363, 8.571428571428571, 8.535714285714286, 8.4375, 16.041666666666668, 15.55, 12.9375, 12.25, 11.38888888888889, 11.083333333333334, 9.6875, 8.5, 8.454545454545455, 8.052631578947368, 7.6, 7.4, 8.166666666666666, 7.130434782608695, 7.32, 7.214285714285714, 6.9375, 6.76, 25.0, 14.541666666666666, 13.833333333333334, 13.75, 11.714285714285714, 10.272727272727273, 8.153846153846153, 8.090909090909092, 7.75, 7.666666666666667, 7.611111111111111, 7.416666666666667, 7.083333333333333, 6.818181818181818, 6.666666666666667, 14.6, 11.833333333333334, 10.666666666666666, 9.545454545454545, 9.083333333333334, 9.0, 8.884615384615385, 7.8125, 7.615384615384615, 7.333333333333333, 7.2727272727272725, 7.166666666666667, 7.071428571428571, 8.333333333333334, 6.533333333333333, 6.153846153846154, 6.15, 6.052631578947368, 5.833333333333333, 13.166666666666666, 8.870967741935484, 9.466666666666667, 9.363636363636363, 8.083333333333334, 7.875, 7.083333333333333, 7.0, 6.416666666666667, 6.035714285714286, 6.0, 6.0, 5.916666666666667]
2-2 [4.25, 3.5, 2.8333333333333335, 2.9166666666666665, 4.153846153846154, 2.107142857142857, 5.2727272727272725, 4.75, 4.2, 4.583333333333333, 3.8, 1.6785714285714286, 4.4, 4.166666666666667, 4.266666666666667, 5.333333333333333, 4.857142857142857, 2.9375, 2.375, 3.0, 3.5, 4.214285714285714, 4.083333333333333, 1.75, 4.25, 4.733333333333333, 1.7857142857142858, 3.0, 4.571428571428571, 2.5416666666666665, 2.0434782608695654, 7.090909090909091, 4.333333333333333, 3.2, 3.5555555555555554, 2.75, 4.071428571428571, 5.25, 4.25, 1.3428571428571427, 2.789473684210526, 5.166666666666667, 4.909090909090909, 4.6923076923076925, 2.7777777777777777, 6.0, 1.4285714285714286, 3.1, 3.0476190476190474, 5.818181818181818, 1.8571428571428572, 2.25, 4.375, 4.166666666666667, 2.4, 3.0, 7.083333333333333, 2.6666666666666665, 4.416666666666667, 3.25, 4.055555555555555, 4.454545454545454, 3.526315789473684, 3.8, 3.933333333333333, 4.75, 1.608695652173913, 2.0, 6.214285714285714, 1.9375, 1.84, 3.4166666666666665, 5.458333333333333, 3.0, 2.15, 5.0, 4.636363636363637, 4.076923076923077, 4.181818181818182, 6.666666666666667, 4.583333333333333, 3.2777777777777777, 3.4166666666666665, 4.333333333333333, 4.090909090909091, 4.0, 2.466666666666667, 5.25, 2.1, 3.909090909090909, 4.833333333333333, 2.6315789473684212, 2.8461538461538463, 3.0, 4.0, 4.833333333333333, 5.818181818181818, 5.166666666666667, 2.0357142857142856, 4.888888888888889, 3.4, 3.923076923076923, 4.5, 4.7894736842105265, 3.1666666666666665, 4.25, 2.129032258064516, 5.6, 5.818181818181818, 4.75, 2.875, 5.666666666666667, 1.9130434782608696, 5.25, 2.107142857142857, 4.25, 2.5384615384615383, 4.583333333333333]
3-1 [10.416666666666666, 7.5]
3-2 [7.166666666666667, 6.25]
3-3 [5.833333333333333, 5.583333333333333]
4-1 algo
d: 5 w: 9 k: 3
all [2.466666666666667, 3.1818181818181817, 4.666666666666667, 2.625, 2.25, 3.3333333333333335, 2.6875, 2.272727272727273, 3.0833333333333335, 2.9166666666666665] 

ans 2.948371212121212 

number 0 switch: 2290
number 1 switch: 100
number 2 switch: 0
2-1 [7.285714285714286, 4.909090909090909, 3.3333333333333335, 3.3157894736842106, 3.2666666666666666, 3.2, 3.107142857142857, 3.0, 3.0, 2.7333333333333334, 2.72, 2.5833333333333335, 2.5555555555555554, 13.363636363636363, 11.678571428571429, 10.3, 6.166666666666667, 5.214285714285714, 4.5, 4.25, 3.8666666666666667, 3.8181818181818183, 3.5714285714285716, 3.4166666666666665, 4.818181818181818, 4.75, 5.75, 4.5, 4.071428571428571, 3.4, 3.1538461538461537, 3.090909090909091, 3.0, 2.9375, 2.9166666666666665, 2.7142857142857144, 9.31578947368421, 4.4375, 4.230769230769231, 4.090909090909091, 4.0, 3.642857142857143, 3.4166666666666665, 3.2666666666666666, 3.0833333333333335, 2.6666666666666665, 2.75, 2.6363636363636362, 2.5, 2.380952380952381, 2.3333333333333335, 2.3333333333333335, 5.3478260869565215, 4.153846153846154, 3.9166666666666665, 3.9166666666666665, 3.8, 10.11111111111111, 4.357142857142857, 3.9166666666666665, 3.375, 3.3529411764705883, 3.3125, 3.5384615384615383, 3.25, 3.0833333333333335, 3.0714285714285716, 2.9285714285714284, 4.833333333333333, 2.8666666666666667, 2.8666666666666667, 3.272727272727273, 2.75, 2.8333333333333335, 10.5, 4.75, 3.75, 3.1666666666666665, 3.1666666666666665, 3.0833333333333335, 3.0, 2.727272727272727, 2.6923076923076925, 2.3181818181818183, 7.818181818181818, 6.142857142857143, 4.625, 4.043478260869565, 3.7916666666666665, 3.5833333333333335, 3.4545454545454546, 3.2142857142857144, 3.0833333333333335, 3.5, 4.583333333333333, 3.923076923076923, 3.9, 3.769230769230769, 3.4285714285714284, 3.4]
2-2 [2.142857142857143, 1.8181818181818181, 1.5, 1.894736842105263, 1.6, 0.95, 0.6785714285714286, 1.5, 0.9230769230769231, 2.466666666666667, 1.08, 1.25, 1.0555555555555556, 1.4545454545454546, 0.7142857142857143, 0.6, 1.5, 1.2142857142857142, 1.5, 1.5, 0.8, 2.4545454545454546, 2.0714285714285716, 2.0, 2.0, 1.25, 1.5833333333333333, 1.15, 0.5357142857142857, 0.8, 2.0, 1.7272727272727273, 0.6785714285714286, 2.625, 1.75, 0.75, 1.0, 1.1875, 1.6153846153846154, 1.3636363636363635, 1.75, 1.8928571428571428, 1.6666666666666667, 0.9333333333333333, 1.6666666666666667, 2.25, 1.75, 1.7272727272727273, 1.6666666666666667, 1.0, 2.0, 1.5, 0.5652173913043478, 1.1538461538461537, 3.3333333333333335, 1.5833333333333333, 1.0666666666666667, 0.9444444444444444, 1.2142857142857142, 1.5, 1.7083333333333333, 0.8823529411764706, 2.6875, 1.3846153846153846, 0.8125, 1.25, 0.7142857142857143, 1.5, 1.3333333333333333, 1.3333333333333333, 2.4, 1.8181818181818181, 1.8333333333333333, 1.9166666666666667, 1.75, 1.75, 1.5, 2.0, 1.6666666666666667, 1.6666666666666667, 1.0, 1.2727272727272727, 1.3846153846153846, 1.3636363636363635, 1.9090909090909092, 0.5357142857142857, 1.3125, 1.0, 0.9166666666666666, 1.75, 2.4545454545454546, 0.5, 1.5833333333333333, 1.5833333333333333, 2.0833333333333335, 1.4615384615384615, 0.8, 1.9230769230769231, 0.9714285714285714, 2.1333333333333333]
3-1 []
3-2 []
3-3 []
[3.0, 2.125, 1.5625] 41.177.26.176 68.188.213.144
[4.666666666666667, 2.9166666666666665, 2.9166666666666665] 244.3.210.197 77.197.210.51
[4.454545454545454, 2.4545454545454546, 2.1818181818181817] 244.3.176.149 41.177.3.224
4-1 algo
d: 6 w: 9 k: 3
all [2.5454545454545454, 3.533333333333333, 2.611111111111111, 2.75, 2.0, 3.2222222222222223, 2.0, 2.9166666666666665, 2.0833333333333335, 2.95] 

ans 2.661212121212121 

number 0 switch: 2291
number 1 switch: 96
number 2 switch: 3
2-1 [4.25, 3.8333333333333335, 3.7333333333333334, 3.563380281690141, 3.3333333333333335, 3.3333333333333335, 3.1875, 3.0833333333333335, 3.0833333333333335, 3.076923076923077, 2.8, 2.5833333333333335, 6.0, 4.823529411764706, 4.133333333333334, 4.0, 4.666666666666667, 4.25, 3.7857142857142856, 3.607142857142857, 3.5833333333333335, 3.4615384615384617, 3.1666666666666665, 3.0, 2.6666666666666665, 2.625, 3.9166666666666665, 3.2857142857142856, 3.05, 3.25, 2.75, 13.0, 7.285714285714286, 4.416666666666667, 3.8181818181818183, 2.7142857142857144, 2.5, 2.0, 11.75, 8.272727272727273, 5.888888888888889, 5.083333333333333, 4.857142857142857, 4.769230769230769, 3.6875, 3.4, 6.142857142857143, 5.25, 5.230769230769231, 4.0625, 3.5714285714285716, 3.25, 3.066666666666667, 2.6666666666666665, 2.2857142857142856, 2.1666666666666665, 2.0, 4.583333333333333, 4.0, 3.8214285714285716, 3.3125, 2.8333333333333335, 2.828125, 2.8125, 2.8333333333333335, 2.6, 2.5, 2.4166666666666665, 2.40625, 2.392857142857143, 2.3333333333333335, 5.076923076923077, 4.2631578947368425, 3.8, 3.4615384615384617, 3.1666666666666665, 2.95, 2.727272727272727, 2.7, 2.6363636363636362, 2.5833333333333335, 2.5833333333333335, 2.5625, 2.5384615384615383, 2.1785714285714284, 2.0833333333333335, 7.083333333333333, 6.846153846153846, 4.071428571428571, 3.764705882352941, 3.5, 3.5, 3.1666666666666665, 3.1333333333333333, 3.0357142857142856, 2.9523809523809526]
2-2 [1.5, 1.5, 1.3333333333333333, 0.2535211267605634, 1.1666666666666667, 1.5833333333333333, 0.9375, 0.7916666666666666, 1.75, 1.0769230769230769, 0.6666666666666666, 1.25, 0.7272727272727273, 0.9411764705882353, 3.533333333333333, 1.25, 1.3333333333333333, 0.5357142857142857, 0.5714285714285714, 0.6071428571428571, 2.4166666666666665, 1.3846153846153846, 1.25, 1.1666666666666667, 1.6666666666666667, 1.0625, 1.25, 0.38095238095238093, 1.65, 2.75, 0.625, 1.5833333333333333, 1.1428571428571428, 1.5, 1.4545454545454546, 0.4642857142857143, 1.1666666666666667, 0.9333333333333333, 1.5833333333333333, 1.6363636363636365, 3.2222222222222223, 1.4166666666666667, 1.9285714285714286, 1.2307692307692308, 1.3125, 0.95, 1.3214285714285714, 1.3333333333333333, 1.1538461538461537, 0.875, 0.75, 1.5, 1.8666666666666667, 1.8333333333333333, 1.1428571428571428, 1.6666666666666667, 1.2727272727272727, 1.3333333333333333, 0.75, 0.6071428571428571, 0.9375, 1.1666666666666667, 0.28125, 1.25, 1.8333333333333333, 0.84, 1.75, 1.6666666666666667, 0.59375, 0.6071428571428571, 1.4166666666666667, 1.5384615384615385, 0.8947368421052632, 1.0, 1.8461538461538463, 1.1666666666666667, 0.95, 1.6363636363636365, 0.7, 1.5454545454545454, 1.4166666666666667, 2.0833333333333335, 1.0, 1.4615384615384615, 1.0714285714285714, 1.4166666666666667, 1.5833333333333333, 1.3846153846153846, 0.5357142857142857, 1.2352941176470589, 0.5769230769230769, 0.6428571428571429, 1.6666666666666667, 0.9333333333333333, 0.5357142857142857, 0.8095238095238095]
3-1 [3.0, 4.666666666666667, 4.454545454545454]
3-2 [2.125, 2.9166666666666665, 2.4545454545454546]
3-3 [1.5625, 2.9166666666666665, 2.1818181818181817]
[20.0, 18.416666666666668, 17.75] 41.177.83.214 210.218.218.164
4-1 algo
d: 5 w: 3 k: 5
all [21.5, 18.333333333333332, 19.0, 18.363636363636363, 18.416666666666668, 20.083333333333332, 19.25, 18.833333333333332, 17.583333333333332, 17.416666666666668] 

ans 18.878030303030304 

number 0 switch: 2286
number 1 switch: 103
number 2 switch: 1
2-1 [151.07142857142858, 37.90909090909091, 33.45454545454545, 28.583333333333332, 28.0, 26.1875, 25.0, 35.333333333333336, 29.583333333333332, 21.90909090909091, 21.666666666666668, 21.666666666666668, 21.666666666666668, 21.428571428571427, 21.25, 18.818181818181817, 125.375, 27.833333333333332, 27.65, 26.181818181818183, 22.653846153846153, 20.818181818181817, 20.0, 19.5, 19.5, 19.166666666666668, 55.4, 30.833333333333332, 27.454545454545453, 27.1, 23.928571428571427, 23.916666666666668, 23.916666666666668, 21.857142857142858, 21.03846153846154, 20.0, 19.642857142857142, 19.444444444444443, 18.571428571428573, 28.066666666666666, 28.0, 26.25, 26.076923076923077, 22.3125, 21.76923076923077, 21.545454545454547, 20.833333333333332, 20.0, 19.916666666666668, 19.714285714285715, 19.666666666666668, 19.4375, 18.526315789473685, 91.45454545454545, 76.44444444444444, 36.36363636363637, 33.61538461538461, 23.1875, 23.09090909090909, 22.933333333333334, 21.833333333333332, 21.166666666666668, 20.63157894736842, 74.84615384615384, 25.083333333333332, 24.75, 23.833333333333332, 23.583333333333332, 23.583333333333332, 22.4, 21.333333333333332, 19.384615384615383, 46.27272727272727, 32.388888888888886, 28.933333333333334, 26.75, 24.333333333333332, 22.928571428571427, 21.0, 20.75, 19.545454545454547, 19.363636363636363, 19.25, 19.083333333333332, 46.36363636363637, 34.75, 24.083333333333332, 24.083333333333332, 23.75, 23.055555555555557, 21.90909090909091, 21.833333333333332, 20.714285714285715, 20.615384615384617, 20.363636363636363, 19.46153846153846, 34.125, 24.181818181818183, 20.333333333333332, 19.083333333333332, 18.75, 18.166666666666668, 18.0]
2-2 [13.928571428571429, 13.909090909090908, 14.818181818181818, 12.833333333333334, 9.133333333333333, 10.8125, 6.4, 13.75, 13.416666666666666, 14.0, 13.583333333333334, 13.75, 13.416666666666666, 15.071428571428571, 15.5, 13.727272727272727, 10.0625, 14.5, 2.4875, 14.545454545454545, 8.461538461538462, 15.454545454545455, 16.416666666666668, 13.75, 14.25, 13.25, 5.285714285714286, 8.944444444444445, 15.818181818181818, 8.8, 15.357142857142858, 14.75, 13.583333333333334, 6.464285714285714, 12.038461538461538, 14.75, 12.5, 8.555555555555555, 5.071428571428571, 9.933333333333334, 8.166666666666666, 10.4375, 12.307692307692308, 9.25, 11.23076923076923, 14.454545454545455, 12.25, 13.833333333333334, 15.166666666666666, 15.642857142857142, 15.166666666666666, 9.8125, 9.210526315789474, 9.818181818181818, 5.925925925925926, 16.09090909090909, 11.307692307692308, 11.625, 15.727272727272727, 12.066666666666666, 13.777777777777779, 14.583333333333334, 8.894736842105264, 13.0, 10.75, 15.583333333333334, 19.25, 14.75, 12.666666666666666, 12.133333333333333, 10.75, 12.076923076923077, 18.09090909090909, 9.5, 11.266666666666667, 11.5, 16.416666666666668, 14.357142857142858, 13.538461538461538, 15.0, 16.454545454545453, 15.727272727272727, 13.75, 18.833333333333332, 14.727272727272727, 13.916666666666666, 16.0, 11.916666666666666, 15.416666666666666, 14.61111111111111, 7.954545454545454, 17.583333333333332, 15.571428571428571, 10.461538461538462, 14.545454545454545, 14.0, 8.75, 11.818181818181818, 13.666666666666666, 17.416666666666668, 13.833333333333334, 13.083333333333334, 13.615384615384615]
3-1 [20.0]
3-2 [18.416666666666668]
3-3 [17.75]
[7.7272727272727275, 5.909090909090909, 5.636363636363637] 244.3.176.149 41.177.3.224
4-1 algo
d: 5 w: 6 k: 5
all [6.181818181818182, 5.416666666666667, 6.6, 6.785714285714286, 6.454545454545454, 8.083333333333334, 8.6, 5.75, 5.833333333333333, 6.75] 

ans 6.6455411255411265 

number 0 switch: 2277
number 1 switch: 112
number 2 switch: 1
2-1 [155.0, 28.666666666666668, 12.833333333333334, 12.625, 9.96875, 11.266666666666667, 9.583333333333334, 8.090909090909092, 7.685714285714286, 6.384615384615385, 14.333333333333334, 10.333333333333334, 9.785714285714286, 8.26923076923077, 7.6875, 7.5, 7.5, 7.333333333333333, 6.833333333333333, 6.444444444444445, 6.115384615384615, 6.0, 5.928571428571429, 5.846153846153846, 5.75, 5.642857142857143, 5.461538461538462, 5.636363636363637, 13.130434782608695, 9.0, 8.909090909090908, 8.5, 8.363636363636363, 8.333333333333334, 8.083333333333334, 7.458333333333333, 7.0, 7.6, 26.333333333333332, 22.583333333333332, 16.346153846153847, 13.15, 13.1, 12.166666666666666, 9.75, 9.25, 8.833333333333334, 7.9523809523809526, 7.583333333333333, 7.545454545454546, 7.545454545454546, 7.066666666666666, 9.466666666666667, 8.909090909090908, 8.5625, 7.285714285714286, 7.095238095238095, 7.153846153846154, 6.916666666666667, 6.916666666666667, 7.166666666666667, 6.666666666666667, 6.666666666666667, 6.538461538461538, 6.5, 14.0, 10.681818181818182, 10.214285714285714, 9.363636363636363, 8.333333333333334, 20.916666666666668, 10.666666666666666, 10.583333333333334, 9.8, 8.833333333333334, 8.625, 22.90909090909091, 16.333333333333332, 15.333333333333334, 10.75, 9.916666666666666, 9.583333333333334, 8.583333333333334, 8.434782608695652, 7.538461538461538, 7.25, 6.5, 6.35, 6.233333333333333, 5.916666666666667, 5.857142857142857, 22.666666666666668, 11.5, 9.727272727272727, 8.75, 7.114285714285714, 7.0, 7.0, 6.166666666666667, 6.083333333333333, 5.833333333333333, 5.555555555555555, 6.0, 14.384615384615385, 14.25, 12.583333333333334, 9.272727272727273, 8.666666666666666, 7.52, 7.5, 7.166666666666667, 7.076923076923077]
2-2 [4.0, 3.3333333333333335, 2.8333333333333335, 1.4583333333333333, 0.734375, 2.6666666666666665, 4.583333333333333, 3.909090909090909, 2.5714285714285716, 4.230769230769231, 5.25, 5.25, 3.7857142857142856, 1.8461538461538463, 4.0625, 3.3125, 4.0, 4.833333333333333, 4.25, 3.6666666666666665, 1.8846153846153846, 2.5384615384615383, 4.428571428571429, 4.3076923076923075, 4.25, 2.9642857142857144, 4.923076923076923, 4.818181818181818, 2.4782608695652173, 3.0, 5.909090909090909, 5.0, 5.090909090909091, 5.0, 4.25, 2.3333333333333335, 1.3333333333333333, 2.85, 4.333333333333333, 4.333333333333333, 2.8846153846153846, 4.05, 2.3, 5.083333333333333, 5.0, 4.333333333333333, 4.416666666666667, 3.0, 4.916666666666667, 4.454545454545454, 3.3636363636363638, 3.6, 4.0, 5.0, 4.3125, 4.857142857142857, 2.619047619047619, 4.076923076923077, 4.416666666666667, 6.416666666666667, 4.833333333333333, 4.866666666666666, 6.166666666666667, 4.769230769230769, 3.1666666666666665, 4.333333333333333, 2.4545454545454546, 1.3571428571428572, 4.2727272727272725, 3.066666666666667, 5.5, 3.9166666666666665, 4.416666666666667, 3.3333333333333335, 4.833333333333333, 2.75, 4.7272727272727275, 4.25, 3.25, 2.85, 5.75, 4.833333333333333, 5.25, 2.0869565217391304, 3.769230769230769, 4.5, 5.0, 2.75, 1.5666666666666667, 5.083333333333333, 1.8571428571428572, 4.5, 4.916666666666667, 2.8181818181818183, 4.5, 2.2285714285714286, 4.666666666666667, 4.916666666666667, 4.416666666666667, 4.75, 5.833333333333333, 3.6666666666666665, 4.416666666666667, 3.3076923076923075, 1.9285714285714286, 4.583333333333333, 4.7272727272727275, 3.6666666666666665, 2.36, 4.5, 6.75, 4.538461538461538]
3-1 [7.7272727272727275]
3-2 [5.909090909090909]
3-3 [5.636363636363637]
[3.5, 3.0833333333333335, 2.3333333333333335] 41.177.83.194 210.218.218.164
[3.0, 2.5454545454545454, 2.1818181818181817] 244.3.176.149 41.177.3.224
4-1 algo
d: 5 w: 9 k: 5
all [2.6666666666666665, 2.5, 2.5, 2.909090909090909, 2.5, 2.5833333333333335, 4.928571428571429, 7.416666666666667, 2.727272727272727, 3.857142857142857] 

ans 3.458874458874459 

number 0 switch: 2286
number 1 switch: 102
number 2 switch: 2
2-1 [17.083333333333332, 4.733333333333333, 4.0, 3.7142857142857144, 3.5833333333333335, 3.5, 3.3684210526315788, 3.0833333333333335, 3.0, 2.9523809523809526, 2.85, 2.8333333333333335, 2.7333333333333334, 2.6666666666666665, 7.071428571428571, 5.833333333333333, 5.25, 4.769230769230769, 4.238095238095238, 3.4375, 3.0714285714285716, 4.666666666666667, 3.05, 2.8333333333333335, 2.769230769230769, 2.7222222222222223, 2.5945945945945947, 2.5714285714285716, 2.526315789473684, 8.642857142857142, 6.95, 4.666666666666667, 4.5, 4.0, 3.88, 3.75, 3.6666666666666665, 3.357142857142857, 3.3333333333333335, 3.1818181818181817, 3.0, 2.9642857142857144, 2.9166666666666665, 2.75, 2.75, 2.727272727272727, 2.5454545454545454, 2.5, 7.285714285714286, 5.882352941176471, 5.5, 4.909090909090909, 3.782608695652174, 3.4166666666666665, 3.3125, 3.0625, 3.0, 3.0, 3.25, 9.166666666666666, 6.0, 4.461538461538462, 4.5, 3.5833333333333335, 3.5, 3.392857142857143, 2.9375, 2.933333333333333, 2.6666666666666665, 2.5833333333333335, 2.5833333333333335, 2.5714285714285716, 5.916666666666667, 5.230769230769231, 4.75, 4.25, 3.4516129032258065, 3.3333333333333335, 3.2777777777777777, 3.25, 3.125, 2.909090909090909, 2.6538461538461537, 11.666666666666666, 9.166666666666666, 6.0, 4.5, 4.5, 4.5, 4.3, 3.4285714285714284, 3.375, 3.3333333333333335, 3.0, 3.0, 2.8333333333333335, 2.769230769230769, 11.214285714285714, 6.214285714285714, 5.166666666666667, 4.642857142857143, 4.333333333333333]
2-2 [1.75, 2.466666666666667, 1.7272727272727273, 0.39285714285714285, 1.4166666666666667, 1.3333333333333333, 1.263157894736842, 2.6666666666666665, 0.6129032258064516, 1.1904761904761905, 1.05, 2.25, 1.0666666666666667, 2.2, 0.9285714285714286, 1.6666666666666667, 1.4166666666666667, 2.4615384615384617, 0.8571428571428571, 1.6875, 0.6071428571428571, 1.75, 1.25, 1.5833333333333333, 1.3846153846153846, 0.5555555555555556, 0.6216216216216216, 0.7857142857142857, 1.5263157894736843, 1.5714285714285714, 0.55, 1.5, 1.5833333333333333, 1.0714285714285714, 0.68, 1.1, 2.4, 0.6071428571428571, 1.3333333333333333, 1.7272727272727273, 1.6666666666666667, 0.8214285714285714, 2.25, 1.5833333333333333, 2.5, 2.272727272727273, 1.9090909090909092, 2.25, 1.0, 0.6470588235294118, 1.4285714285714286, 1.8181818181818181, 0.6086956521739131, 1.8333333333333333, 1.1875, 1.4375, 2.909090909090909, 1.2727272727272727, 1.4166666666666667, 1.9166666666666667, 1.5833333333333333, 1.5384615384615385, 1.1111111111111112, 1.5, 2.0, 0.9642857142857143, 1.125, 1.1333333333333333, 1.0833333333333333, 1.6666666666666667, 1.5, 1.1428571428571428, 1.8333333333333333, 1.5384615384615385, 1.0833333333333333, 0.625, 0.5806451612903226, 1.2, 1.8888888888888888, 1.4166666666666667, 1.125, 1.9090909090909092, 0.9230769230769231, 1.1111111111111112, 1.4166666666666667, 1.5833333333333333, 1.6666666666666667, 1.6666666666666667, 1.8333333333333333, 1.2, 2.2857142857142856, 1.6875, 1.4, 1.5833333333333333, 2.727272727272727, 1.5833333333333333, 1.4615384615384615, 3.857142857142857, 0.5357142857142857, 3.75, 1.5, 1.0]
3-1 [3.5, 3.0]
3-2 [3.0833333333333335, 2.5454545454545454]
3-3 [2.3333333333333335, 2.1818181818181817]
[4.333333333333333, 2.8333333333333335, 2.0833333333333335] 41.177.24.188 210.218.218.164
[5.166666666666667, 2.4166666666666665, 2.3333333333333335] 41.177.26.176 77.197.128.142
[6.5, 3.1666666666666665, 2.1666666666666665] 244.3.160.41 210.218.218.164
[2.3333333333333335, 2.3333333333333335, 1.5] 41.177.161.164 210.218.218.164
4-1 algo
d: 6 w: 9 k: 5
all [2.1666666666666665, 2.3333333333333335, 2.5, 2.1666666666666665, 4.785714285714286, 2.6363636363636362, 1.8333333333333333, 2.5833333333333335, 2.857142857142857, 3.0833333333333335] 

ans 2.6945887445887444 

number 0 switch: 2290
number 1 switch: 96
number 2 switch: 4
2-1 [4.363636363636363, 4.133333333333334, 3.75, 3.2142857142857144, 3.142857142857143, 2.9166666666666665, 2.8421052631578947, 2.7857142857142856, 2.9166666666666665, 2.6153846153846154, 4.25, 2.4375, 2.4, 2.3, 2.2, 7.333333333333333, 3.875, 3.8333333333333335, 3.4615384615384617, 3.107142857142857, 2.8666666666666667, 2.625, 6.133333333333334, 3.8421052631578947, 3.6153846153846154, 3.1875, 2.857142857142857, 2.8333333333333335, 2.75, 2.75, 2.6785714285714284, 5.25, 3.5625, 3.3333333333333335, 3.0714285714285716, 3.0714285714285716, 2.7777777777777777, 2.75, 2.5, 2.8333333333333335, 2.25, 2.1818181818181817, 2.1666666666666665, 24.0, 6.071428571428571, 5.333333333333333, 4.636363636363637, 3.6666666666666665, 3.5, 3.0, 2.9545454545454546, 2.642857142857143, 5.125, 4.5, 4.666666666666667, 4.384615384615385, 3.8333333333333335, 3.75, 3.7142857142857144, 3.5833333333333335, 3.5625, 3.25, 3.1666666666666665, 2.7083333333333335, 2.3214285714285716, 2.1875, 2.0625, 2.3333333333333335, 1.9166666666666667, 1.875, 15.333333333333334, 4.375, 4.285714285714286, 4.230769230769231, 3.8333333333333335, 2.9166666666666665, 2.9166666666666665, 2.6875, 2.6666666666666665, 2.75, 2.618556701030928, 8.416666666666666, 4.642857142857143, 4.428571428571429, 3.125, 3.0833333333333335, 3.033333333333333, 4.545454545454546, 2.9285714285714284, 8.75, 4.461538461538462, 4.0, 3.9166666666666665, 3.4545454545454546, 3.4166666666666665, 3.4]
2-2 [1.5454545454545454, 1.7333333333333334, 1.8333333333333333, 1.4285714285714286, 0.6428571428571429, 1.9166666666666667, 1.3157894736842106, 0.7142857142857143, 1.4166666666666667, 0.5, 1.6666666666666667, 0.6875, 1.4, 1.45, 0.6666666666666666, 1.3333333333333333, 1.0, 1.0, 1.5384615384615385, 0.5, 2.066666666666667, 1.125, 1.8, 1.4210526315789473, 1.0384615384615385, 1.0, 2.4285714285714284, 1.4166666666666667, 1.5, 1.1666666666666667, 0.39285714285714285, 0.6875, 0.875, 0.9333333333333333, 0.6428571428571429, 0.5357142857142857, 0.9444444444444444, 0.85, 1.1666666666666667, 1.3333333333333333, 1.5833333333333333, 1.7272727272727273, 1.4166666666666667, 1.25, 4.785714285714286, 1.5833333333333333, 1.4545454545454546, 1.5, 1.25, 2.6363636363636362, 2.0454545454545454, 0.5, 0.875, 1.4166666666666667, 1.8333333333333333, 1.1538461538461537, 1.0833333333333333, 1.75, 1.2142857142857142, 1.4166666666666667, 1.25, 0.5357142857142857, 1.1666666666666667, 0.7916666666666666, 0.5, 1.6875, 1.25, 1.1666666666666667, 1.3333333333333333, 1.125, 1.0555555555555556, 0.75, 0.9047619047619048, 1.3846153846153846, 1.6666666666666667, 1.5, 1.5, 1.625, 1.5, 1.75, 0.41237113402061853, 0.9166666666666666, 0.4642857142857143, 1.9285714285714286, 0.5, 1.75, 1.0333333333333334, 1.3636363636363635, 0.4642857142857143, 1.1666666666666667, 1.0769230769230769, 1.4166666666666667, 2.3333333333333335, 1.6363636363636365, 1.1666666666666667, 1.1333333333333333]
3-1 [4.333333333333333, 5.166666666666667, 6.5, 2.3333333333333335]
3-2 [2.8333333333333335, 2.4166666666666665, 3.1666666666666665, 2.3333333333333335]
3-3 [2.0833333333333335, 2.3333333333333335, 2.1666666666666665, 1.5]
