4-2 algo
d: 5 w: 3 k: 1
all [30.25, 38.90909090909091, 30.818181818181817, 28.636363636363637, 36.416666666666664, 30.545454545454547, 31.75, 37.54545454545455, 36.666666666666664, 28.181818181818183] 

ans 32.9719696969697 

number 0 switch: 2299
number 1 switch: 91
number 2 switch: 0
2-1 [49.75, 42.72727272727273, 42.69230769230769, 40.5, 37.36363636363637, 35.083333333333336, 35.083333333333336, 34.166666666666664, 33.0, 32.61538461538461, 31.25, 31.545454545454547, 30.636363636363637, 30.285714285714285, 48.90909090909091, 39.36363636363637, 148.2, 41.416666666666664, 40.266666666666666, 39.45454545454545, 36.46153846153846, 34.833333333333336, 32.833333333333336, 32.416666666666664, 31.75, 31.5, 31.153846153846153, 30.0, 30.0, 30.083333333333332, 30.0, 30.818181818181817, 77.75, 61.666666666666664, 42.30769230769231, 30.583333333333332, 30.0, 30.0, 31.083333333333332, 29.416666666666668, 29.181818181818183, 28.833333333333332, 55.45454545454545, 39.72727272727273, 39.27272727272727, 38.0, 38.0, 36.46153846153846, 42.583333333333336, 38.833333333333336, 37.13333333333333, 35.52, 35.416666666666664, 35.0, 33.86666666666667, 33.583333333333336, 32.76923076923077, 31.6875, 31.583333333333332, 31.416666666666668, 31.142857142857142, 30.5, 50.875, 41.06666666666667, 32.5, 32.5, 32.166666666666664, 40.93333333333333, 39.09090909090909, 38.0, 42.083333333333336, 39.916666666666664, 39.916666666666664, 37.583333333333336, 37.583333333333336, 37.53333333333333, 40.27272727272727, 36.416666666666664, 34.375, 33.27777777777778, 32.583333333333336, 32.15384615384615, 30.416666666666668, 29.583333333333332, 29.916666666666668, 29.583333333333332, 29.545454545454547, 28.727272727272727, 28.583333333333332, 28.583333333333332, 29.083333333333332]
2-2 [30.25, 27.181818181818183, 25.384615384615383, 26.833333333333332, 28.0, 27.166666666666668, 27.416666666666668, 26.0, 28.833333333333332, 27.846153846153847, 21.375, 30.0, 19.272727272727273, 15.714285714285714, 38.90909090909091, 23.181818181818183, 23.0, 27.416666666666668, 21.733333333333334, 30.818181818181817, 27.692307692307693, 27.0, 27.75, 25.416666666666668, 25.833333333333332, 28.333333333333332, 21.692307692307693, 20.933333333333334, 27.416666666666668, 23.583333333333332, 28.90909090909091, 28.181818181818183, 12.892857142857142, 25.916666666666668, 22.23076923076923, 23.666666666666668, 26.666666666666668, 22.375, 26.666666666666668, 25.916666666666668, 28.636363636363637, 25.666666666666668, 27.09090909090909, 23.454545454545453, 27.09090909090909, 24.583333333333332, 24.75, 22.615384615384617, 25.75, 27.916666666666668, 16.266666666666666, 12.2, 25.75, 29.09090909090909, 21.933333333333334, 25.083333333333332, 24.615384615384617, 20.5, 26.75, 27.916666666666668, 22.571428571428573, 27.916666666666668, 18.875, 18.533333333333335, 25.166666666666668, 27.416666666666668, 28.166666666666668, 19.866666666666667, 25.0, 30.333333333333332, 36.666666666666664, 23.75, 24.916666666666668, 24.0, 25.833333333333332, 29.0, 26.454545454545453, 23.583333333333332, 17.875, 19.61111111111111, 25.75, 22.307692307692307, 26.25, 25.25, 24.25, 24.166666666666668, 28.181818181818183, 22.454545454545453, 26.25, 22.083333333333332, 22.5]
3-1 []
3-2 []
3-3 []
4-2 algo
d: 5 w: 6 k: 1
all [11.25, 13.818181818181818, 10.833333333333334, 11.454545454545455, 12.875, 12.666666666666666, 13.090909090909092, 12.090909090909092, 13.727272727272727, 10.5] 

ans 12.230681818181818 

number 0 switch: 2299
number 1 switch: 91
number 2 switch: 0
2-1 [27.4, 20.166666666666668, 18.0, 14.615384615384615, 13.727272727272727, 11.5, 31.083333333333332, 23.583333333333332, 20.0, 17.0, 15.363636363636363, 14.909090909090908, 14.0, 21.466666666666665, 19.75, 18.09090909090909, 17.8, 15.615384615384615, 15.416666666666666, 14.916666666666666, 13.416666666666666, 13.125, 11.928571428571429, 11.15, 26.166666666666668, 19.166666666666668, 17.615384615384617, 17.066666666666666, 15.916666666666666, 14.666666666666666, 13.76923076923077, 13.2, 12.5, 11.666666666666666, 11.5, 23.666666666666668, 18.75, 18.583333333333332, 16.25, 15.416666666666666, 15.363636363636363, 14.8, 13.95, 13.909090909090908, 13.818181818181818, 13.3125, 27.25, 25.916666666666668, 17.466666666666665, 15.15, 15.083333333333334, 13.25, 13.25, 19.533333333333335, 14.636363636363637, 13.571428571428571, 14.545454545454545, 13.25, 13.25, 13.25, 34.81818181818182, 27.214285714285715, 17.533333333333335, 16.727272727272727, 15.0, 14.4, 14.25, 13.5, 13.125, 12.9, 12.666666666666666, 12.533333333333333, 13.0, 12.133333333333333, 21.166666666666668, 21.166666666666668, 20.46153846153846, 18.0, 16.733333333333334, 15.357142857142858, 13.909090909090908, 22.90909090909091, 15.083333333333334, 14.083333333333334, 12.583333333333334, 11.818181818181818, 11.11111111111111, 11.066666666666666, 10.75, 10.666666666666666, 10.5]
2-2 [9.0, 10.5, 9.25, 8.615384615384615, 10.272727272727273, 11.25, 7.25, 7.166666666666667, 6.611111111111111, 8.0, 12.818181818181818, 10.818181818181818, 12.166666666666666, 8.8, 8.666666666666666, 9.363636363636363, 7.466666666666667, 9.461538461538462, 8.5, 8.416666666666666, 10.833333333333334, 8.4375, 3.357142857142857, 4.2, 8.0, 11.25, 7.076923076923077, 9.133333333333333, 7.5, 11.333333333333334, 10.461538461538462, 7.733333333333333, 10.0, 9.75, 6.45, 6.916666666666667, 10.083333333333334, 9.5, 7.5, 10.083333333333334, 12.545454545454545, 9.533333333333333, 5.3, 9.545454545454545, 8.181818181818182, 12.875, 7.083333333333333, 7.75, 8.133333333333333, 6.2, 8.833333333333334, 8.0, 12.666666666666666, 9.666666666666666, 13.090909090909092, 10.428571428571429, 11.272727272727273, 8.833333333333334, 7.75, 7.333333333333333, 12.090909090909092, 3.107142857142857, 9.066666666666666, 9.909090909090908, 11.25, 5.45, 10.75, 11.0, 5.125, 9.15, 8.333333333333334, 9.266666666666667, 12.0, 6.0, 11.916666666666666, 12.5, 8.76923076923077, 9.583333333333334, 8.866666666666667, 7.214285714285714, 13.727272727272727, 7.181818181818182, 10.5, 10.25, 8.416666666666666, 8.454545454545455, 6.277777777777778, 6.266666666666667, 9.916666666666666, 8.916666666666666, 6.875]
3-1 []
3-2 []
3-3 []
[7.923076923076923, 5.076923076923077, 4.6923076923076925] 90.48.117.203 41.177.241.46
[5.333333333333333, 5.333333333333333, 4.833333333333333] 41.177.24.188 210.218.218.164
[5.416666666666667, 5.416666666666667, 5.083333333333333] 41.177.83.214 210.218.218.164
[9.818181818181818, 5.636363636363637, 4.545454545454546] 244.3.176.149 41.177.3.224
4-2 algo
d: 5 w: 9 k: 1
all [4.833333333333333, 5.636363636363637, 6.2727272727272725, 5.666666666666667, 4.833333333333333, 5.363636363636363, 5.2727272727272725, 5.125, 5.0, 6.363636363636363] 

ans 5.436742424242425 

number 0 switch: 2293
number 1 switch: 93
number 2 switch: 4
2-1 [11.923076923076923, 9.580645161290322, 8.666666666666666, 7.733333333333333, 7.25, 7.1875, 6.333333333333333, 5.95, 5.785714285714286, 5.666666666666667, 5.3478260869565215, 5.25, 6.0, 5.25, 5.090909090909091, 4.944444444444445, 12.066666666666666, 9.5, 6.6923076923076925, 6.090909090909091, 5.666666666666667, 5.5, 5.25, 5.0, 4.916666666666667, 4.916666666666667, 4.909090909090909, 4.827586206896552, 8.916666666666666, 7.615384615384615, 7.25, 8.125, 8.0625, 7.833333333333333, 7.090909090909091, 6.333333333333333, 5.833333333333333, 8.709677419354838, 7.6875, 6.818181818181818, 6.666666666666667, 6.583333333333333, 6.545454545454546, 6.25, 6.233333333333333, 5.833333333333333, 5.6, 5.3076923076923075, 5.25, 5.083333333333333, 4.933333333333334, 4.857142857142857, 6.833333333333333, 6.8, 6.428571428571429, 6.083333333333333, 6.0, 5.933333333333334, 5.909090909090909, 5.714285714285714, 5.714285714285714, 5.52, 10.6875, 9.583333333333334, 7.916666666666667, 6.916666666666667, 6.333333333333333, 6.2727272727272725, 5.75, 5.666666666666667, 5.65, 10.363636363636363, 6.833333333333333, 6.583333333333333, 6.384615384615385, 6.181818181818182, 6.0, 5.833333333333333, 5.8125, 5.8, 5.75, 16.545454545454547, 6.4375, 5.454545454545454, 5.5, 5.083333333333333, 5.0, 10.666666666666666, 9.25, 7.2727272727272725, 6.916666666666667, 6.7272727272727275, 6.5]
2-2 [4.153846153846154, 2.6129032258064515, 4.833333333333333, 3.533333333333333, 3.3333333333333335, 2.3125, 2.75, 4.0, 4.714285714285714, 3.25, 2.3043478260869565, 1.8214285714285714, 4.416666666666667, 3.9166666666666665, 3.5454545454545454, 1.6111111111111112, 3.533333333333333, 3.75, 4.230769230769231, 5.636363636363637, 3.5833333333333335, 3.8333333333333335, 4.166666666666667, 3.3333333333333335, 3.8333333333333335, 4.166666666666667, 3.8181818181818183, 1.896551724137931, 3.4166666666666665, 6.230769230769231, 4.0, 2.5, 2.3125, 5.666666666666667, 4.090909090909091, 3.466666666666667, 3.75, 1.6451612903225807, 1.59375, 3.727272727272727, 3.8333333333333335, 4.833333333333333, 3.272727272727273, 4.25, 3.3666666666666667, 4.666666666666667, 2.8666666666666667, 3.076923076923077, 3.8333333333333335, 3.8333333333333335, 3.0, 3.9285714285714284, 3.6666666666666665, 3.6666666666666665, 4.928571428571429, 3.8333333333333335, 3.3333333333333335, 3.6666666666666665, 4.181818181818182, 1.4642857142857142, 1.9285714285714286, 1.24, 2.5625, 4.25, 3.9166666666666665, 3.5, 3.3333333333333335, 2.909090909090909, 3.75, 4.333333333333333, 2.25, 4.0, 3.5833333333333335, 3.3333333333333335, 3.8461538461538463, 4.7272727272727275, 3.2857142857142856, 4.416666666666667, 5.125, 4.2, 4.4, 4.545454545454546, 4.6875, 4.818181818181818, 2.1, 3.5, 3.6923076923076925, 4.25, 4.583333333333333, 6.363636363636363, 5.0, 4.2727272727272725, 3.0]
3-1 [7.923076923076923, 5.333333333333333, 5.416666666666667, 9.818181818181818]
3-2 [5.076923076923077, 5.333333333333333, 5.416666666666667, 5.636363636363637]
3-3 [4.6923076923076925, 4.833333333333333, 5.083333333333333, 4.545454545454546]
4-2 algo
d: 6 w: 9 k: 1
all [4.583333333333333, 4.909090909090909, 4.583333333333333, 4.5, 7.363636363636363, 5.25, 6.181818181818182, 5.666666666666667, 5.076923076923077, 4.416666666666667] 

ans 5.253146853146853 

number 0 switch: 2302
number 1 switch: 88
number 2 switch: 0
2-1 [8.833333333333334, 6.111111111111111, 6.0, 5.571428571428571, 5.166666666666667, 5.0, 4.866666666666666, 5.454545454545454, 4.583333333333333, 11.1875, 8.272727272727273, 8.083333333333334, 7.846153846153846, 6.944444444444445, 6.8, 6.0, 5.916666666666667, 5.333333333333333, 4.916666666666667, 7.083333333333333, 6.538461538461538, 6.2727272727272725, 6.25, 5.769230769230769, 5.321428571428571, 5.416666666666667, 4.7272727272727275, 4.666666666666667, 4.6, 8.25, 6.583333333333333, 6.2, 6.166666666666667, 5.894736842105263, 7.0, 5.785714285714286, 5.714285714285714, 5.25, 5.25, 5.066666666666666, 5.583333333333333, 5.0, 4.96875, 4.888888888888889, 9.636363636363637, 9.363636363636363, 7.75, 8.916666666666666, 7.363636363636363, 7.285714285714286, 6.6923076923076925, 5.857142857142857, 5.818181818181818, 5.666666666666667, 5.416666666666667, 5.384615384615385, 5.2727272727272725, 10.416666666666666, 7.333333333333333, 7.833333333333333, 6.833333333333333, 6.583333333333333, 6.166666666666667, 6.166666666666667, 6.142857142857143, 8.545454545454545, 6.833333333333333, 6.230769230769231, 5.133333333333334, 5.076923076923077, 8.333333333333334, 8.0, 7.375, 7.0, 5.769230769230769, 5.533333333333333, 5.5, 5.4375, 5.285714285714286, 6.416666666666667, 5.2727272727272725, 5.25, 5.083333333333333, 4.833333333333333, 4.785714285714286, 4.695652173913044, 4.461538461538462, 4.416666666666667]
2-2 [2.5833333333333335, 1.8333333333333333, 3.4166666666666665, 2.0952380952380953, 3.25, 4.583333333333333, 3.7333333333333334, 3.6363636363636362, 3.3333333333333335, 2.25, 2.6363636363636362, 3.3333333333333335, 3.230769230769231, 1.6666666666666667, 4.066666666666666, 3.6666666666666665, 4.416666666666667, 3.0833333333333335, 3.6666666666666665, 4.583333333333333, 3.3076923076923075, 4.545454545454546, 3.4166666666666665, 2.230769230769231, 2.107142857142857, 3.25, 3.909090909090909, 3.25, 2.066666666666667, 3.3333333333333335, 4.5, 3.0, 2.9166666666666665, 1.8421052631578947, 2.5714285714285716, 3.9285714285714284, 3.2857142857142856, 3.3333333333333335, 3.3333333333333335, 1.0333333333333334, 3.5, 3.5, 1.53125, 1.2222222222222223, 3.6363636363636362, 7.363636363636363, 3.5833333333333335, 3.1666666666666665, 3.090909090909091, 2.2857142857142856, 4.0, 1.4642857142857142, 4.545454545454546, 3.6, 2.5, 2.4615384615384617, 3.3636363636363638, 3.6666666666666665, 2.7333333333333334, 5.666666666666667, 3.6666666666666665, 4.25, 5.083333333333333, 3.75, 3.357142857142857, 4.909090909090909, 3.5, 3.4615384615384617, 2.4, 2.6153846153846154, 4.333333333333333, 3.3333333333333335, 2.8125, 3.769230769230769, 4.0, 2.6666666666666665, 3.25, 3.3125, 3.642857142857143, 4.416666666666667, 3.5454545454545454, 2.75, 2.6666666666666665, 3.5833333333333335, 2.7142857142857144, 1.9565217391304348, 3.3076923076923075, 3.5833333333333335]
3-1 []
3-2 []
3-3 []
4-2 algo
d: 5 w: 3 k: 3
all [31.363636363636363, 32.333333333333336, 30.5, 32.083333333333336, 29.416666666666668, 33.0, 30.416666666666668, 31.25, 31.0, 28.636363636363637] 

ans 31.0 

number 0 switch: 2280
number 1 switch: 110
number 2 switch: 0
2-1 [41.416666666666664, 41.416666666666664, 37.86666666666667, 35.72727272727273, 35.72727272727273, 35.583333333333336, 34.05263157894737, 33.42857142857143, 34.30769230769231, 32.76923076923077, 32.666666666666664, 44.333333333333336, 44.30769230769231, 41.27272727272727, 39.90909090909091, 39.5, 37.857142857142854, 36.5, 36.166666666666664, 35.8, 35.5, 34.333333333333336, 33.833333333333336, 33.666666666666664, 33.5, 33.416666666666664, 32.666666666666664, 41.72727272727273, 37.166666666666664, 32.25, 32.083333333333336, 32.0625, 31.75, 31.09090909090909, 44.09090909090909, 37.916666666666664, 37.916666666666664, 36.72727272727273, 34.92307692307692, 34.06666666666667, 33.63636363636363, 33.583333333333336, 33.583333333333336, 32.4375, 32.357142857142854, 31.25, 31.25, 32.083333333333336, 35.36363636363637, 33.333333333333336, 31.25, 30.818181818181817, 67.66666666666667, 47.75, 41.63636363636363, 38.25, 36.63636363636363, 35.833333333333336, 74.63333333333334, 56.75, 42.45454545454545, 37.84615384615385, 36.916666666666664, 35.25, 35.0625, 34.583333333333336, 34.583333333333336, 34.0, 33.36842105263158, 32.333333333333336, 31.5, 30.866666666666667, 40.142857142857146, 39.75, 38.083333333333336, 38.0, 37.72727272727273, 36.88235294117647, 34.18181818181818, 33.5, 33.166666666666664, 33.166666666666664, 33.36363636363637, 32.63636363636363, 31.727272727272727, 31.285714285714285, 31.25, 31.25, 73.08333333333333, 52.8125, 39.18181818181818, 36.15384615384615, 36.083333333333336, 35.0, 34.333333333333336, 33.583333333333336, 31.53846153846154, 31.083333333333332, 40.666666666666664, 40.25, 39.666666666666664, 37.5, 34.166666666666664, 32.36363636363637, 32.166666666666664, 32.0, 30.875, 29.583333333333332, 28.916666666666668, 28.90909090909091]
2-2 [27.5, 25.416666666666668, 26.866666666666667, 30.09090909090909, 31.363636363636363, 27.5, 17.736842105263158, 24.857142857142858, 26.384615384615383, 26.846153846153847, 27.5, 29.083333333333332, 27.0, 31.818181818181817, 29.363636363636363, 29.916666666666668, 25.0, 30.166666666666668, 27.5, 23.066666666666666, 30.5, 30.166666666666668, 30.0, 30.5, 24.6875, 32.0, 31.916666666666668, 26.545454545454547, 25.75, 29.333333333333332, 27.25, 22.25, 29.333333333333332, 26.545454545454547, 26.09090909090909, 23.833333333333332, 31.333333333333332, 28.636363636363637, 29.53846153846154, 22.333333333333332, 27.545454545454547, 32.083333333333336, 23.833333333333332, 18.75, 20.285714285714285, 24.416666666666668, 26.833333333333332, 28.166666666666668, 25.545454545454547, 29.416666666666668, 25.833333333333332, 29.0, 22.416666666666668, 23.166666666666668, 23.90909090909091, 20.5625, 26.636363636363637, 23.333333333333332, 9.7, 23.916666666666668, 28.181818181818183, 24.53846153846154, 27.333333333333332, 25.333333333333332, 17.9375, 25.333333333333332, 30.416666666666668, 23.692307692307693, 15.894736842105264, 25.75, 21.428571428571427, 20.8, 21.214285714285715, 20.25, 27.416666666666668, 28.833333333333332, 27.272727272727273, 18.88235294117647, 31.09090909090909, 29.0, 25.75, 30.5, 30.0, 29.09090909090909, 30.0, 11.0, 28.083333333333332, 27.416666666666668, 26.583333333333332, 18.8125, 27.636363636363637, 23.692307692307693, 26.916666666666668, 31.0, 27.333333333333332, 27.083333333333332, 23.692307692307693, 25.416666666666668, 25.833333333333332, 27.916666666666668, 25.75, 25.0, 27.916666666666668, 28.636363636363637, 25.0, 22.076923076923077, 19.0625, 26.166666666666668, 28.5, 25.545454545454547]
3-1 []
3-2 []
3-3 []
[15.0, 12.5, 12.166666666666666] 41.177.83.214 210.218.218.164
4-2 algo
d: 5 w: 6 k: 3
all [12.166666666666666, 11.090909090909092, 10.909090909090908, 13.333333333333334, 11.25, 12.25, 10.909090909090908, 11.307692307692308, 11.5, 13.166666666666666] 

ans 11.788344988344988 

number 0 switch: 2285
number 1 switch: 104
number 2 switch: 1
2-1 [27.166666666666668, 18.5, 15.727272727272727, 15.272727272727273, 14.692307692307692, 14.666666666666666, 14.363636363636363, 13.923076923076923, 13.857142857142858, 13.75, 13.461538461538462, 13.090909090909092, 12.428571428571429, 11.916666666666666, 11.583333333333334, 11.125, 11.090909090909092, 11.0, 18.727272727272727, 18.5, 18.083333333333332, 17.363636363636363, 17.363636363636363, 15.833333333333334, 14.818181818181818, 14.4375, 13.478260869565217, 13.307692307692308, 13.083333333333334, 12.75, 12.285714285714286, 11.764705882352942, 11.75, 11.25, 25.615384615384617, 21.5, 21.5, 21.5, 20.0, 16.5, 14.0, 13.363636363636363, 12.714285714285714, 12.5, 12.461538461538462, 12.333333333333334, 12.166666666666666, 12.083333333333334, 11.466666666666667, 11.181818181818182, 18.692307692307693, 17.272727272727273, 12.4, 12.125, 15.266666666666667, 15.083333333333334, 14.0, 13.8125, 13.133333333333333, 12.833333333333334, 11.454545454545455, 19.916666666666668, 19.166666666666668, 17.083333333333332, 16.076923076923077, 13.416666666666666, 12.448275862068966, 12.4, 20.46153846153846, 16.583333333333332, 15.916666666666666, 14.0, 13.666666666666666, 12.64, 12.5, 12.583333333333334, 12.1875, 12.0, 11.363636363636363, 11.083333333333334, 38.63636363636363, 24.0, 16.53846153846154, 15.818181818181818, 15.545454545454545, 14.944444444444445, 13.75, 11.833333333333334, 11.545454545454545, 11.416666666666666, 29.53846153846154, 18.833333333333332, 13.916666666666666, 12.916666666666666, 12.666666666666666, 11.666666666666666, 11.666666666666666, 16.0, 15.818181818181818, 15.166666666666666, 15.035714285714286, 12.55, 13.285714285714286, 12.473684210526315]
2-2 [6.583333333333333, 7.583333333333333, 10.181818181818182, 9.545454545454545, 9.307692307692308, 8.0, 6.636363636363637, 8.307692307692308, 7.642857142857143, 7.0, 7.461538461538462, 9.818181818181818, 8.142857142857142, 8.666666666666666, 10.0, 6.0625, 11.0, 7.1, 11.090909090909092, 8.5, 8.833333333333334, 8.636363636363637, 8.545454545454545, 7.166666666666667, 11.090909090909092, 9.5625, 4.043478260869565, 9.23076923076923, 10.833333333333334, 8.833333333333334, 4.071428571428571, 4.588235294117647, 9.833333333333334, 9.833333333333334, 8.846153846153847, 10.625, 9.75, 8.5, 10.416666666666666, 9.583333333333334, 4.333333333333333, 10.909090909090908, 7.928571428571429, 10.416666666666666, 3.8846153846153846, 7.333333333333333, 8.916666666666666, 9.5, 7.4, 10.545454545454545, 8.538461538461538, 6.909090909090909, 11.333333333333334, 9.75, 9.533333333333333, 8.916666666666666, 7.9375, 7.5, 8.6, 7.916666666666667, 10.181818181818182, 8.0, 8.916666666666666, 10.916666666666666, 7.461538461538462, 12.25, 4.482758620689655, 8.8, 9.153846153846153, 9.583333333333334, 7.333333333333333, 9.583333333333334, 7.666666666666667, 5.0, 3.8333333333333335, 9.5, 6.0625, 9.916666666666666, 10.909090909090908, 9.083333333333334, 10.0, 8.083333333333334, 8.615384615384615, 9.727272727272727, 8.636363636363637, 6.5, 8.083333333333334, 10.0, 10.363636363636363, 10.25, 9.076923076923077, 9.916666666666666, 8.916666666666666, 8.916666666666666, 8.916666666666666, 6.866666666666666, 8.8, 10.666666666666666, 9.909090909090908, 9.083333333333334, 4.107142857142857, 6.35, 5.190476190476191, 5.842105263157895]
3-1 [15.0]
3-2 [12.5]
3-3 [12.166666666666666]
[5.166666666666667, 5.166666666666667, 4.5] 41.177.155.41 210.218.218.164
[6.833333333333333, 4.666666666666667, 4.166666666666667] 41.177.155.186 210.218.218.164
[5.454545454545454, 5.0, 4.636363636363637] 244.3.176.149 41.177.3.224
4-2 algo
d: 5 w: 9 k: 3
all [5.133333333333334, 5.875, 5.076923076923077, 4.666666666666667, 5.230769230769231, 6.5, 5.583333333333333, 5.333333333333333, 5.545454545454546, 5.0] 

ans 5.394481351981352 

number 0 switch: 2265
number 1 switch: 122
number 2 switch: 3
2-1 [17.272727272727273, 9.416666666666666, 9.0, 8.25, 7.916666666666667, 7.75, 5.9375, 6.090909090909091, 5.615384615384615, 5.25, 5.166666666666667, 8.5, 7.785714285714286, 7.266666666666667, 7.130434782608695, 6.666666666666667, 6.454545454545454, 6.21875, 6.083333333333333, 11.434782608695652, 7.625, 7.0, 6.5, 6.181818181818182, 6.071428571428571, 5.666666666666667, 5.636363636363637, 5.55, 5.535714285714286, 5.454545454545454, 5.166666666666667, 5.0, 5.2727272727272725, 4.75, 4.685714285714286, 6.384615384615385, 7.6875, 7.545454545454546, 7.0625, 6.5, 6.153846153846154, 6.066666666666666, 5.6875, 5.583333333333333, 5.375, 5.5, 5.0625, 4.916666666666667, 4.8, 4.785714285714286, 4.75, 4.75, 8.454545454545455, 7.666666666666667, 6.8, 6.461538461538462, 6.36, 6.2727272727272725, 6.076923076923077, 5.809523809523809, 7.333333333333333, 5.75, 5.4, 5.25, 5.25, 5.5, 10.416666666666666, 9.909090909090908, 10.0, 7.7272727272727275, 7.607142857142857, 7.5, 8.818181818181818, 7.1875, 6.533333333333333, 14.166666666666666, 11.923076923076923, 11.333333333333334, 10.5, 6.722222222222222, 6.363636363636363, 6.181818181818182, 6.181818181818182, 5.636363636363637, 11.0, 10.357142857142858, 10.333333333333334, 9.321428571428571, 8.818181818181818, 8.923076923076923, 8.454545454545455, 7.466666666666667, 7.166666666666667, 6.8, 6.636363636363637, 6.083333333333333, 6.0, 5.75, 5.625, 5.545454545454546, 13.533333333333333, 12.916666666666666, 7.4, 7.363636363636363, 7.0, 6.916666666666667, 6.666666666666667, 6.25, 6.25, 5.833333333333333, 9.75, 9.583333333333334, 7.5, 6.6923076923076925, 6.666666666666667, 6.090909090909091, 5.666666666666667, 5.466666666666667, 5.416666666666667, 5.166666666666667, 5.166666666666667, 5.125]
2-2 [3.4545454545454546, 4.333333333333333, 3.4, 4.5, 4.083333333333333, 4.833333333333333, 2.6875, 4.545454545454546, 3.923076923076923, 4.75, 4.0, 3.8333333333333335, 1.9285714285714286, 3.4, 2.0869565217391304, 4.0, 5.7272727272727275, 1.40625, 4.333333333333333, 2.4347826086956523, 3.5625, 3.8181818181818183, 3.0625, 4.363636363636363, 3.9285714285714284, 4.416666666666667, 4.181818181818182, 2.0, 1.8928571428571428, 2.1363636363636362, 4.416666666666667, 3.3125, 3.909090909090909, 3.8333333333333335, 1.2, 5.076923076923077, 4.3125, 3.8181818181818183, 2.9375, 3.9285714285714284, 3.5384615384615383, 3.2, 3.1875, 3.25, 1.7916666666666667, 2.2333333333333334, 3.75, 3.5833333333333335, 3.2666666666666666, 4.357142857142857, 4.666666666666667, 3.8333333333333335, 4.545454545454546, 5.0, 3.533333333333333, 4.6923076923076925, 2.0, 4.0, 5.230769230769231, 2.6666666666666665, 4.333333333333333, 4.416666666666667, 3.533333333333333, 4.833333333333333, 4.833333333333333, 4.0, 6.5, 6.363636363636363, 4.916666666666667, 4.636363636363637, 1.7142857142857142, 2.25, 4.818181818181818, 2.375, 3.6666666666666665, 4.166666666666667, 4.0, 3.6666666666666665, 2.1153846153846154, 3.111111111111111, 4.909090909090909, 3.6363636363636362, 4.7272727272727275, 4.545454545454546, 3.4, 4.5, 5.0, 1.5357142857142858, 4.7272727272727275, 4.923076923076923, 4.363636363636363, 3.6666666666666665, 4.333333333333333, 3.066666666666667, 4.363636363636363, 4.166666666666667, 4.666666666666667, 4.666666666666667, 3.4375, 4.181818181818182, 3.3333333333333335, 5.333333333333333, 3.1333333333333333, 5.545454545454546, 4.916666666666667, 4.0, 4.5, 4.083333333333333, 4.5, 5.0, 2.9166666666666665, 3.5833333333333335, 3.642857142857143, 3.769230769230769, 4.0, 5.0, 3.75, 1.4666666666666666, 3.9166666666666665, 3.6666666666666665, 4.75, 3.3125]
3-1 [5.166666666666667, 6.833333333333333, 5.454545454545454]
3-2 [5.166666666666667, 4.666666666666667, 5.0]
3-3 [4.5, 4.166666666666667, 4.636363636363637]
[5.166666666666667, 5.0, 3.8333333333333335] 41.177.24.188 210.218.218.164
4-2 algo
d: 6 w: 9 k: 3
all [4.363636363636363, 4.916666666666667, 4.583333333333333, 5.090909090909091, 4.5, 5.636363636363637, 4.333333333333333, 4.833333333333333, 4.333333333333333, 5.090909090909091] 

ans 4.7681818181818185 

number 0 switch: 2269
number 1 switch: 120
number 2 switch: 1
2-1 [11.923076923076923, 6.5, 6.266666666666667, 6.0, 5.583333333333333, 5.2727272727272725, 5.166666666666667, 5.066666666666666, 4.821428571428571, 4.75, 4.75, 4.666666666666667, 4.571428571428571, 12.166666666666666, 10.76923076923077, 7.666666666666667, 7.083333333333333, 6.25, 6.090909090909091, 6.0, 6.0, 5.9375, 5.916666666666667, 5.583333333333333, 5.5, 5.133333333333334, 10.666666666666666, 6.666666666666667, 6.333333333333333, 6.1875, 5.5, 5.142857142857143, 5.0, 4.96875, 4.833333333333333, 4.818181818181818, 4.583333333333333, 9.833333333333334, 7.833333333333333, 7.166666666666667, 6.363636363636363, 6.25, 5.916666666666667, 5.6923076923076925, 5.209302325581396, 13.083333333333334, 11.285714285714286, 10.166666666666666, 7.583333333333333, 7.083333333333333, 6.25, 5.733333333333333, 5.666666666666667, 5.545454545454546, 5.333333333333333, 4.818181818181818, 4.666666666666667, 4.590909090909091, 11.583333333333334, 9.6, 7.2727272727272725, 6.173913043478261, 6.083333333333333, 5.769230769230769, 5.7272727272727275, 5.636363636363637, 5.583333333333333, 5.428571428571429, 7.916666666666667, 7.25, 7.1923076923076925, 6.923076923076923, 6.5, 6.454545454545454, 6.333333333333333, 6.25, 5.928571428571429, 5.866666666666666, 5.8125, 5.7272727272727275, 5.583333333333333, 4.8125, 4.8125, 4.6, 5.5, 4.529411764705882, 4.5, 4.333333333333333, 4.333333333333333, 9.272727272727273, 7.545454545454546, 7.533333333333333, 7.5, 6.416666666666667, 5.846153846153846, 5.666666666666667, 5.615384615384615, 5.583333333333333, 5.166666666666667, 4.933333333333334, 4.916666666666667, 9.727272727272727, 9.166666666666666, 8.272727272727273, 6.0, 5.454545454545454, 5.4, 4.833333333333333, 4.769230769230769, 4.666666666666667, 4.583333333333333, 4.466666666666667, 4.375, 4.333333333333333, 13.75, 11.181818181818182, 8.0, 5.75, 5.666666666666667, 5.105263157894737]
2-2 [3.8461538461538463, 3.6666666666666665, 3.933333333333333, 4.0, 3.9166666666666665, 4.090909090909091, 3.9166666666666665, 2.933333333333333, 1.5714285714285714, 2.5, 3.6666666666666665, 3.6666666666666665, 3.7857142857142856, 3.4166666666666665, 3.1538461538461537, 4.916666666666667, 3.5, 3.9166666666666665, 4.181818181818182, 3.769230769230769, 4.2, 2.25, 3.4166666666666665, 4.75, 4.583333333333333, 3.0, 3.5, 2.8, 3.4166666666666665, 2.75, 3.3333333333333335, 1.5714285714285714, 4.2, 1.375, 3.5833333333333335, 3.909090909090909, 3.5833333333333335, 4.166666666666667, 4.0, 3.8333333333333335, 5.090909090909091, 4.666666666666667, 3.75, 3.1538461538461537, 0.9534883720930233, 3.75, 3.0, 3.5, 3.3333333333333335, 4.166666666666667, 3.5833333333333335, 3.1333333333333333, 4.333333333333333, 2.8181818181818183, 2.9166666666666665, 4.2727272727272725, 4.5, 1.7272727272727273, 4.083333333333333, 2.533333333333333, 4.181818181818182, 2.0, 3.4166666666666665, 3.3076923076923075, 5.636363636363637, 5.0, 2.75, 3.357142857142857, 3.9166666666666665, 2.8125, 1.4615384615384615, 3.3076923076923075, 2.8333333333333335, 4.181818181818182, 3.0, 4.166666666666667, 2.1785714285714284, 3.3333333333333335, 2.875, 3.727272727272727, 3.25, 2.6875, 3.5, 4.066666666666666, 3.0833333333333335, 2.4705882352941178, 2.8333333333333335, 3.0555555555555554, 3.1666666666666665, 4.454545454545454, 4.454545454545454, 3.8666666666666667, 3.5833333333333335, 3.6666666666666665, 3.3076923076923075, 4.25, 3.4615384615384617, 4.833333333333333, 4.25, 4.2, 4.0, 4.0, 3.75, 4.090909090909091, 2.8125, 4.181818181818182, 3.2666666666666666, 3.9166666666666665, 3.6153846153846154, 4.333333333333333, 3.5833333333333335, 2.8666666666666667, 3.875, 3.75, 3.9166666666666665, 5.090909090909091, 3.0, 4.083333333333333, 3.4, 3.0526315789473686]
3-1 [5.166666666666667]
3-2 [5.0]
3-3 [3.8333333333333335]
[32.45454545454545, 30.09090909090909, 29.09090909090909] 41.177.98.220 244.3.185.121
[34.18181818181818, 30.818181818181817, 30.0] 41.177.26.176 122.39.210.202
4-2 algo
d: 5 w: 3 k: 5
all [32.45454545454545, 30.09090909090909, 30.0, 29.454545454545453, 28.583333333333332, 32.63636363636363, 28.727272727272727, 27.916666666666668, 30.181818181818183, 32.09090909090909] 

ans 30.21363636363636 

number 0 switch: 2268
number 1 switch: 120
number 2 switch: 2
2-1 [59.25, 42.5, 41.6, 39.25, 38.0, 35.0, 34.90909090909091, 33.8125, 33.5, 32.72727272727273, 32.333333333333336, 31.583333333333332, 32.45454545454545, 44.0, 39.0, 38.25, 37.666666666666664, 37.25, 37.18181818181818, 35.46153846153846, 34.785714285714285, 33.333333333333336, 30.692307692307693, 30.0, 30.0, 30.75, 50.666666666666664, 47.25, 42.666666666666664, 38.0, 36.083333333333336, 34.583333333333336, 34.583333333333336, 32.285714285714285, 31.75, 31.615384615384617, 31.25, 31.166666666666668, 30.416666666666668, 30.416666666666668, 30.416666666666668, 53.5, 41.857142857142854, 38.84615384615385, 37.0, 35.083333333333336, 33.90909090909091, 30.53846153846154, 30.166666666666668, 43.333333333333336, 38.46153846153846, 36.36363636363637, 33.75, 32.0, 31.357142857142858, 30.916666666666668, 30.75, 30.75, 30.454545454545453, 29.727272727272727, 29.416666666666668, 283.0833333333333, 44.0, 39.0, 37.75, 35.0, 34.266666666666666, 32.75, 32.583333333333336, 32.583333333333336, 135.33333333333334, 44.333333333333336, 39.5, 35.53333333333333, 34.45454545454545, 32.75, 31.0, 30.75, 31.25, 28.75, 28.75, 76.67857142857143, 39.53846153846154, 35.916666666666664, 35.833333333333336, 36.25, 34.93333333333333, 34.5, 34.27272727272727, 33.6, 30.833333333333332, 30.545454545454547, 30.5, 30.5, 30.5, 28.416666666666668, 27.916666666666668, 48.583333333333336, 44.5, 43.666666666666664, 42.833333333333336, 39.30769230769231, 34.90909090909091, 33.5, 33.166666666666664, 31.818181818181817, 32.0, 31.5, 30.95, 52.45454545454545, 48.0, 40.25, 39.416666666666664, 38.9375, 38.2, 34.916666666666664, 34.5, 34.5, 32.583333333333336, 32.54545454545455]
2-2 [28.75, 30.416666666666668, 23.533333333333335, 27.333333333333332, 23.666666666666668, 32.45454545454545, 29.90909090909091, 20.375, 23.142857142857142, 30.727272727272727, 25.916666666666668, 29.666666666666668, 30.181818181818183, 30.09090909090909, 23.692307692307693, 27.5, 29.666666666666668, 26.333333333333332, 28.181818181818183, 25.153846153846153, 21.857142857142858, 25.333333333333332, 23.692307692307693, 27.333333333333332, 27.5, 26.75, 25.5, 26.25, 26.916666666666668, 29.166666666666668, 26.916666666666668, 27.083333333333332, 24.583333333333332, 22.357142857142858, 26.25, 28.46153846153846, 25.5, 29.166666666666668, 27.166666666666668, 26.833333333333332, 26.25, 26.25, 9.928571428571429, 22.923076923076923, 26.5, 24.916666666666668, 29.454545454545453, 24.153846153846153, 26.25, 26.0, 23.153846153846153, 28.454545454545453, 25.833333333333332, 23.615384615384617, 22.214285714285715, 25.916666666666668, 25.25, 25.5, 27.90909090909091, 28.545454545454547, 25.25, 27.333333333333332, 28.166666666666668, 29.0, 32.083333333333336, 27.333333333333332, 20.533333333333335, 20.125, 26.25, 26.25, 20.466666666666665, 26.5, 22.333333333333332, 21.733333333333334, 27.0, 25.75, 20.53846153846154, 25.75, 25.75, 28.166666666666668, 25.75, 12.035714285714286, 22.846153846153847, 25.75, 24.0, 25.75, 19.333333333333332, 26.666666666666668, 26.272727272727273, 19.666666666666668, 25.25, 26.272727272727273, 25.25, 24.0, 27.916666666666668, 24.833333333333332, 24.0, 25.333333333333332, 27.666666666666668, 28.416666666666668, 28.0, 25.76923076923077, 27.454545454545453, 25.833333333333332, 27.75, 27.727272727272727, 30.181818181818183, 27.75, 15.1, 27.0, 28.5, 27.833333333333332, 24.833333333333332, 18.0625, 23.266666666666666, 28.0, 24.083333333333332, 22.666666666666668, 23.75, 32.09090909090909]
3-1 [32.45454545454545, 34.18181818181818]
3-2 [30.09090909090909, 30.818181818181817]
3-3 [29.09090909090909, 30.0]
4-2 algo
d: 5 w: 6 k: 5
all [11.272727272727273, 13.0, 10.833333333333334, 11.727272727272727, 12.666666666666666, 11.818181818181818, 10.454545454545455, 11.545454545454545, 11.545454545454545, 12.090909090909092] 

ans 11.695454545454545 

number 0 switch: 2280
number 1 switch: 110
number 2 switch: 0
2-1 [35.166666666666664, 28.583333333333332, 18.454545454545453, 16.833333333333332, 15.5, 14.181818181818182, 13.0, 12.916666666666666, 12.4375, 12.384615384615385, 12.363636363636363, 12.266666666666667, 12.1875, 19.615384615384617, 18.333333333333332, 13.916666666666666, 15.5, 15.2, 15.5, 13.454545454545455, 13.0, 12.846153846153847, 12.842105263157896, 13.727272727272727, 12.416666666666666, 12.416666666666666, 12.153846153846153, 11.416666666666666, 11.368421052631579, 11.0, 20.666666666666668, 16.90909090909091, 16.25, 15.583333333333334, 15.157894736842104, 15.071428571428571, 14.916666666666666, 14.153846153846153, 12.133333333333333, 12.133333333333333, 29.857142857142858, 27.833333333333332, 23.266666666666666, 15.166666666666666, 13.222222222222221, 13.090909090909092, 12.833333333333334, 22.307692307692307, 15.909090909090908, 14.76923076923077, 14.5, 13.777777777777779, 13.75, 13.666666666666666, 13.375, 13.166666666666666, 12.454545454545455, 12.5, 12.454545454545455, 12.083333333333334, 11.833333333333334, 16.272727272727273, 15.76923076923077, 14.666666666666666, 14.0, 13.333333333333334, 13.25, 13.166666666666666, 12.5, 12.142857142857142, 10.857142857142858, 10.4, 10.615384615384615, 16.583333333333332, 16.5, 16.5, 13.857142857142858, 13.75, 13.407407407407407, 13.4, 13.307692307692308, 13.055555555555555, 13.0, 12.714285714285714, 12.5, 12.466666666666667, 12.1875, 11.375, 11.26086956521739, 10.964285714285714, 11.083333333333334, 23.6, 21.636363636363637, 19.75, 16.166666666666668, 15.5, 14.25, 13.375, 13.266666666666667, 12.727272727272727, 12.125, 12.083333333333334, 11.153846153846153, 17.5, 16.545454545454547, 16.466666666666665, 15.416666666666666, 14.833333333333334, 14.76923076923077, 12.733333333333333]
2-2 [7.25, 9.416666666666666, 10.636363636363637, 9.666666666666666, 9.833333333333334, 7.636363636363637, 6.333333333333333, 7.5, 8.5625, 10.076923076923077, 11.272727272727273, 9.066666666666666, 7.6875, 8.153846153846153, 10.083333333333334, 9.666666666666666, 8.357142857142858, 8.733333333333333, 9.0, 10.0, 9.916666666666666, 8.461538461538462, 4.526315789473684, 8.181818181818182, 7.75, 8.083333333333334, 7.153846153846154, 10.333333333333334, 6.473684210526316, 6.5625, 11.083333333333334, 9.454545454545455, 8.166666666666666, 8.75, 5.894736842105263, 8.928571428571429, 9.916666666666666, 10.76923076923077, 8.133333333333333, 9.6, 7.428571428571429, 11.333333333333334, 8.933333333333334, 12.666666666666666, 7.611111111111111, 12.272727272727273, 12.083333333333334, 9.846153846153847, 11.818181818181818, 10.153846153846153, 8.833333333333334, 8.11111111111111, 9.166666666666666, 10.916666666666666, 5.625, 11.583333333333334, 11.818181818181818, 10.416666666666666, 8.818181818181818, 8.75, 10.75, 10.454545454545455, 6.3076923076923075, 8.75, 7.666666666666667, 7.4, 6.583333333333333, 9.916666666666666, 8.75, 3.0357142857142856, 6.285714285714286, 9.066666666666666, 8.692307692307692, 7.833333333333333, 9.333333333333334, 6.375, 8.357142857142858, 9.666666666666666, 3.4074074074074074, 6.266666666666667, 9.76923076923077, 5.555555555555555, 11.545454545454545, 4.428571428571429, 9.75, 7.2, 6.0, 3.7083333333333335, 5.217391304347826, 4.428571428571429, 10.5, 7.533333333333333, 11.545454545454545, 9.333333333333334, 8.583333333333334, 7.357142857142857, 4.35, 8.875, 6.8, 10.181818181818182, 8.3125, 9.916666666666666, 8.692307692307692, 7.833333333333333, 12.090909090909092, 6.133333333333334, 7.75, 10.166666666666666, 9.692307692307692, 8.6]
3-1 []
3-2 []
3-3 []
4-2 algo
d: 5 w: 9 k: 5
all [5.0, 5.818181818181818, 5.166666666666667, 6.666666666666667, 7.0, 5.833333333333333, 5.636363636363637, 5.583333333333333, 5.454545454545454, 4.75] 

ans 5.690909090909091 

number 0 switch: 2299
number 1 switch: 91
number 2 switch: 0
2-1 [19.666666666666668, 10.142857142857142, 9.923076923076923, 8.363636363636363, 8.181818181818182, 7.416666666666667, 6.666666666666667, 6.363636363636363, 6.266666666666667, 6.230769230769231, 5.75, 5.333333333333333, 5.083333333333333, 5.0, 9.166666666666666, 8.083333333333334, 6.583333333333333, 6.454545454545454, 7.076923076923077, 12.0625, 11.2, 9.625, 8.818181818181818, 7.133333333333334, 6.833333333333333, 6.625, 6.166666666666667, 5.933333333333334, 5.846153846153846, 5.75, 5.5, 5.461538461538462, 5.454545454545454, 5.214285714285714, 15.75, 9.066666666666666, 8.333333333333334, 7.090909090909091, 6.875, 6.833333333333333, 6.7272727272727275, 11.636363636363637, 9.916666666666666, 9.5, 7.416666666666667, 8.090909090909092, 8.5, 7.666666666666667, 7.454545454545454, 7.333333333333333, 7.545454545454546, 6.85, 6.833333333333333, 6.833333333333333, 6.75, 6.0, 10.416666666666666, 7.2727272727272725, 6.9375, 6.458333333333333, 6.136363636363637, 5.892857142857143, 5.636363636363637, 7.611111111111111, 8.166666666666666, 6.566666666666666, 5.666666666666667, 5.666666666666667, 5.65, 14.0, 10.363636363636363, 8.25, 7.928571428571429, 7.533333333333333, 7.454545454545454, 6.875, 6.833333333333333, 6.818181818181818, 6.333333333333333, 6.0, 10.076923076923077, 6.615384615384615, 6.5, 6.416666666666667, 6.083333333333333, 5.36, 5.333333333333333, 5.1875, 5.035714285714286, 5.5, 4.892857142857143]
2-2 [4.166666666666667, 3.2142857142857144, 4.0, 4.545454545454546, 4.545454545454546, 5.0, 2.8, 3.8181818181818183, 3.2666666666666666, 3.8461538461538463, 4.75, 4.916666666666667, 4.666666666666667, 4.833333333333333, 5.5, 3.75, 3.6666666666666665, 5.818181818181818, 4.230769230769231, 4.1875, 3.4, 4.3125, 5.0, 3.0, 4.166666666666667, 3.0, 4.166666666666667, 3.2666666666666666, 3.923076923076923, 5.166666666666667, 2.3214285714285716, 4.384615384615385, 5.0, 4.214285714285714, 3.25, 4.2, 6.666666666666667, 4.818181818181818, 2.9375, 6.666666666666667, 5.0, 7.0, 3.9166666666666665, 4.25, 3.5, 3.909090909090909, 5.666666666666667, 4.733333333333333, 5.818181818181818, 2.0476190476190474, 4.0, 3.15, 3.9166666666666665, 5.833333333333333, 3.5, 3.1875, 3.5833333333333335, 5.636363636363637, 3.6875, 2.0833333333333335, 2.3181818181818183, 1.5357142857142858, 4.7272727272727275, 2.388888888888889, 3.25, 1.9333333333333333, 4.0, 5.583333333333333, 2.35, 3.9166666666666665, 5.090909090909091, 4.25, 4.071428571428571, 3.4, 4.0, 2.75, 3.9166666666666665, 5.454545454545454, 3.75, 4.083333333333333, 3.769230769230769, 4.3076923076923075, 4.166666666666667, 3.4166666666666665, 4.0, 1.84, 4.333333333333333, 3.6875, 1.7857142857142858, 4.75, 1.7142857142857142]
3-1 []
3-2 []
3-3 []
[10.333333333333334, 5.416666666666667, 4.083333333333333] 244.3.4.192 210.218.218.164
[9.333333333333334, 6.25, 5.5] 41.177.241.108 41.177.241.176
4-2 algo
d: 6 w: 9 k: 5
all [4.833333333333333, 8.833333333333334, 5.2727272727272725, 4.916666666666667, 4.666666666666667, 4.416666666666667, 5.545454545454546, 6.166666666666667, 4.363636363636363, 4.363636363636363] 

ans 5.337878787878788 

number 0 switch: 2287
number 1 switch: 101
number 2 switch: 2
2-1 [8.416666666666666, 6.083333333333333, 5.833333333333333, 5.642857142857143, 5.538461538461538, 5.368421052631579, 5.066666666666666, 4.857142857142857, 5.0, 4.846153846153846, 4.846153846153846, 4.833333333333333, 10.5, 10.416666666666666, 7.909090909090909, 6.3076923076923075, 5.454545454545454, 8.75, 7.769230769230769, 7.153846153846154, 6.916666666666667, 6.571428571428571, 6.466666666666667, 6.3478260869565215, 6.833333333333333, 6.333333333333333, 6.333333333333333, 5.909090909090909, 5.825, 6.0, 5.5, 5.472727272727273, 5.25, 5.25, 5.083333333333333, 5.066666666666666, 5.0, 5.0, 4.933333333333334, 14.833333333333334, 10.083333333333334, 7.5, 6.363636363636363, 5.583333333333333, 5.428571428571429, 5.166666666666667, 5.142857142857143, 5.083333333333333, 5.076923076923077, 5.0, 4.923076923076923, 4.904761904761905, 4.857142857142857, 5.153846153846154, 4.75, 4.75, 12.583333333333334, 7.466666666666667, 6.65, 6.238095238095238, 6.166666666666667, 6.0, 5.818181818181818, 5.75, 5.2, 4.722222222222222, 4.5, 4.416666666666667, 14.916666666666666, 8.333333333333334, 8.181818181818182, 6.842105263157895, 6.8, 5.818181818181818, 8.416666666666666, 6.166666666666667, 10.833333333333334, 7.181818181818182, 6.933333333333334, 6.6923076923076925, 6.0, 5.545454545454546, 5.416666666666667, 5.083333333333333, 4.833333333333333, 5.0, 4.538461538461538, 4.75, 4.454545454545454, 4.4, 4.875, 8.583333333333334, 6.75, 6.75, 6.666666666666667, 5.666666666666667, 5.230769230769231, 5.147058823529412, 4.733333333333333, 4.666666666666667, 4.416666666666667]
2-2 [4.0, 4.5, 4.166666666666667, 1.5714285714285714, 3.6153846153846154, 2.6842105263157894, 2.6, 4.571428571428571, 3.8461538461538463, 4.3076923076923075, 3.6923076923076925, 3.8333333333333335, 3.8333333333333335, 8.833333333333334, 5.090909090909091, 3.076923076923077, 5.2727272727272725, 3.125, 4.6923076923076925, 3.6153846153846154, 4.083333333333333, 3.2142857142857144, 2.6, 1.826086956521739, 2.8333333333333335, 4.166666666666667, 4.0, 4.2727272727272725, 0.925, 4.818181818181818, 4.166666666666667, 0.6545454545454545, 2.25, 3.9166666666666665, 4.166666666666667, 3.0, 2.6470588235294117, 3.5833333333333335, 3.0, 4.333333333333333, 3.9166666666666665, 2.0555555555555554, 4.090909090909091, 4.0, 2.9285714285714284, 3.4166666666666665, 3.857142857142857, 3.9166666666666665, 4.538461538461538, 4.583333333333333, 4.461538461538462, 2.2857142857142856, 2.0285714285714285, 3.8461538461538463, 1.3928571428571428, 4.666666666666667, 3.1666666666666665, 3.2, 2.15, 2.5714285714285716, 4.416666666666667, 4.090909090909091, 4.181818181818182, 4.0, 4.0, 2.2777777777777777, 2.111111111111111, 4.0, 3.5, 3.5, 3.727272727272727, 2.526315789473684, 2.8, 4.636363636363637, 3.8333333333333335, 3.8333333333333335, 3.4166666666666665, 3.8181818181818183, 2.7333333333333334, 2.8461538461538463, 4.25, 3.909090909090909, 3.25, 3.6666666666666665, 4.25, 4.333333333333333, 3.6923076923076925, 3.5833333333333335, 4.090909090909091, 4.333333333333333, 3.0, 2.9166666666666665, 2.5625, 2.5, 1.5, 3.5833333333333335, 2.8461538461538463, 1.411764705882353, 3.2, 3.25, 3.0833333333333335]
3-1 [10.333333333333334, 9.333333333333334]
3-2 [5.416666666666667, 6.25]
3-3 [4.083333333333333, 5.5]
