4-3 algo
d: 5 w: 3 k: 1
all [99.16666666666667, 106.25, 104.18181818181819, 100.18181818181819, 102.72727272727273, 102.18181818181819, 102.81818181818181, 105.45454545454545, 102.66666666666667, 104.81818181818181] 

ans 103.04469696969697 

number 0 switch: 2323
number 1 switch: 67
number 2 switch: 0
2-1 [114.08333333333333, 114.08333333333333, 109.25, 104.18181818181819, 101.08333333333333, 100.0, 132.15384615384616, 124.0909090909091, 113.66666666666667, 113.08333333333333, 106.25, 131.33333333333334, 115.45454545454545, 109.0, 106.81818181818181, 155.0909090909091, 129.58333333333334, 119.41666666666667, 112.08333333333333, 112.08333333333333, 107.125, 106.66666666666667, 106.5, 103.71428571428571, 104.0909090909091, 103.6923076923077, 100.36363636363636, 255.33333333333334, 163.78571428571428, 115.83333333333333, 109.72727272727273, 109.63636363636364, 107.72727272727273, 106.5, 106.5, 106.30232558139535, 102.83333333333333, 261.125, 143.27272727272728, 118.26666666666667, 106.41666666666667, 106.41666666666667, 104.0, 108.18181818181819, 107.0, 106.15384615384616, 396.27272727272725, 232.58333333333334, 119.33333333333333, 118.63636363636364, 111.36363636363636, 105.83333333333333, 120.41666666666667, 119.63636363636364, 117.21428571428571, 115.0, 112.58333333333333, 105.27272727272727, 103.84615384615384, 121.9090909090909, 111.66666666666667, 108.0, 107.72727272727273, 106.45454545454545, 105.25, 105.16666666666667, 105.16666666666667]
2-2 [90.08333333333333, 99.16666666666667, 89.75, 87.63636363636364, 90.08333333333333, 90.0, 90.38461538461539, 98.72727272727273, 88.5, 106.25, 85.83333333333333, 93.41666666666667, 104.18181818181819, 93.41666666666667, 102.0, 86.72727272727273, 96.5, 90.58333333333333, 90.83333333333333, 87.83333333333333, 67.6875, 90.58333333333333, 87.83333333333333, 81.57142857142857, 98.9090909090909, 83.53846153846153, 100.18181818181819, 59.166666666666664, 43.142857142857146, 89.25, 102.72727272727273, 96.63636363636364, 90.81818181818181, 102.0, 94.08333333333333, 27.74418604651163, 97.91666666666667, 62.75, 102.18181818181819, 67.66666666666667, 84.83333333333333, 84.83333333333333, 91.72727272727273, 83.54545454545455, 102.81818181818181, 71.15384615384616, 105.45454545454545, 90.75, 96.66666666666667, 94.27272727272727, 94.27272727272727, 90.25, 86.33333333333333, 91.54545454545455, 71.71428571428571, 89.63636363636364, 86.33333333333333, 89.63636363636364, 89.92307692307692, 104.18181818181819, 96.0, 104.81818181818181, 95.0, 95.0, 91.5, 89.41666666666667, 91.41666666666667]
3-1 []
3-2 []
3-3 []
4-3 algo
d: 5 w: 6 k: 1
all [42.54545454545455, 45.18181818181818, 47.25, 43.90909090909091, 42.45454545454545, 44.36363636363637, 45.63636363636363, 43.36363636363637, 47.36363636363637, 46.63636363636363] 

ans 44.87045454545454 

number 0 switch: 2308
number 1 switch: 82
number 2 switch: 0
2-1 [153.4, 53.46666666666667, 50.083333333333336, 50.083333333333336, 46.083333333333336, 46.083333333333336, 44.857142857142854, 43.90909090909091, 43.84615384615385, 42.46153846153846, 43.18181818181818, 64.18181818181819, 56.0, 55.75, 51.166666666666664, 48.333333333333336, 48.333333333333336, 48.0, 48.0, 47.166666666666664, 46.90909090909091, 46.666666666666664, 47.166666666666664, 83.76, 57.09090909090909, 56.333333333333336, 54.45454545454545, 53.166666666666664, 50.5, 49.0, 47.93333333333333, 47.75, 47.666666666666664, 47.45454545454545, 73.41666666666667, 70.91666666666667, 58.25, 52.9375, 49.18181818181818, 49.0, 48.36363636363637, 45.083333333333336, 44.46666666666667, 203.38888888888889, 66.27272727272727, 59.166666666666664, 54.53846153846154, 51.857142857142854, 51.75, 48.833333333333336, 44.416666666666664, 47.666666666666664, 47.666666666666664, 45.583333333333336, 58.4375, 55.083333333333336, 53.25, 48.81818181818182, 48.72727272727273, 65.58333333333333, 51.666666666666664, 48.583333333333336, 45.09090909090909, 44.27272727272727, 43.833333333333336, 43.45454545454545, 67.66666666666667, 58.53846153846154, 57.083333333333336, 56.25, 51.54545454545455, 49.916666666666664, 47.75, 47.416666666666664, 47.36363636363637, 72.72727272727273, 63.09090909090909, 57.75, 53.90909090909091, 53.23076923076923, 53.23076923076923, 47.27272727272727]
2-2 [26.066666666666666, 23.6, 36.916666666666664, 32.916666666666664, 40.166666666666664, 32.916666666666664, 28.285714285714285, 32.90909090909091, 30.846153846153847, 36.38461538461539, 42.54545454545455, 45.18181818181818, 39.53846153846154, 44.666666666666664, 35.0, 35.0, 41.833333333333336, 35.166666666666664, 33.25, 42.916666666666664, 25.818181818181817, 41.833333333333336, 44.666666666666664, 16.72, 41.36363636363637, 47.25, 44.54545454545455, 36.75, 39.666666666666664, 36.53846153846154, 28.533333333333335, 38.833333333333336, 36.75, 29.727272727272727, 38.916666666666664, 39.75, 40.166666666666664, 23.625, 43.90909090909091, 33.25, 38.27272727272727, 31.166666666666668, 26.4, 25.444444444444443, 37.81818181818182, 39.5, 36.38461538461539, 29.928571428571427, 32.5, 34.583333333333336, 42.166666666666664, 32.833333333333336, 34.416666666666664, 35.25, 28.4375, 29.166666666666668, 30.083333333333332, 45.63636363636363, 40.09090909090909, 34.5, 39.5, 40.416666666666664, 35.81818181818182, 36.09090909090909, 40.416666666666664, 43.36363636363637, 31.5, 40.69230769230769, 44.166666666666664, 42.25, 40.81818181818182, 43.583333333333336, 46.0, 39.916666666666664, 40.36363636363637, 46.63636363636363, 44.90909090909091, 39.5, 42.45454545454545, 33.30769230769231, 25.76923076923077, 38.09090909090909]
3-1 []
3-2 []
3-3 []
4-3 algo
d: 5 w: 9 k: 1
all [23.454545454545453, 28.272727272727273, 23.53846153846154, 24.0, 26.833333333333332, 23.09090909090909, 21.6, 26.333333333333332, 25.333333333333332, 20.2] 

ans 24.265664335664333 

number 0 switch: 2315
number 1 switch: 75
number 2 switch: 0
2-1 [31.636363636363637, 28.916666666666668, 27.75, 27.363636363636363, 26.5, 25.818181818181817, 25.6, 24.75, 23.75, 24.25, 23.636363636363637, 23.583333333333332, 23.583333333333332, 30.2, 30.0, 28.545454545454547, 29.363636363636363, 32.266666666666666, 26.083333333333332, 25.181818181818183, 25.0, 24.083333333333332, 23.583333333333332, 30.692307692307693, 24.625, 24.384615384615383, 24.363636363636363, 24.272727272727273, 24.25, 32.083333333333336, 27.933333333333334, 31.916666666666668, 26.5, 26.466666666666665, 25.90909090909091, 24.166666666666668, 24.166666666666668, 23.818181818181817, 23.583333333333332, 49.45454545454545, 36.2, 30.818181818181817, 30.166666666666668, 29.083333333333332, 26.166666666666668, 26.083333333333332, 26.0, 25.27777777777778, 24.733333333333334, 24.5, 23.5, 22.416666666666668, 22.133333333333333, 32.083333333333336, 30.4, 29.727272727272727, 28.181818181818183, 27.166666666666668, 38.416666666666664, 36.63636363636363, 36.583333333333336, 29.363636363636363, 29.0, 28.545454545454547, 26.833333333333332, 25.923076923076923, 33.72727272727273, 27.5, 26.666666666666668, 26.666666666666668, 26.25, 21.90909090909091, 20.8, 20.416666666666668, 20.416666666666668]
2-2 [23.454545454545453, 16.583333333333332, 18.083333333333332, 22.90909090909091, 15.0, 21.272727272727273, 14.733333333333333, 22.416666666666668, 18.0, 19.416666666666668, 19.454545454545453, 18.416666666666668, 19.416666666666668, 13.6, 17.692307692307693, 28.272727272727273, 25.636363636363637, 17.933333333333334, 17.666666666666668, 17.272727272727273, 19.2, 21.5, 19.75, 22.692307692307693, 15.8125, 19.615384615384617, 21.0, 24.0, 14.75, 26.833333333333332, 12.8, 21.583333333333332, 16.75, 17.866666666666667, 16.454545454545453, 18.333333333333332, 15.0, 18.363636363636363, 17.25, 19.09090909090909, 18.333333333333332, 19.09090909090909, 16.916666666666668, 12.833333333333334, 16.583333333333332, 20.833333333333332, 15.75, 9.666666666666666, 12.733333333333333, 20.25, 12.833333333333334, 20.25, 21.6, 24.583333333333332, 16.133333333333333, 21.0, 25.181818181818183, 19.25, 16.5, 18.90909090909091, 20.083333333333332, 18.90909090909091, 20.166666666666668, 17.818181818181817, 16.083333333333332, 22.53846153846154, 19.0, 16.916666666666668, 20.0, 12.75, 17.083333333333332, 15.909090909090908, 20.2, 19.333333333333332, 17.916666666666668]
3-1 []
3-2 []
3-3 []
4-3 algo
d: 6 w: 9 k: 1
all [22.272727272727273, 22.0, 20.0, 22.583333333333332, 24.333333333333332, 26.363636363636363, 22.727272727272727, 25.272727272727273, 23.727272727272727, 22.363636363636363] 

ans 23.16439393939394 

number 0 switch: 2323
number 1 switch: 67
number 2 switch: 0
2-1 [26.916666666666668, 25.0, 24.8, 24.733333333333334, 24.571428571428573, 23.333333333333332, 22.916666666666668, 31.083333333333332, 24.833333333333332, 24.615384615384617, 22.666666666666668, 22.545454545454547, 28.307692307692307, 22.53846153846154, 21.5, 20.846153846153847, 20.833333333333332, 20.833333333333332, 21.90909090909091, 20.6875, 21.083333333333332, 27.272727272727273, 26.75, 23.25, 23.083333333333332, 22.818181818181817, 22.75, 22.75, 22.75, 25.23076923076923, 24.928571428571427, 33.75, 28.636363636363637, 28.09090909090909, 26.416666666666668, 34.0, 28.09090909090909, 27.272727272727273, 25.333333333333332, 24.615384615384617, 23.6, 23.23076923076923, 34.666666666666664, 31.416666666666668, 30.53846153846154, 28.928571428571427, 28.0, 28.0, 27.75, 26.733333333333334, 25.583333333333332, 25.5, 25.333333333333332, 28.083333333333332, 26.416666666666668, 31.846153846153847, 27.666666666666668, 27.5, 26.583333333333332, 26.363636363636363, 24.153846153846153, 24.0, 24.0, 23.833333333333332, 23.454545454545453, 23.916666666666668, 23.416666666666668]
2-2 [17.833333333333332, 16.166666666666668, 16.0, 15.933333333333334, 7.821428571428571, 18.5, 17.833333333333332, 16.5, 16.333333333333332, 16.076923076923077, 20.083333333333332, 22.0, 17.53846153846154, 13.384615384615385, 15.75, 16.846153846153847, 12.333333333333334, 20.0, 17.0, 15.5625, 15.833333333333334, 17.818181818181817, 18.833333333333332, 18.916666666666668, 18.833333333333332, 18.818181818181817, 19.25, 18.916666666666668, 22.583333333333332, 19.923076923076923, 17.142857142857142, 22.166666666666668, 26.363636363636363, 19.363636363636363, 17.333333333333332, 16.75, 22.727272727272727, 18.363636363636363, 19.5, 21.0, 17.866666666666667, 11.384615384615385, 18.083333333333332, 18.916666666666668, 15.307692307692308, 15.857142857142858, 24.181818181818183, 23.083333333333332, 18.916666666666668, 17.533333333333335, 16.416666666666668, 18.428571428571427, 19.333333333333332, 17.916666666666668, 16.666666666666668, 16.23076923076923, 19.916666666666668, 19.916666666666668, 17.75, 19.454545454545453, 18.384615384615383, 14.363636363636363, 18.083333333333332, 20.583333333333332, 19.818181818181817, 20.0, 19.916666666666668]
3-1 []
3-2 []
3-3 []
[98.36363636363636, 96.54545454545455, 96.27272727272727] 41.177.241.46 151.77.15.40
4-3 algo
d: 5 w: 3 k: 3
all [96.0, 100.63636363636364, 94.63636363636364, 93.66666666666667, 105.36363636363636, 96.54545454545455, 103.0909090909091, 96.63636363636364, 96.54545454545455, 103.9090909090909] 

ans 98.7030303030303 

number 0 switch: 2294
number 1 switch: 95
number 2 switch: 1
2-1 [129.16666666666666, 115.25, 115.25, 112.0, 112.0, 102.41666666666667, 102.41666666666667, 101.71428571428571, 133.5625, 129.27272727272728, 121.17391304347827, 120.5, 120.36363636363636, 115.45454545454545, 113.81818181818181, 105.08333333333333, 104.25, 104.25, 104.25, 104.25, 114.0, 113.72727272727273, 106.33333333333333, 104.16666666666667, 102.75, 100.5, 100.5, 100.5, 98.58333333333333, 97.27272727272727, 96.71428571428571, 364.4166666666667, 139.5, 113.92307692307692, 102.54545454545455, 102.45454545454545, 101.83333333333333, 101.63636363636364, 98.83333333333333, 98.83333333333333, 98.08333333333333, 97.41666666666667, 97.41666666666667, 97.41666666666667, 95.75, 93.91666666666667, 188.53333333333333, 154.1764705882353, 119.27272727272727, 118.0909090909091, 115.66666666666667, 108.16666666666667, 107.0909090909091, 164.41666666666666, 132.1818181818182, 123.85714285714286, 119.16666666666667, 116.61538461538461, 103.66666666666667, 103.64285714285714, 98.81818181818181, 98.15384615384616, 140.0, 129.15384615384616, 125.36363636363636, 116.25, 114.81818181818181, 112.93333333333334, 107.18181818181819, 105.16666666666667, 105.16666666666667, 105.16666666666667, 104.75, 107.5, 107.5, 102.41666666666667, 101.5, 99.5, 99.5, 98.58333333333333, 96.66666666666667, 115.54545454545455, 114.25, 105.57142857142857, 100.36363636363636, 99.16666666666667, 98.16666666666667, 349.4166666666667, 113.0909090909091, 111.5, 111.18181818181819, 111.08333333333333, 109.16666666666667, 104.25, 104.25]
2-2 [85.08333333333333, 96.0, 92.08333333333333, 81.25, 85.08333333333333, 82.08333333333333, 82.0, 70.14285714285714, 32.71875, 79.81818181818181, 47.608695652173914, 92.41666666666667, 100.63636363636364, 79.81818181818181, 79.81818181818181, 88.91666666666667, 73.08333333333333, 80.91666666666667, 73.08333333333333, 92.16666666666667, 93.33333333333333, 94.63636363636364, 85.08333333333333, 85.08333333333333, 86.66666666666667, 89.75, 93.5, 86.66666666666667, 87.41666666666667, 89.36363636363636, 42.357142857142854, 93.66666666666667, 83.33333333333333, 80.6923076923077, 92.54545454545455, 92.54545454545455, 84.75, 91.0, 84.75, 83.33333333333333, 87.25, 84.75, 84.75, 84.75, 84.75, 84.75, 64.46666666666667, 56.76470588235294, 96.9090909090909, 88.27272727272727, 80.83333333333333, 80.83333333333333, 95.72727272727273, 90.08333333333333, 96.45454545454545, 74.92857142857143, 89.66666666666667, 81.46153846153847, 88.33333333333333, 75.64285714285714, 96.45454545454545, 81.53846153846153, 89.25, 82.6923076923077, 103.0909090909091, 89.25, 90.72727272727273, 71.53333333333333, 98.81818181818181, 89.25, 83.08333333333333, 83.08333333333333, 62.0625, 89.16666666666667, 89.16666666666667, 94.83333333333333, 88.75, 83.41666666666667, 94.83333333333333, 94.41666666666667, 88.75, 92.18181818181819, 86.75, 77.57142857142857, 96.54545454545455, 84.41666666666667, 88.08333333333333, 95.16666666666667, 103.9090909090909, 74.85714285714286, 95.54545454545455, 94.66666666666667, 87.5, 84.0, 91.66666666666667]
3-1 [98.36363636363636]
3-2 [96.54545454545455]
3-3 [96.27272727272727]
4-3 algo
d: 5 w: 6 k: 3
all [45.916666666666664, 43.45454545454545, 41.81818181818182, 38.0, 45.72727272727273, 42.25, 43.72727272727273, 43.63636363636363, 50.916666666666664, 43.166666666666664] 

ans 43.861363636363635 

number 0 switch: 2312
number 1 switch: 78
number 2 switch: 0
2-1 [59.72727272727273, 52.75, 47.083333333333336, 46.166666666666664, 56.0, 44.416666666666664, 44.0, 331.54545454545456, 73.0625, 58.625, 54.5, 50.75, 50.666666666666664, 50.0, 47.0, 45.75, 45.333333333333336, 44.75, 44.18181818181818, 42.15384615384615, 60.45454545454545, 52.81818181818182, 47.27272727272727, 46.916666666666664, 46.916666666666664, 42.0625, 41.75, 40.25, 38.666666666666664, 54.666666666666664, 50.666666666666664, 50.0625, 48.75, 48.72727272727273, 48.166666666666664, 48.083333333333336, 46.5, 45.81818181818182, 56.84615384615385, 56.81818181818182, 49.583333333333336, 49.416666666666664, 49.416666666666664, 49.13333333333333, 48.583333333333336, 47.75, 47.75, 47.75, 47.1875, 47.083333333333336, 46.916666666666664, 45.8, 45.53846153846154, 45.53846153846154, 44.333333333333336, 42.90909090909091, 53.25, 51.86666666666667, 51.8, 47.666666666666664, 45.916666666666664, 45.916666666666664, 44.72727272727273, 57.0, 51.083333333333336, 49.416666666666664, 46.72727272727273, 45.07142857142857, 44.0, 121.03448275862068, 65.5, 62.166666666666664, 62.166666666666664, 52.46153846153846, 60.0, 52.54545454545455, 46.90909090909091, 46.333333333333336]
2-2 [35.27272727272727, 45.916666666666664, 36.5, 41.75, 40.54545454545455, 42.916666666666664, 43.45454545454545, 32.90909090909091, 27.875, 30.25, 36.416666666666664, 38.75, 38.75, 31.083333333333332, 31.363636363636363, 35.083333333333336, 38.75, 38.75, 41.81818181818182, 38.38461538461539, 37.81818181818182, 34.18181818181818, 33.27272727272727, 32.75, 32.75, 26.25, 32.333333333333336, 37.583333333333336, 31.25, 41.833333333333336, 37.416666666666664, 27.8125, 39.833333333333336, 34.36363636363637, 37.416666666666664, 37.083333333333336, 36.75, 45.72727272727273, 27.384615384615383, 39.72727272727273, 37.25, 33.0, 42.25, 29.333333333333332, 33.0, 36.916666666666664, 30.0, 35.416666666666664, 27.6875, 0.0, 36.333333333333336, 29.6, 33.46153846153846, 32.07692307692308, 29.75, 40.63636363636363, 30.5, 28.0, 24.933333333333334, 39.5, 30.666666666666668, 31.416666666666668, 43.72727272727273, 27.6, 34.75, 28.083333333333332, 43.63636363636363, 28.571428571428573, 32.833333333333336, 14.448275862068966, 34.166666666666664, 36.333333333333336, 38.416666666666664, 33.46153846153846, 43.166666666666664, 39.0, 36.90909090909091, 36.5]
3-1 []
3-2 []
3-3 []
4-3 algo
d: 5 w: 9 k: 3
all [22.666666666666668, 22.454545454545453, 24.083333333333332, 24.25, 32.5, 25.363636363636363, 23.5, 23.666666666666668, 24.0, 22.666666666666668] 

ans 24.515151515151512 

number 0 switch: 2341
number 1 switch: 49
number 2 switch: 0
2-1 [33.15384615384615, 33.25, 27.90909090909091, 27.363636363636363, 26.142857142857142, 24.846153846153847, 35.69230769230769, 28.0, 25.0, 25.0, 23.0, 23.0, 31.0, 30.083333333333332, 29.53846153846154, 29.272727272727273, 27.727272727272727, 27.466666666666665, 26.90909090909091, 26.5, 25.545454545454547, 25.0, 24.266666666666666, 30.416666666666668, 26.666666666666668, 26.666666666666668, 24.416666666666668, 37.0, 55.63636363636363, 27.1875, 25.416666666666668, 32.25, 27.0, 25.25, 24.0, 23.571428571428573, 32.916666666666664, 32.666666666666664, 31.076923076923077, 28.666666666666668, 27.133333333333333, 22.833333333333332, 26.272727272727273, 26.75, 24.916666666666668, 38.25, 26.454545454545453, 25.833333333333332, 23.416666666666668]
2-2 [20.153846153846153, 15.416666666666666, 21.363636363636363, 20.545454545454547, 15.428571428571429, 17.923076923076923, 16.846153846153847, 19.166666666666668, 18.833333333333332, 22.454545454545453, 22.0, 19.09090909090909, 18.75, 19.5, 18.846153846153847, 22.818181818181817, 22.636363636363637, 18.8, 22.818181818181817, 24.0, 20.363636363636363, 20.666666666666668, 14.0, 22.5, 18.166666666666668, 24.25, 18.166666666666668, 19.916666666666668, 21.09090909090909, 16.125, 20.166666666666668, 23.5, 10.5625, 14.6875, 19.916666666666668, 16.928571428571427, 16.916666666666668, 20.5, 16.307692307692307, 17.583333333333332, 14.6, 18.166666666666668, 17.818181818181817, 16.333333333333332, 19.333333333333332, 20.083333333333332, 21.818181818181817, 20.083333333333332, 18.25]
3-1 []
3-2 []
3-3 []
4-3 algo
d: 6 w: 9 k: 3
all [18.545454545454547, 23.272727272727273, 22.454545454545453, 20.90909090909091, 22.416666666666668, 23.727272727272727, 21.0, 22.384615384615383, 24.166666666666668, 21.916666666666668] 

ans 22.07937062937063 

number 0 switch: 2321
number 1 switch: 69
number 2 switch: 0
2-1 [33.916666666666664, 25.666666666666668, 25.09090909090909, 23.25, 22.416666666666668, 21.4, 20.454545454545453, 19.818181818181817, 19.6875, 18.692307692307693, 38.30769230769231, 29.181818181818183, 24.916666666666668, 24.25, 23.75, 23.583333333333332, 36.833333333333336, 33.92307692307692, 25.5, 24.5, 25.5, 25.09090909090909, 24.53846153846154, 23.416666666666668, 23.333333333333332, 22.0, 51.90909090909091, 25.25, 24.916666666666668, 23.75, 23.09090909090909, 22.916666666666668, 36.45454545454545, 34.69230769230769, 29.2, 25.09090909090909, 25.0, 24.153846153846153, 24.083333333333332, 27.5, 27.0, 24.666666666666668, 24.857142857142858, 23.90909090909091, 22.692307692307693, 22.583333333333332, 22.583333333333332, 21.666666666666668, 32.833333333333336, 28.23076923076923, 28.23076923076923, 27.5, 26.53846153846154, 25.833333333333332, 25.0, 24.727272727272727, 37.72727272727273, 28.0, 25.583333333333332, 24.545454545454547, 38.166666666666664, 30.916666666666668, 25.90909090909091, 23.4, 22.416666666666668, 22.333333333333332, 22.166666666666668, 22.083333333333332, 22.083333333333332]
2-2 [17.25, 16.5, 17.636363636363637, 16.333333333333332, 17.666666666666668, 16.066666666666666, 17.90909090909091, 17.727272727272727, 12.375, 15.846153846153847, 14.307692307692308, 23.272727272727273, 17.583333333333332, 16.75, 17.333333333333332, 19.75, 16.833333333333332, 15.846153846153847, 18.333333333333332, 17.166666666666668, 15.0625, 20.90909090909091, 15.76923076923077, 14.416666666666666, 18.083333333333332, 13.333333333333334, 19.272727272727273, 17.333333333333332, 22.416666666666668, 19.416666666666668, 20.727272727272727, 8.958333333333334, 18.454545454545453, 19.0, 15.666666666666666, 20.454545454545453, 18.833333333333332, 16.23076923076923, 18.333333333333332, 15.583333333333334, 19.454545454545453, 17.833333333333332, 15.357142857142858, 19.454545454545453, 15.153846153846153, 13.333333333333334, 16.5, 15.583333333333334, 14.083333333333334, 17.153846153846153, 22.384615384615383, 19.333333333333332, 15.153846153846153, 15.916666666666666, 21.454545454545453, 15.636363636363637, 18.545454545454547, 19.454545454545453, 18.75, 19.636363636363637, 16.916666666666668, 21.0, 19.0, 12.866666666666667, 16.0, 18.583333333333332, 18.333333333333332, 16.083333333333332, 21.916666666666668]
3-1 []
3-2 []
3-3 []
[106.27272727272727, 104.0909090909091, 102.54545454545455] 41.177.26.176 122.39.210.202
4-3 algo
d: 5 w: 3 k: 5
all [98.9090909090909, 102.54545454545455, 106.45454545454545, 100.54545454545455, 96.54545454545455, 105.63636363636364, 106.72727272727273, 103.45454545454545, 98.33333333333333, 98.18181818181819] 

ans 101.73333333333335 

number 0 switch: 2319
number 1 switch: 70
number 2 switch: 1
2-1 [142.27272727272728, 101.83333333333333, 99.54545454545455, 100.45454545454545, 114.5, 110.18181818181819, 106.67857142857143, 106.27272727272727, 106.27272727272727, 103.25, 103.25, 127.36363636363636, 110.27272727272727, 249.54545454545453, 143.53846153846155, 121.0, 116.83333333333333, 115.18181818181819, 110.33333333333333, 110.33333333333333, 109.38461538461539, 104.18181818181819, 124.81818181818181, 111.41666666666667, 111.66666666666667, 103.66666666666667, 103.66666666666667, 100.41666666666667, 100.75, 98.3125, 97.25, 97.25, 96.54545454545455, 125.08333333333333, 121.54545454545455, 111.33333333333333, 111.27272727272727, 111.0, 109.45454545454545, 121.25, 118.63636363636364, 118.58333333333333, 117.0909090909091, 108.25, 107.72727272727273, 107.33333333333333, 106.9090909090909, 362.25, 115.6923076923077, 112.16666666666667, 107.625, 106.81818181818181, 104.81818181818181, 272.06666666666666, 139.15, 117.25, 106.0, 103.45454545454545, 100.25, 100.0909090909091, 100.08333333333333, 98.66666666666667, 98.45454545454545, 120.27272727272727, 118.5, 116.27272727272727, 110.16666666666667, 99.66666666666667, 99.58333333333333, 99.58333333333333]
2-2 [86.36363636363636, 82.75, 90.36363636363636, 98.9090909090909, 90.16666666666667, 98.45454545454545, 36.32142857142857, 96.27272727272727, 96.54545454545455, 88.41666666666667, 88.16666666666667, 88.72727272727273, 97.0, 100.54545454545455, 82.46153846153847, 81.75, 81.75, 89.27272727272727, 85.0, 85.0, 82.46153846153847, 90.0, 96.54545454545455, 94.41666666666667, 94.0, 89.75, 89.75, 85.83333333333333, 92.66666666666667, 67.0625, 87.58333333333333, 87.58333333333333, 93.72727272727273, 95.58333333333333, 104.36363636363636, 95.58333333333333, 102.9090909090909, 89.33333333333333, 104.36363636363636, 95.41666666666667, 103.0, 92.83333333333333, 103.0, 92.83333333333333, 106.72727272727273, 97.91666666666667, 101.36363636363636, 83.83333333333333, 77.3076923076923, 59.833333333333336, 62.625, 103.45454545454545, 98.81818181818181, 76.4, 49.1, 85.0, 82.5, 90.0909090909091, 82.16666666666667, 0.0, 98.33333333333333, 90.16666666666667, 92.81818181818181, 96.45454545454545, 88.33333333333333, 98.18181818181819, 88.25, 88.25, 92.41666666666667, 88.25]
3-1 [106.27272727272727]
3-2 [104.0909090909091]
3-3 [102.54545454545455]
[56.54545454545455, 44.72727272727273, 44.18181818181818] 41.177.98.220 244.3.185.121
[48.09090909090909, 44.18181818181818, 43.81818181818182] 41.177.98.220 244.3.185.121
4-3 algo
d: 5 w: 6 k: 5
all [47.27272727272727, 43.72727272727273, 44.18181818181818, 40.27272727272727, 40.63636363636363, 46.416666666666664, 43.81818181818182, 40.81818181818182, 43.083333333333336, 46.54545454545455] 

ans 43.67727272727272 

number 0 switch: 2324
number 1 switch: 64
number 2 switch: 2
2-1 [60.81818181818182, 55.333333333333336, 53.166666666666664, 53.0, 48.833333333333336, 48.25, 47.285714285714285, 56.5, 50.27272727272727, 47.333333333333336, 47.083333333333336, 44.083333333333336, 44.166666666666664, 59.5, 58.333333333333336, 47.45454545454545, 46.833333333333336, 45.416666666666664, 44.375, 55.09090909090909, 49.357142857142854, 44.38461538461539, 43.25, 42.833333333333336, 40.72727272727273, 41.583333333333336, 52.75, 51.63636363636363, 48.42857142857143, 42.75, 61.90909090909091, 60.333333333333336, 48.0, 47.25, 58.25, 46.0, 45.166666666666664, 44.75, 82.0909090909091, 67.1875, 59.93333333333333, 59.93333333333333, 50.0, 49.77777777777778, 44.45454545454545, 43.61538461538461, 43.25, 43.166666666666664, 43.166666666666664, 41.666666666666664, 70.08333333333333, 51.75, 47.13333333333333, 45.666666666666664, 45.3375, 43.23076923076923, 80.66666666666667, 75.08333333333333, 58.4375, 53.72727272727273, 52.666666666666664, 51.266666666666666, 50.45454545454545, 46.916666666666664]
2-2 [45.09090909090909, 41.0, 44.25, 47.27272727272727, 40.75, 31.583333333333332, 33.785714285714285, 39.75, 42.27272727272727, 38.666666666666664, 34.916666666666664, 40.0, 43.083333333333336, 40.416666666666664, 40.416666666666664, 43.81818181818182, 40.0, 29.916666666666668, 29.8125, 40.27272727272727, 13.821428571428571, 30.923076923076923, 30.25, 34.333333333333336, 39.54545454545455, 31.583333333333332, 18.5, 35.27272727272727, 29.571428571428573, 36.916666666666664, 35.63636363636363, 46.416666666666664, 40.63636363636363, 41.583333333333336, 40.416666666666664, 38.0, 40.416666666666664, 32.333333333333336, 37.0, 27.25, 26.8, 27.533333333333335, 32.0, 22.166666666666668, 33.18181818181818, 39.84615384615385, 34.666666666666664, 34.75, 36.666666666666664, 32.0, 43.0, 38.083333333333336, 28.533333333333335, 34.25, 0.0, 35.07692307692308, 41.0, 35.083333333333336, 24.875, 38.36363636363637, 39.833333333333336, 27.866666666666667, 46.54545454545455, 40.166666666666664]
3-1 [56.54545454545455, 48.09090909090909]
3-2 [44.72727272727273, 44.18181818181818]
3-3 [44.18181818181818, 43.81818181818182]
4-3 algo
d: 5 w: 9 k: 5
all [24.0, 22.25, 26.454545454545453, 25.545454545454547, 23.333333333333332, 23.727272727272727, 24.09090909090909, 28.0, 22.666666666666668, 24.90909090909091] 

ans 24.49772727272727 

number 0 switch: 2337
number 1 switch: 53
number 2 switch: 0
2-1 [27.142857142857142, 27.0, 25.727272727272727, 25.166666666666668, 25.0, 39.25, 23.545454545454547, 23.384615384615383, 23.333333333333332, 22.53846153846154, 40.25, 31.90909090909091, 30.666666666666668, 26.846153846153847, 28.75, 27.90909090909091, 27.0, 25.666666666666668, 25.666666666666668, 25.55, 30.083333333333332, 28.25, 28.083333333333332, 27.583333333333332, 23.818181818181817, 44.90909090909091, 28.333333333333332, 27.666666666666668, 27.666666666666668, 26.181818181818183, 25.916666666666668, 25.666666666666668, 24.933333333333334, 23.916666666666668, 23.727272727272727, 29.0, 27.454545454545453, 25.615384615384617, 24.727272727272727, 24.5, 24.333333333333332, 44.833333333333336, 31.166666666666668, 30.5, 30.5, 30.5, 29.25, 27.545454545454547, 27.0625, 26.666666666666668, 25.571428571428573, 24.333333333333332, 23.916666666666668]
2-2 [7.857142857142857, 20.846153846153847, 24.0, 18.083333333333332, 15.666666666666666, 22.25, 21.363636363636363, 19.923076923076923, 15.4, 18.076923076923077, 17.666666666666668, 19.363636363636363, 19.916666666666668, 17.307692307692307, 20.75, 24.181818181818183, 24.666666666666668, 21.083333333333332, 21.083333333333332, 11.4, 16.333333333333332, 23.333333333333332, 21.416666666666668, 18.0, 0.0, 23.727272727272727, 16.916666666666668, 22.583333333333332, 18.833333333333332, 21.0, 21.0, 21.0, 18.2, 18.833333333333332, 20.363636363636363, 20.09090909090909, 24.09090909090909, 15.692307692307692, 20.09090909090909, 21.75, 16.0, 18.583333333333332, 24.75, 23.416666666666668, 19.833333333333332, 20.5, 18.166666666666668, 19.272727272727273, 16.375, 22.166666666666668, 14.285714285714286, 14.533333333333333, 17.5]
3-1 []
3-2 []
3-3 []
4-3 algo
d: 6 w: 9 k: 5
all [21.416666666666668, 20.083333333333332, 18.90909090909091, 22.181818181818183, 23.583333333333332, 30.0, 24.272727272727273, 20.46153846153846, 20.615384615384617, 21.75] 

ans 22.32738927738928 

number 0 switch: 2310
number 1 switch: 80
number 2 switch: 0
2-1 [40.45454545454545, 27.90909090909091, 26.5, 25.6875, 24.333333333333332, 23.0, 22.09090909090909, 21.666666666666668, 25.545454545454547, 24.583333333333332, 24.428571428571427, 24.272727272727273, 23.727272727272727, 22.166666666666668, 21.833333333333332, 21.166666666666668, 20.8, 20.666666666666668, 34.90909090909091, 31.454545454545453, 29.466666666666665, 24.25, 23.583333333333332, 22.8, 22.25, 21.75, 20.5, 20.15, 19.90909090909091, 19.25, 18.65, 19.818181818181817, 40.833333333333336, 31.071428571428573, 26.0625, 25.733333333333334, 25.583333333333332, 25.25, 25.0, 24.923076923076923, 24.0, 23.88235294117647, 23.583333333333332, 24.181818181818183, 23.0, 22.75, 30.25, 29.416666666666668, 27.0, 26.166666666666668, 36.23076923076923, 27.0, 25.846153846153847, 25.166666666666668, 24.583333333333332, 21.583333333333332, 21.416666666666668, 20.916666666666668, 20.642857142857142, 34.583333333333336, 33.916666666666664, 31.083333333333332, 24.642857142857142, 24.545454545454547, 23.75, 22.416666666666668, 21.166666666666668, 22.0, 20.384615384615383, 20.384615384615383, 20.333333333333332, 19.818181818181817, 30.333333333333332, 30.083333333333332, 24.333333333333332, 23.0, 22.636363636363637, 21.916666666666668, 21.75, 21.75]
2-2 [19.545454545454547, 19.181818181818183, 15.666666666666666, 11.1875, 18.083333333333332, 19.818181818181817, 19.181818181818183, 17.5, 17.545454545454547, 20.083333333333332, 18.5, 19.636363636363637, 19.545454545454547, 16.75, 17.833333333333332, 14.916666666666666, 14.933333333333334, 19.75, 17.545454545454547, 18.90909090909091, 13.6, 17.083333333333332, 17.583333333333332, 12.733333333333333, 18.083333333333332, 17.666666666666668, 0.0, 9.95, 18.09090909090909, 16.416666666666668, 10.45, 17.363636363636363, 21.583333333333332, 14.714285714285714, 14.6875, 14.666666666666666, 16.75, 16.583333333333332, 16.583333333333332, 20.307692307692307, 18.916666666666668, 14.647058823529411, 22.083333333333332, 22.181818181818183, 13.25, 16.583333333333332, 14.666666666666666, 18.333333333333332, 22.0, 16.25, 16.0, 20.46153846153846, 15.307692307692308, 17.583333333333332, 20.416666666666668, 16.833333333333332, 19.166666666666668, 18.0, 14.714285714285714, 18.5, 19.333333333333332, 16.75, 14.357142857142858, 17.363636363636363, 16.916666666666668, 19.333333333333332, 18.75, 18.083333333333332, 15.923076923076923, 16.615384615384617, 16.916666666666668, 17.636363636363637, 20.083333333333332, 16.166666666666668, 20.083333333333332, 18.416666666666668, 16.727272727272727, 15.25, 21.75, 15.25]
3-1 []
3-2 []
3-3 []
