4-1 base2
d: 5 w: 3 k: 1
all [475.0, 2109.0, 501.0, 619.0, 491.0, 448.0, 589.0, 369.0, 684.0, 613.5, 731.0, 1982.0, 496.0, 441.0, 781.0, 3375.0, 653.0, 544.0, 610.0, 489.0, 1012.5, 360.0, 2496.0, 496.25, 523.0, 478.85714285714283, 668.0, 495.0, 417.0, 568.0] 

ans 817.170238095238 

4-1 base2
d: 5 w: 6 k: 1
all [399.0, 197.0, 333.0, 305.0, 328.0, 299.0, 278.0, 317.0, 344.0, 166.0, 176.0, 331.0, 317.0, 216.0, 212.0, 193.0, 353.0, 196.0, 331.0, 319.0, 331.0, 458.0, 369.0, 408.0, 322.5, 440.0, 166.0, 345.0, 191.0, 1041.0] 

ans 322.71666666666664 

4-1 base2
d: 5 w: 9 k: 1
all [104.5, 278.0, 110.0, 98.0, 133.0, 96.0, 112.0, 84.0, 239.0, 144.0, 130.0, 230.0, 93.0, 105.0, 85.0, 264.0, 115.0, 106.0, 119.0, 97.0, 111.0, 104.0, 109.0, 110.0, 255.5, 317.0, 113.0, 120.0, 101.0, 137.0] 

ans 140.66666666666666 

4-1 base2
d: 6 w: 9 k: 1
all [138.0, 122.0, 125.0, 101.0, 277.0, 72.0, 104.0, 67.0, 137.0, 134.0, 79.0, 101.0, 128.0, 88.0, 68.0, 71.0, 151.0, 88.0, 106.0, 71.0, 132.0, 131.0, 134.0, 232.0, 81.0, 117.0, 136.0, 100.0, 80.0, 132.0] 

ans 116.76666666666667 

4-1 base2
d: 5 w: 3 k: 3
all [366.0, 718.0, 2002.0, 424.0, 393.0, 1111.6666666666667, 555.0, 397.0, 1076.0, 388.0, 478.0, 3378.0, 533.0, 720.0, 1969.0, 526.0, 545.5, 1019.5, 475.0, 380.0, 456.0, 580.0, 460.0, 502.0, 398.0, 2315.0, 294.0, 468.0, 324.0, 571.0] 

ans 794.088888888889 

4-1 base2
d: 5 w: 6 k: 3
all [349.0, 376.0, 169.0, 175.0, 303.0, 251.0, 276.0, 236.0, 188.5, 243.0, 203.0, 244.0, 284.0, 445.0, 138.0, 337.0, 194.0, 301.0, 178.0, 171.0, 681.0, 344.0, 295.0, 203.0, 340.0, 196.0, 361.0, 333.0, 237.0, 304.0] 

ans 278.51666666666665 

4-1 base2
d: 5 w: 9 k: 3
all [147.0, 78.0, 153.0, 81.0, 304.0, 80.0, 90.0, 81.0, 100.0, 196.5, 84.0, 99.0, 156.0, 81.0, 133.0, 60.0, 135.0, 108.0, 165.0, 100.0, 124.0, 129.0, 151.0, 114.0, 89.0, 107.0, 115.0, 148.0, 132.0, 172.0] 

ans 123.75 

4-1 base2
d: 6 w: 9 k: 3
all [82.0, 69.0, 76.0, 100.0, 140.0, 96.0, 149.0, 128.0, 58.0, 227.0, 62.0, 112.0, 85.0, 94.0, 215.0, 101.0, 75.0, 73.0, 115.0, 96.0, 99.0, 75.0, 134.0, 116.0, 85.0, 67.0, 107.0, 87.0, 319.0, 99.0] 

ans 111.36666666666666 

4-1 base2
d: 5 w: 3 k: 5
all [375.0, 410.0, 426.0, 340.0, 469.0, 439.0, 509.5, 2311.0, 414.0, 286.0, 2106.0, 3472.0, 458.0, 556.5, 335.0, 386.0, 383.0, 676.0, 484.0, 630.0, 1691.0, 496.0, 422.0, 2040.0, 462.0, 550.0, 551.0, 397.0, 453.0, 502.0] 

ans 767.6666666666666 

4-1 base2
d: 5 w: 6 k: 5
all [153.0, 316.0, 335.0, 349.0, 308.0, 329.0, 188.7, 325.0, 355.0, 183.0, 257.0, 190.0, 324.0, 188.5, 316.0, 299.0, 258.0, 350.0, 277.0, 349.0, 197.0, 214.0, 351.0, 351.0, 171.5, 313.0, 348.0, 157.0, 382.0, 348.0] 

ans 282.7566666666667 

4-1 base2
d: 5 w: 9 k: 5
all [85.0, 100.0, 78.0, 180.0, 116.0, 73.0, 120.0, 91.0, 93.0, 124.5, 200.0, 70.0, 103.0, 136.0, 81.0, 86.0, 129.0, 106.0, 122.0, 71.0, 75.0, 109.0, 172.0, 151.0, 90.0, 167.0, 132.0, 87.0, 88.0, 124.0] 

ans 111.98333333333333 

4-1 base2
d: 6 w: 9 k: 5
all [86.0, 190.0, 79.0, 122.0, 70.0, 59.0, 270.0, 60.0, 90.0, 97.0, 122.5, 67.0, 229.0, 66.0, 60.0, 232.0, 102.0, 81.0, 79.0, 88.0, 113.0, 82.0, 115.0, 90.0, 88.0, 93.0, 77.0, 87.0, 96.0, 107.0] 

ans 106.58333333333333 

