4-1 base3
d: 5 w: 3 k: 1
all [465.0, 335.0, 499.0, 349.0, 525.0, 558.0, 359.0, 419.0, 1681.5, 500.0, 642.0, 422.0, 455.0, 658.0, 423.0, 647.6666666666666, 455.0, 670.8, 386.0, 408.0, 3335.0, 453.0, 437.0, 671.0, 452.0, 408.0, 358.0, 353.0, 330.0, 545.0] 

ans 606.6655555555556 

4-1 base3
d: 5 w: 6 k: 1
all [328.0, 258.0, 229.0, 332.0, 272.85714285714283, 325.0, 161.0, 222.0, 164.0, 227.0, 382.6, 189.0, 302.0, 168.0, 188.0, 222.0, 627.6666666666666, 377.0, 171.0, 341.0, 140.0, 167.0, 162.0, 132.0, 134.0, 480.0, 292.0, 3236.0, 227.0, 167.0] 

ans 354.1374603174603 

4-1 base3
d: 5 w: 9 k: 1
all [82.0, 81.0, 128.0, 82.0, 184.0, 89.0, 129.0, 94.0, 92.0, 121.0, 61.0, 134.0, 120.0, 114.0, 76.0, 78.0, 61.0, 85.0, 137.0, 114.0, 120.0, 155.0, 87.0, 126.0, 95.0, 84.0, 116.0, 74.0, 130.0, 164.0] 

ans 107.1 

4-1 base3
d: 6 w: 9 k: 1
all [91.0, 79.0, 85.0, 88.0, 76.0, 210.0, 69.0, 85.0, 123.0, 69.0, 79.0, 101.0, 69.0, 53.0, 60.0, 108.0, 70.0, 70.0, 69.0, 102.0, 129.0, 94.0, 60.0, 119.0, 104.0, 93.0, 99.0, 156.0, 95.0, 94.0] 

ans 93.3 

4-1 base3
d: 5 w: 3 k: 3
all [412.0, 479.0, 382.0, 668.6666666666666, 363.0, 1129.0, 432.0, 415.0, 553.0, 412.0, 420.0, 332.0, 441.0, 496.75, 712.0, 346.0, 368.0, 510.0, 574.0, 532.0, 459.0, 373.0, 423.0, 367.0, 561.0, 393.0, 324.0, 505.0, 826.0, 443.0] 

ans 488.38055555555553 

4-1 base3
d: 5 w: 6 k: 3
all [297.0, 184.0, 168.0, 623.3333333333334, 189.0, 319.0, 327.0, 167.0, 205.0, 184.0, 203.0, 243.0, 167.0, 944.0, 163.0, 241.0, 152.0, 296.0, 378.6, 331.0, 338.0, 131.0, 1867.0, 181.0, 1941.0, 640.8, 310.8333333333333, 214.0, 213.0, 338.0] 

ans 398.55222222222227 

4-1 base3
d: 5 w: 9 k: 3
all [96.0, 67.0, 89.0, 90.0, 200.0, 98.0, 172.0, 70.0, 102.0, 81.0, 116.0, 79.0, 161.0, 80.0, 143.0, 142.0, 65.0, 160.0, 108.0, 122.0, 103.0, 138.0, 101.0, 63.0, 84.0, 146.0, 89.0, 154.0, 260.0, 69.0] 

ans 114.93333333333334 

4-1 base3
d: 6 w: 9 k: 3
all [111.0, 71.0, 82.0, 77.0, 50.0, 181.0, 75.0, 104.0, 135.0, 87.0, 143.0, 98.0, 98.0, 130.0, 98.0, 141.0, 75.0, 75.0, 104.0, 92.0, 89.0, 58.0, 96.0, 102.0, 63.0, 66.0, 59.0, 213.0, 98.0, 111.5] 

ans 99.41666666666667 

4-1 base3
d: 5 w: 3 k: 5
all [362.0, 373.0, 836.75, 551.0, 865.0, 467.0, 437.0, 388.0, 421.0, 1953.0, 469.0, 489.0, 379.0, 329.0, 423.0, 528.0, 457.0, 439.0, 417.0, 415.0, 355.0, 357.0, 457.0, 454.0, 439.0, 546.0, 443.0, 364.0, 438.0, 415.0] 

ans 508.89166666666665 

4-1 base3
d: 5 w: 6 k: 5
all [184.0, 332.0, 1846.0, 388.0, 156.0, 172.0, 257.0, 178.0, 206.0, 143.0, 134.0, 176.0, 195.0, 181.0, 158.0, 315.0, 175.0, 370.0, 1872.0, 319.0, 150.0, 295.0, 223.0, 1847.0, 273.0, 309.5, 931.0, 467.25, 359.0, 217.0] 

ans 427.625 

4-1 base3
d: 5 w: 9 k: 5
all [91.0, 118.0, 71.0, 91.0, 73.0, 219.0, 98.0, 82.0, 157.0, 115.5, 88.0, 100.0, 77.0, 138.0, 102.0, 134.0, 97.0, 247.0, 150.0, 103.0, 106.0, 102.0, 91.0, 73.0, 74.0, 87.0, 227.0, 163.0, 123.0, 85.0] 

ans 116.08333333333333 

4-1 base3
d: 6 w: 9 k: 5
all [82.0, 57.0, 100.0, 71.0, 56.0, 76.0, 92.0, 106.0, 112.5, 84.0, 85.0, 75.0, 68.0, 73.0, 74.0, 72.0, 94.0, 55.0, 99.0, 82.0, 124.0, 68.0, 94.0, 115.0, 160.0, 89.0, 80.0, 97.0, 92.0, 116.0] 

ans 88.28333333333333 

