4-1 algo
d: 5 w: 3 k: 1
all [27.666666666666668, 23.5, 19.583333333333332, 19.454545454545453, 18.083333333333332, 20.357142857142858, 20.571428571428573, 17.545454545454547, 19.545454545454547, 18.09090909090909, 22.90909090909091, 19.0, 35.416666666666664, 17.181818181818183, 23.0, 20.75, 21.583333333333332, 17.166666666666668, 21.5, 20.454545454545453, 17.833333333333332, 19.5, 18.0, 21.75, 18.0, 18.666666666666668, 15.866666666666667, 21.214285714285715, 16.90909090909091, 24.416666666666668] 

ans 20.517236652236647 

4-1 algo
d: 5 w: 6 k: 1
all [6.416666666666667, 8.636363636363637, 6.733333333333333, 10.933333333333334, 8.533333333333333, 7.416666666666667, 7.090909090909091, 7.333333333333333, 8.181818181818182, 9.0, 8.066666666666666, 8.0, 7.181818181818182, 8.23076923076923, 7.818181818181818, 7.2727272727272725, 8.166666666666666, 7.866666666666666, 7.090909090909091, 7.454545454545454, 8.636363636363637, 6.846153846153846, 7.454545454545454, 7.947368421052632, 8.727272727272727, 6.083333333333333, 7.7272727272727275, 10.727272727272727, 6.846153846153846, 7.545454545454546] 

ans 7.865529996319469 

4-1 algo
d: 5 w: 9 k: 1
all [4.916666666666667, 3.0, 2.7142857142857144, 3.5, 3.0833333333333335, 2.6666666666666665, 2.4166666666666665, 2.9166666666666665, 2.909090909090909, 4.857142857142857, 3.5833333333333335, 4.75, 2.7777777777777777, 4.642857142857143, 4.071428571428571, 5.428571428571429, 2.857142857142857, 2.3333333333333335, 2.75, 4.25, 2.857142857142857, 3.1818181818181817, 2.25, 2.3333333333333335, 2.2777777777777777, 2.3333333333333335, 4.785714285714286, 2.7333333333333334, 2.6666666666666665, 2.8333333333333335] 

ans 3.2892472342472345 

4-1 algo
d: 6 w: 9 k: 1
all [3.5, 3.6666666666666665, 3.1666666666666665, 4.142857142857143, 2.25, 2.4166666666666665, 1.9090909090909092, 2.3636363636363638, 1.9166666666666667, 6.066666666666666, 4.25, 3.2857142857142856, 4.285714285714286, 1.8461538461538463, 3.25, 2.1578947368421053, 5.0, 2.0, 2.125, 6.0, 1.8333333333333333, 2.7, 3.6666666666666665, 2.142857142857143, 3.0, 2.5, 3.4615384615384617, 4.083333333333333, 3.25, 2.5833333333333335] 

ans 3.1606819058134845 

4-1 algo
d: 5 w: 3 k: 3
all [19.09090909090909, 19.181818181818183, 19.666666666666668, 20.166666666666668, 20.09090909090909, 19.0, 18.916666666666668, 17.727272727272727, 17.363636363636363, 20.166666666666668, 17.666666666666668, 17.272727272727273, 17.818181818181817, 17.09090909090909, 18.272727272727273, 21.09090909090909, 24.166666666666668, 17.583333333333332, 19.0, 19.272727272727273, 17.5, 17.416666666666668, 16.416666666666668, 20.727272727272727, 18.285714285714285, 17.5, 18.90909090909091, 22.916666666666668, 17.142857142857142, 18.181818181818183] 

ans 18.853427128427125 

4-1 algo
d: 5 w: 6 k: 3
all [8.727272727272727, 7.533333333333333, 8.833333333333334, 8.466666666666667, 7.75, 7.083333333333333, 7.818181818181818, 6.454545454545454, 8.181818181818182, 7.181818181818182, 8.416666666666666, 9.090909090909092, 7.615384615384615, 7.5, 8.307692307692308, 7.666666666666667, 6.363636363636363, 6.833333333333333, 9.166666666666666, 7.666666666666667, 6.916666666666667, 7.454545454545454, 9.416666666666666, 7.363636363636363, 7.0, 6.846153846153846, 7.166666666666667, 7.181818181818182, 7.090909090909091, 6.0] 

ans 7.636499611499612 

4-1 algo
d: 5 w: 9 k: 3
all [2.0833333333333335, 2.3333333333333335, 2.4166666666666665, 2.0833333333333335, 3.25, 3.25, 2.3333333333333335, 3.3333333333333335, 6.142857142857143, 3.25, 2.5714285714285716, 2.4594594594594597, 2.909090909090909, 2.526315789473684, 4.333333333333333, 2.75, 2.5, 2.3333333333333335, 2.4583333333333335, 2.727272727272727, 3.3636363636363638, 3.05, 2.6666666666666665, 2.8333333333333335, 2.5, 2.8333333333333335, 2.3636363636363638, 2.9473684210526314, 2.642857142857143, 3.388888888888889] 

ans 2.887815948210685 

4-1 algo
d: 6 w: 9 k: 3
all [2.0, 2.3636363636363638, 2.1666666666666665, 3.5, 2.0714285714285716, 2.5454545454545454, 2.5, 2.1666666666666665, 2.4166666666666665, 1.8333333333333333, 2.0833333333333335, 2.857142857142857, 2.4166666666666665, 2.8181818181818183, 2.5833333333333335, 3.55, 4.285714285714286, 2.090909090909091, 1.9090909090909092, 2.5833333333333335, 3.25, 1.9166666666666667, 2.0, 2.9166666666666665, 2.111111111111111, 2.5, 1.8333333333333333, 2.727272727272727, 2.8181818181818183, 2.6] 

ans 2.5138263588263583 

4-1 algo
d: 5 w: 3 k: 5
all [21.083333333333332, 18.083333333333332, 16.333333333333332, 17.666666666666668, 22.75, 17.666666666666668, 16.75, 18.866666666666667, 19.714285714285715, 17.5, 17.583333333333332, 18.75, 18.083333333333332, 17.0, 17.0, 16.5, 17.666666666666668, 22.181818181818183, 25.6, 19.428571428571427, 16.454545454545453, 20.5, 24.545454545454547, 20.857142857142858, 17.09090909090909, 16.636363636363637, 17.916666666666668, 15.5, 15.583333333333334, 18.416666666666668] 

ans 18.6569696969697 

4-1 algo
d: 5 w: 6 k: 5
all [6.636363636363637, 6.153846153846154, 6.75, 7.636363636363637, 8.166666666666666, 6.818181818181818, 7.25, 8.181818181818182, 10.333333333333334, 7.0, 6.631578947368421, 7.583333333333333, 6.833333333333333, 7.545454545454546, 6.454545454545454, 7.25, 10.090909090909092, 8.833333333333334, 8.5, 6.964285714285714, 8.333333333333334, 6.0, 7.818181818181818, 8.8, 6.818181818181818, 6.533333333333333, 7.6, 6.7272727272727275, 7.083333333333333, 6.583333333333333] 

ans 7.463677229203546 

4-1 algo
d: 5 w: 9 k: 5
all [2.9285714285714284, 2.5, 3.0, 3.25, 3.1818181818181817, 3.9166666666666665, 3.0714285714285716, 2.7142857142857144, 2.9166666666666665, 2.5454545454545454, 2.857142857142857, 4.214285714285714, 4.0, 2.8333333333333335, 2.4285714285714284, 2.5, 2.75, 2.6666666666666665, 2.090909090909091, 2.75, 3.090909090909091, 2.5, 2.3333333333333335, 2.642857142857143, 2.9166666666666665, 2.8333333333333335, 2.6842105263157894, 2.3333333333333335, 2.466666666666667, 2.625] 

ans 2.851403698640541 

4-1 algo
d: 6 w: 9 k: 5
all [3.2777777777777777, 2.0, 2.3333333333333335, 3.75, 2.0, 1.9090909090909092, 2.2857142857142856, 2.357142857142857, 2.0, 2.75, 2.3636363636363638, 2.5384615384615383, 2.25, 2.5, 2.0833333333333335, 5.25, 3.7333333333333334, 1.9333333333333333, 2.3333333333333335, 3.272727272727273, 1.9090909090909092, 2.8181818181818183, 3.857142857142857, 1.8181818181818181, 2.0, 2.0833333333333335, 2.3333333333333335, 2.8181818181818183, 2.533333333333333, 1.6666666666666667] 

ans 2.558622118622118 

