4-1 base1
d: 5 w: 3 k: 1
all [2036.0, 2112.0, 2159.0, 2278.0, 2784.0, 2171.0, 2197.0, 2231.0, 2234.0, 2184.0, 1943.0, 2196.0, 1928.0, 2150.0, 1963.0, 2292.0, 1939.0, 2264.0, 2018.0, 2140.0, 2177.0, 3179.0, 2336.0, 2253.0, 2581.0, 2461.0, 2924.0, 2432.0, 2418.0, 2231.0] 

ans 2273.7 

4-1 base1
d: 5 w: 6 k: 1
all [1046.0, 857.0, 1252.0, 1093.0, 964.0, 911.0, 997.0, 1000.0, 993.0, 971.0, 890.0, 1005.0, 938.0, 1092.0, 1095.0, 1172.0, 1079.0, 890.0, 986.0, 1161.0, 916.0, 2179.0, 1701.0, 1098.0, 1062.0, 918.0, 973.0, 993.0, 926.0, 1058.0] 

ans 1073.8666666666666 

4-1 base1
d: 5 w: 9 k: 1
all [755.0, 612.0, 582.0, 584.0, 539.0, 540.0, 538.0, 448.0, 657.0, 607.0, 608.0, 512.0, 636.0, 727.0, 538.0, 659.0, 664.0, 721.0, 689.0, 536.0, 647.0, 737.0, 707.0, 602.0, 763.0, 589.0, 630.0, 576.0, 581.0, 679.0] 

ans 622.1 

4-1 base1
d: 6 w: 9 k: 1
all [820.0, 634.0, 556.0, 671.0, 593.0, 540.0, 558.0, 595.0, 592.0, 504.0, 617.0, 649.0, 659.0, 590.0, 541.0, 612.0, 517.0, 611.0, 533.0, 544.0, 633.0, 543.0, 466.0, 561.0, 583.0, 504.0, 504.0, 607.0, 595.0, 508.0] 

ans 581.3333333333334 

4-1 base1
d: 5 w: 3 k: 3
all [3143.0, 2159.0, 2533.0, 2452.0, 3825.0, 2335.0, 2527.0, 2155.0, 2090.0, 2416.0, 2066.0, 2192.0, 2499.0, 2013.0, 2448.0, 2694.0, 2480.0, 2336.0, 2776.0, 2129.0, 2534.0, 2343.0, 2459.0, 2170.0, 2124.0, 2517.0, 2117.0, 2217.0, 3019.0, 4299.0] 

ans 2502.233333333333 

4-1 base1
d: 5 w: 6 k: 3
all [938.0, 1063.0, 934.0, 1074.0, 966.0, 1048.0, 929.0, 1067.0, 1037.0, 1094.0, 1079.0, 950.0, 1005.0, 939.0, 973.0, 905.0, 1074.0, 1090.0, 895.0, 1334.0, 925.0, 919.0, 1199.0, 1106.0, 867.0, 1025.0, 1333.0, 973.0, 981.0, 969.0] 

ans 1023.0333333333333 

4-1 base1
d: 5 w: 9 k: 3
all [644.0, 575.0, 741.0, 605.0, 577.0, 602.0, 613.0, 603.0, 511.0, 582.0, 524.0, 699.0, 642.0, 583.0, 587.0, 667.0, 613.0, 600.0, 547.0, 604.0, 554.0, 554.0, 707.0, 535.0, 617.0, 674.0, 620.0, 635.0, 558.0, 590.0] 

ans 605.4333333333333 

4-1 base1
d: 6 w: 9 k: 3
all [555.0, 592.0, 530.0, 542.0, 597.0, 507.0, 592.0, 643.0, 670.0, 647.0, 719.0, 716.0, 536.0, 738.0, 589.0, 535.0, 607.0, 593.0, 557.0, 603.0, 521.0, 600.0, 612.0, 646.0, 552.0, 499.0, 592.0, 555.0, 560.0, 511.0] 

ans 590.5333333333333 

4-1 base1
d: 5 w: 3 k: 5
all [2438.0, 2301.0, 2712.0, 1983.0, 2717.0, 2207.0, 2530.0, 1943.0, 2288.0, 2913.0, 2112.0, 2441.0, 2428.0, 2233.0, 2320.0, 2374.0, 2514.0, 2265.0, 2230.0, 2337.0, 2238.0, 2017.0, 2496.0, 2277.0, 2013.0, 2195.0, 2365.0, 2899.0, 2552.0, 2348.0] 

ans 2356.2 

4-1 base1
d: 5 w: 6 k: 5
all [926.0, 949.0, 1079.0, 1471.0, 1105.0, 963.0, 1161.0, 977.0, 905.0, 915.0, 991.0, 928.0, 1659.0, 1167.0, 929.0, 988.0, 1006.0, 1053.0, 906.0, 1047.0, 1104.0, 1057.0, 1154.0, 1161.0, 1087.0, 1042.0, 871.0, 934.0, 923.0, 1043.0] 

ans 1050.0333333333333 

4-1 base1
d: 5 w: 9 k: 5
all [612.0, 577.0, 665.0, 603.0, 759.0, 588.0, 646.0, 601.0, 669.0, 594.0, 575.0, 592.0, 624.0, 708.0, 668.0, 620.0, 622.0, 792.0, 667.0, 550.0, 483.0, 636.0, 538.0, 542.0, 705.0, 651.0, 696.0, 591.0, 628.0, 830.0] 

ans 634.4 

4-1 base1
d: 6 w: 9 k: 5
all [629.0, 525.0, 585.0, 588.0, 550.0, 598.0, 662.0, 541.0, 549.0, 594.0, 562.0, 599.0, 521.0, 546.0, 580.0, 627.0, 574.0, 607.0, 482.0, 529.0, 695.0, 546.0, 558.0, 483.0, 654.0, 496.0, 574.0, 600.0, 616.0, 564.0] 

ans 574.4666666666667 

