4-2 base3
d: 5 w: 3 k: 1
all [649.0, 720.0, 2211.0, 624.0, 517.0, 577.0, 621.0, 629.0, 586.0, 564.0, 538.0, 623.0, 546.0, 687.0, 630.0, 548.0, 543.0, 702.0, 1166.0, 651.0, 749.0, 689.0, 569.0, 610.0, 566.0, 539.0, 2033.0, 668.0, 490.0, 594.0] 

ans 727.9666666666667 

4-2 base3
d: 5 w: 6 k: 1
all [296.0, 641.6666666666666, 989.0, 214.0, 412.0, 401.2, 354.0, 347.0, 236.0, 264.0, 253.0, 402.0, 373.0, 738.0, 322.0, 411.0, 377.0, 459.0, 330.0, 337.0, 393.0, 287.0, 442.5, 358.0, 368.0, 264.6666666666667, 657.6, 383.0, 404.0, 344.0] 

ans 401.95444444444445 

4-2 base3
d: 5 w: 9 k: 1
all [176.0, 318.0, 129.0, 167.0, 295.0, 312.0, 156.0, 173.0, 112.0, 174.0, 128.0, 134.0, 175.0, 186.0, 281.0, 206.0, 349.0, 181.0, 325.0, 237.0, 156.0, 246.0, 170.0, 124.0, 166.0, 140.0, 132.0, 115.0, 144.0, 171.0] 

ans 192.6 

4-2 base3
d: 6 w: 9 k: 1
all [126.0, 152.0, 157.0, 149.0, 124.0, 91.0, 99.0, 101.0, 222.0, 114.0, 220.0, 150.0, 153.0, 167.0, 181.0, 141.0, 106.0, 147.0, 187.0, 215.0, 294.0, 148.0, 151.0, 165.0, 184.0, 126.0, 110.0, 167.0, 130.0, 153.0] 

ans 154.33333333333334 

4-2 base3
d: 5 w: 3 k: 3
all [554.0, 1784.5, 565.0, 2458.0, 582.0, 582.0, 1291.0, 805.0, 659.0, 863.0, 744.0, 553.75, 2066.0, 2369.0, 472.0, 574.0, 664.0, 645.0, 603.0, 639.0, 867.0, 561.0, 2412.0, 564.0, 513.0, 589.0, 598.0, 690.6666666666666, 531.0, 657.0] 

ans 915.1972222222223 

4-2 base3
d: 5 w: 6 k: 3
all [320.0, 1927.0, 340.0, 479.0, 372.0, 225.0, 363.0, 407.0, 264.0, 582.0, 375.0, 399.0, 344.0, 317.0, 216.0, 374.0, 456.0, 296.0, 277.0, 815.25, 330.0, 238.0, 487.0, 291.0, 344.0, 507.0, 232.0, 312.0, 421.0, 372.0] 

ans 422.7416666666667 

4-2 base3
d: 5 w: 9 k: 3
all [180.0, 113.0, 194.0, 109.0, 240.0, 213.0, 152.0, 136.0, 129.0, 203.0, 144.0, 169.0, 201.0, 131.0, 121.0, 177.0, 136.0, 148.0, 256.0, 144.0, 179.0, 289.0, 228.0, 139.0, 209.0, 169.0, 205.0, 136.0, 127.0, 127.0] 

ans 170.13333333333333 

4-2 base3
d: 6 w: 9 k: 3
all [123.0, 139.0, 178.0, 126.0, 128.0, 141.0, 154.0, 140.0, 120.0, 125.0, 336.0, 200.0, 116.0, 222.0, 203.0, 121.0, 157.0, 173.0, 125.0, 210.0, 164.0, 241.0, 146.0, 160.0, 623.3333333333334, 247.0, 96.0, 118.0, 168.0, 104.0] 

ans 176.8111111111111 

4-2 base3
d: 5 w: 3 k: 5
all [562.0, 623.0, 689.2, 2266.0, 2123.0, 460.0, 709.3333333333334, 509.0, 596.0, 807.0, 768.0, 1281.0, 685.0, 1751.0, 571.0, 675.0, 638.0, 646.0, 2421.0, 562.0, 669.0, 530.0, 740.0, 669.0, 597.0, 646.0, 578.0, 587.0, 604.0, 600.0] 

ans 852.0844444444444 

4-2 base3
d: 5 w: 6 k: 5
all [623.0, 373.0, 524.0, 361.0, 432.0, 270.0, 345.0, 233.0, 344.0, 242.0, 405.75, 615.0, 346.0, 573.0, 281.0, 648.0, 220.0, 367.0, 262.0, 382.0, 1892.0, 359.0, 248.0, 607.0, 372.0, 278.0, 330.0, 233.0, 260.0, 330.0] 

ans 425.19166666666666 

4-2 base3
d: 5 w: 9 k: 5
all [145.0, 141.0, 142.0, 152.0, 210.0, 192.0, 147.0, 147.0, 166.0, 196.0, 188.0, 163.0, 212.0, 160.0, 259.0, 221.0, 151.0, 226.0, 143.0, 123.0, 152.0, 161.0, 235.0, 244.0, 147.0, 198.0, 287.0, 134.0, 123.0, 319.0] 

ans 182.8 

4-2 base3
d: 6 w: 9 k: 5
all [100.0, 300.0, 181.0, 130.0, 161.0, 158.0, 178.0, 146.0, 227.0, 137.0, 174.0, 144.0, 124.0, 156.0, 158.0, 157.0, 145.0, 128.0, 121.0, 152.0, 142.0, 300.0, 131.0, 140.0, 134.0, 163.0, 139.0, 254.0, 123.0, 269.0] 

ans 165.73333333333332 

