4-2 base2
d: 5 w: 3 k: 1
all [666.0, 1030.0, 876.0, 2203.0, 1024.0, 909.0, 778.0, 2235.0, 2248.0, 699.0, 798.0, 655.0, 1137.0, 792.0, 762.0, 2275.0, 1114.5, 781.0, 854.0, 751.0, 784.0, 722.0, 757.0, 734.0, 717.2, 1240.0, 675.0, 693.0, 895.0, 1108.5] 

ans 1030.44 

4-2 base2
d: 5 w: 6 k: 1
all [295.0, 346.8333333333333, 691.6666666666666, 1134.3333333333333, 486.0, 511.0, 1691.5, 412.0, 397.0, 423.0, 277.0, 435.0, 1111.3333333333333, 541.0, 1110.0, 1963.0, 320.0, 397.0, 417.0, 400.0, 3359.0, 299.0, 358.0, 355.0, 397.0, 470.0, 1075.5, 436.0, 548.0, 391.0] 

ans 701.6055555555555 

4-2 base2
d: 5 w: 9 k: 1
all [264.0, 309.0, 266.0, 183.0, 367.0, 204.0, 195.0, 315.0, 255.0, 184.0, 273.0, 327.0, 296.0, 283.0, 271.0, 304.0, 188.0, 321.0, 260.0, 275.0, 162.0, 245.0, 259.0, 314.0, 239.0, 159.0, 197.0, 210.0, 345.0, 193.0] 

ans 255.43333333333334 

4-2 base2
d: 6 w: 9 k: 1
all [252.0, 176.0, 204.0, 315.0, 178.0, 260.0, 223.0, 258.0, 155.0, 318.0, 264.0, 179.0, 202.0, 202.0, 226.0, 182.0, 193.0, 178.0, 227.0, 234.0, 194.0, 217.0, 269.0, 181.0, 173.0, 186.0, 295.0, 283.0, 192.0, 211.0] 

ans 220.9 

4-2 base2
d: 5 w: 3 k: 3
all [3493.0, 836.0, 2246.0, 903.6666666666666, 909.0, 2305.0, 740.0, 613.0, 866.0, 727.0, 877.0, 754.0, 704.0, 799.0, 816.0, 1405.0, 806.0, 733.0, 986.0, 834.0, 1287.0, 688.0, 814.0, 680.0, 736.0, 1080.5, 608.0, 652.0, 2567.0, 666.0] 

ans 1071.038888888889 

4-2 base2
d: 5 w: 6 k: 3
all [451.0, 422.0, 338.0, 331.0, 2465.0, 478.0, 640.6666666666666, 412.0, 606.0, 637.0, 440.0, 498.0, 321.0, 450.0, 391.0, 353.0, 553.3333333333334, 531.0, 385.0, 499.0, 2011.0, 446.0, 505.0, 344.0, 511.0, 383.0, 414.0, 369.0, 407.0, 395.0] 

ans 566.2333333333333 

4-2 base2
d: 5 w: 9 k: 3
all [309.0, 180.0, 324.0, 331.0, 208.0, 468.0, 309.0, 297.0, 354.0, 219.0, 175.0, 299.0, 266.0, 262.0, 176.0, 166.0, 228.0, 216.0, 365.0, 263.0, 177.0, 157.0, 284.0, 178.0, 232.0, 281.0, 214.0, 255.0, 292.0, 381.0] 

ans 262.2 

4-2 base2
d: 6 w: 9 k: 3
all [269.0, 221.0, 166.0, 297.0, 143.0, 201.0, 347.0, 426.0, 164.0, 194.0, 343.0, 341.0, 172.0, 300.0, 228.0, 294.0, 313.0, 325.0, 210.0, 163.0, 232.0, 158.0, 186.0, 200.0, 268.0, 266.0, 192.0, 143.0, 257.0, 283.0] 

ans 243.4 

4-2 base2
d: 5 w: 3 k: 5
all [836.0, 763.0, 735.0, 886.0, 697.0, 1508.0, 1092.5, 660.0, 777.0, 708.0, 866.0, 900.0, 717.0, 751.0, 870.0, 2143.0, 723.0, 1603.0, 663.0, 897.0, 780.0, 717.0, 736.0, 940.0, 971.0, 759.0, 1132.0, 799.0, 806.0, 857.0] 

ans 909.75 

4-2 base2
d: 5 w: 6 k: 5
all [338.0, 387.0, 425.0, 376.0, 387.0, 2153.0, 384.0, 298.0, 410.0, 460.0, 524.0, 360.0, 373.0, 377.0, 479.0, 506.0, 429.0, 343.0, 433.0, 797.0, 323.0, 395.0, 676.0, 1127.3333333333333, 497.0, 570.8333333333334, 409.0, 418.0, 388.0, 457.5] 

ans 516.688888888889 

4-2 base2
d: 5 w: 9 k: 5
all [303.0, 283.0, 194.0, 497.0, 249.0, 179.0, 189.0, 175.0, 161.0, 291.0, 236.0, 203.0, 291.0, 216.0, 183.0, 208.0, 261.0, 173.0, 197.0, 209.0, 274.0, 230.0, 243.0, 262.0, 229.0, 194.0, 296.0, 257.0, 351.0, 158.0] 

ans 239.73333333333332 

4-2 base2
d: 6 w: 9 k: 5
all [299.0, 191.0, 230.0, 334.0, 232.0, 161.0, 193.0, 218.0, 473.0, 164.0, 336.0, 169.0, 207.0, 195.0, 271.0, 367.0, 196.0, 215.0, 204.0, 297.0, 203.0, 175.0, 212.0, 407.0, 310.0, 259.0, 205.0, 319.0, 181.0, 229.0] 

ans 248.4 

