4-2 algo
d: 5 w: 3 k: 1
all [34.18181818181818, 31.5, 33.0, 29.916666666666668, 33.63636363636363, 31.75, 31.666666666666668, 31.818181818181817, 30.5, 30.666666666666668, 33.25, 28.416666666666668, 30.0, 33.916666666666664, 32.36363636363637, 31.333333333333332, 35.0, 35.81818181818182, 30.818181818181817, 30.333333333333332, 31.916666666666668, 33.583333333333336, 36.27272727272727, 29.727272727272727, 29.90909090909091, 31.833333333333332, 29.5, 31.916666666666668, 31.0, 31.166666666666668] 

ans 31.890404040404047 

4-2 algo
d: 5 w: 6 k: 1
all [13.0, 10.692307692307692, 15.909090909090908, 11.666666666666666, 11.75, 11.75, 12.416666666666666, 12.0, 12.0, 11.166666666666666, 11.916666666666666, 10.916666666666666, 12.583333333333334, 12.833333333333334, 12.909090909090908, 11.727272727272727, 11.272727272727273, 11.583333333333334, 12.583333333333334, 11.833333333333334, 11.538461538461538, 14.076923076923077, 13.333333333333334, 11.75, 14.181818181818182, 12.333333333333334, 12.8, 10.833333333333334, 13.333333333333334, 11.727272727272727] 

ans 12.280609945609946 

4-2 algo
d: 5 w: 9 k: 1
all [4.916666666666667, 5.166666666666667, 5.7272727272727275, 6.0, 5.416666666666667, 6.25, 5.636363636363637, 4.818181818181818, 7.333333333333333, 6.25, 5.5, 5.0, 5.916666666666667, 7.083333333333333, 6.076923076923077, 5.583333333333333, 5.5, 6.0, 5.384615384615385, 5.545454545454546, 4.833333333333333, 5.363636363636363, 6.333333333333333, 7.166666666666667, 5.545454545454546, 4.916666666666667, 6.0, 7.153846153846154, 5.916666666666667, 6.166666666666667] 

ans 5.8167249417249405 

4-2 algo
d: 6 w: 9 k: 1
all [4.7272727272727275, 5.0, 4.083333333333333, 5.454545454545454, 4.416666666666667, 5.090909090909091, 5.666666666666667, 4.181818181818182, 5.5, 4.916666666666667, 4.363636363636363, 4.55, 4.333333333333333, 4.909090909090909, 5.181818181818182, 4.5, 6.083333333333333, 4.583333333333333, 4.333333333333333, 4.6923076923076925, 4.923076923076923, 5.25, 4.363636363636363, 6.181818181818182, 4.461538461538462, 5.666666666666667, 4.916666666666667, 4.5, 4.636363636363637, 4.416666666666667] 

ans 4.862816627816627 

4-2 algo
d: 5 w: 3 k: 3
all [31.416666666666668, 28.636363636363637, 30.636363636363637, 30.333333333333332, 32.0, 29.636363636363637, 30.363636363636363, 30.818181818181817, 31.272727272727273, 30.818181818181817, 32.833333333333336, 31.636363636363637, 34.833333333333336, 29.636363636363637, 29.181818181818183, 32.666666666666664, 30.0, 28.90909090909091, 35.0, 30.75, 28.09090909090909, 33.75, 32.0, 30.384615384615383, 30.25, 30.636363636363637, 31.083333333333332, 30.363636363636363, 30.727272727272727, 31.363636363636363] 

ans 31.000951825951823 

4-2 algo
d: 5 w: 6 k: 3
all [12.272727272727273, 15.384615384615385, 12.833333333333334, 12.666666666666666, 12.75, 12.818181818181818, 13.0, 12.0, 12.25, 11.363636363636363, 13.4375, 11.727272727272727, 12.083333333333334, 12.363636363636363, 13.083333333333334, 14.0, 12.636363636363637, 13.0, 12.363636363636363, 12.666666666666666, 10.666666666666666, 15.181818181818182, 11.8125, 11.75, 13.181818181818182, 16.0, 10.909090909090908, 10.818181818181818, 12.166666666666666, 12.0] 

ans 12.639588189588192 

4-2 algo
d: 5 w: 9 k: 3
all [5.666666666666667, 5.0, 5.333333333333333, 6.545454545454546, 5.5, 5.181818181818182, 5.454545454545454, 6.0, 5.166666666666667, 5.083333333333333, 5.4, 5.090909090909091, 5.5, 4.733333333333333, 5.166666666666667, 4.75, 4.818181818181818, 6.166666666666667, 4.666666666666667, 5.0, 5.25, 5.333333333333333, 4.923076923076923, 5.090909090909091, 6.133333333333334, 5.636363636363637, 5.2727272727272725, 6.0, 4.75, 5.545454545454546] 

ans 5.338648018648018 

4-2 algo
d: 6 w: 9 k: 3
all [5.25, 4.416666666666667, 4.818181818181818, 4.545454545454546, 4.75, 4.545454545454546, 5.083333333333333, 4.636363636363637, 5.181818181818182, 4.545454545454546, 4.454545454545454, 4.545454545454546, 5.166666666666667, 5.454545454545454, 5.5, 4.636363636363637, 4.5, 4.75, 4.909090909090909, 4.666666666666667, 4.666666666666667, 4.416666666666667, 5.866666666666666, 5.166666666666667, 5.5, 5.454545454545454, 4.416666666666667, 4.916666666666667, 4.6, 5.583333333333333] 

ans 4.898131313131313 

4-2 algo
d: 5 w: 3 k: 5
all [33.583333333333336, 30.636363636363637, 29.09090909090909, 32.083333333333336, 30.25, 29.1875, 32.36363636363637, 29.818181818181817, 30.90909090909091, 29.083333333333332, 29.636363636363637, 35.0, 29.90909090909091, 32.81818181818182, 29.818181818181817, 33.75, 30.076923076923077, 33.0, 30.272727272727273, 30.90909090909091, 30.916666666666668, 30.09090909090909, 32.27272727272727, 29.181818181818183, 32.833333333333336, 32.0, 29.09090909090909, 31.0, 30.636363636363637, 31.4] 

ans 31.053965617715615 

4-2 algo
d: 5 w: 6 k: 5
all [13.090909090909092, 13.466666666666667, 14.090909090909092, 18.466666666666665, 12.583333333333334, 13.25, 11.25, 11.909090909090908, 12.416666666666666, 11.416666666666666, 13.083333333333334, 14.923076923076923, 12.636363636363637, 11.5, 18.09090909090909, 12.916666666666666, 10.818181818181818, 11.333333333333334, 10.416666666666666, 12.846153846153847, 14.090909090909092, 11.25, 13.916666666666666, 11.727272727272727, 11.454545454545455, 13.272727272727273, 13.0, 11.75, 11.23076923076923, 12.416666666666666] 

ans 12.820505050505052 

4-2 algo
d: 5 w: 9 k: 5
all [5.333333333333333, 5.181818181818182, 4.916666666666667, 4.916666666666667, 5.5, 5.25, 5.0, 4.916666666666667, 5.083333333333333, 5.5625, 4.923076923076923, 5.166666666666667, 4.916666666666667, 4.909090909090909, 5.2727272727272725, 6.0, 5.636363636363637, 5.25, 5.25, 4.636363636363637, 6.416666666666667, 5.083333333333333, 5.083333333333333, 5.5, 6.083333333333333, 6.916666666666667, 5.416666666666667, 6.636363636363637, 6.166666666666667, 5.076923076923077] 

ans 5.4000631313131295 

4-2 algo
d: 6 w: 9 k: 5
all [4.916666666666667, 4.454545454545454, 5.0, 4.866666666666666, 4.166666666666667, 5.363636363636363, 4.181818181818182, 4.545454545454546, 5.454545454545454, 4.916666666666667, 4.833333333333333, 5.333333333333333, 4.416666666666667, 5.769230769230769, 5.083333333333333, 5.25, 4.6923076923076925, 4.5, 4.545454545454546, 6.416666666666667, 4.583333333333333, 4.090909090909091, 4.333333333333333, 4.416666666666667, 5.363636363636363, 4.533333333333333, 4.818181818181818, 4.666666666666667, 4.416666666666667, 4.818181818181818] 

ans 4.82493006993007 

