4-2 base1
d: 5 w: 3 k: 1
all [2514.0, 2195.0, 2174.0, 2069.0, 2044.0, 1977.0, 2111.0, 2213.0, 2016.0, 1977.0, 1942.0, 1878.0, 2078.0, 2420.0, 2227.0, 2142.0, 1984.0, 2024.0, 2012.0, 2091.0, 2001.0, 2203.0, 2112.0, 2008.0, 1973.0, 1839.0, 2491.0, 2094.0, 2244.0, 2252.0] 

ans 2110.1666666666665 

4-2 base1
d: 5 w: 6 k: 1
all [954.0, 952.0, 971.0, 1314.0, 1002.0, 1043.0, 955.0, 1014.0, 1007.0, 909.0, 1128.0, 915.0, 1000.0, 980.0, 1133.0, 1005.0, 925.0, 965.0, 1097.0, 982.0, 932.0, 902.0, 1102.0, 1036.0, 1021.0, 920.0, 898.0, 1121.0, 748.0, 1130.0] 

ans 1002.0333333333333 

4-2 base1
d: 5 w: 9 k: 1
all [640.0, 534.0, 481.0, 595.0, 574.0, 478.0, 498.0, 561.0, 594.0, 583.0, 677.0, 468.0, 684.0, 765.0, 590.0, 606.0, 530.0, 458.0, 629.0, 611.0, 532.0, 759.0, 517.0, 591.0, 667.0, 456.0, 435.0, 756.0, 595.0, 494.0] 

ans 578.6 

4-2 base1
d: 6 w: 9 k: 1
all [566.0, 606.0, 510.0, 513.0, 523.0, 621.0, 533.0, 643.0, 465.0, 472.0, 505.0, 481.0, 506.0, 567.0, 530.0, 556.0, 533.0, 527.0, 472.0, 485.0, 501.0, 554.0, 565.0, 485.0, 582.0, 475.0, 554.0, 492.0, 520.0, 559.0] 

ans 530.0333333333333 

4-2 base1
d: 5 w: 3 k: 3
all [1994.0, 2203.0, 1887.0, 2032.0, 2234.0, 1939.0, 2255.0, 2054.0, 2321.0, 1973.0, 1790.0, 1862.0, 2144.0, 2000.0, 2119.0, 2317.0, 1927.0, 1822.0, 2103.0, 2287.0, 1964.0, 2505.0, 2225.0, 2719.0, 3214.0, 1925.0, 2080.0, 2020.0, 2020.0, 2488.0] 

ans 2147.4333333333334 

4-2 base1
d: 5 w: 6 k: 3
all [1041.0, 1117.0, 1081.0, 1060.0, 956.0, 1239.0, 1023.0, 1162.0, 1049.0, 850.0, 1047.0, 992.0, 924.0, 1047.0, 1184.0, 899.0, 892.0, 1139.0, 1232.0, 1122.0, 1077.0, 1074.0, 1049.0, 950.0, 1059.0, 1134.0, 1061.0, 895.0, 851.0, 1081.0] 

ans 1042.9 

4-2 base1
d: 5 w: 9 k: 3
all [595.0, 629.0, 523.0, 543.0, 666.0, 604.0, 662.0, 541.0, 617.0, 699.0, 602.0, 684.0, 512.0, 508.0, 559.0, 549.0, 487.0, 669.0, 484.0, 532.0, 660.0, 595.0, 579.0, 585.0, 624.0, 527.0, 705.0, 556.0, 786.0, 577.0] 

ans 595.3 

4-2 base1
d: 6 w: 9 k: 3
all [553.0, 576.0, 608.0, 532.0, 574.0, 514.0, 618.0, 458.0, 492.0, 522.0, 706.0, 468.0, 461.0, 491.0, 508.0, 465.0, 665.0, 635.0, 420.0, 605.0, 619.0, 612.0, 575.0, 534.0, 550.0, 497.0, 514.0, 563.0, 579.0, 606.0] 

ans 550.6666666666666 

4-2 base1
d: 5 w: 3 k: 5
all [2145.0, 1985.0, 2150.0, 2217.0, 2359.0, 2057.0, 2062.0, 2288.0, 2159.0, 1975.0, 1962.0, 2155.0, 2285.0, 2382.0, 2134.0, 2165.0, 2114.0, 1933.0, 2222.0, 1999.0, 2260.0, 2060.0, 1883.0, 1982.0, 1903.0, 2177.0, 2208.0, 2075.0, 1916.0, 2337.0] 

ans 2118.3 

4-2 base1
d: 5 w: 6 k: 5
all [956.0, 1000.0, 1133.0, 948.0, 895.0, 951.0, 985.0, 933.0, 990.0, 1065.0, 1052.0, 1183.0, 1261.0, 939.0, 1139.0, 1300.0, 1063.0, 1010.0, 1031.0, 820.0, 1232.0, 1137.0, 923.0, 1093.0, 913.0, 1293.0, 931.0, 1367.0, 984.0, 992.0] 

ans 1050.6333333333334 

4-2 base1
d: 5 w: 9 k: 5
all [512.0, 662.0, 533.0, 438.0, 677.0, 547.0, 555.0, 540.0, 519.0, 630.0, 577.0, 505.0, 565.0, 558.0, 576.0, 637.0, 564.0, 440.0, 543.0, 499.0, 440.0, 632.0, 565.0, 550.0, 513.0, 648.0, 639.0, 483.0, 561.0, 495.0] 

ans 553.4333333333333 

4-2 base1
d: 6 w: 9 k: 5
all [574.0, 516.0, 563.0, 563.0, 664.0, 506.0, 540.0, 556.0, 523.0, 557.0, 561.0, 498.0, 470.0, 581.0, 507.0, 552.0, 491.0, 698.0, 558.0, 490.0, 657.0, 622.0, 485.0, 526.0, 644.0, 566.0, 457.0, 504.0, 588.0, 486.0] 

ans 550.1 

