4 algo
d: 5 w: 3 k: 1
all [10.727272727272727, 12.5, 11.909090909090908, 13.583333333333334, 10.818181818181818, 11.5, 12.583333333333334, 11.333333333333334, 11.916666666666666, 12.166666666666666, 11.0, 12.25, 11.75, 11.363636363636363, 10.916666666666666, 10.909090909090908, 10.75, 12.583333333333334, 11.0, 11.307692307692308, 11.416666666666666, 11.818181818181818, 11.25, 12.25, 12.75, 11.545454545454545, 15.166666666666666, 13.166666666666666, 13.636363636363637, 13.35] 

ans 11.973943278943283 

4 algo
d: 5 w: 6 k: 1
all [3.0833333333333335, 3.6666666666666665, 3.909090909090909, 4.166666666666667, 4.5, 4.416666666666667, 4.266666666666667, 4.083333333333333, 3.1538461538461537, 4.0, 2.9166666666666665, 5.416666666666667, 4.25, 4.083333333333333, 4.666666666666667, 3.066666666666667, 4.0, 4.666666666666667, 3.769230769230769, 4.0, 4.5, 3.769230769230769, 5.333333333333333, 4.166666666666667, 3.9166666666666665, 3.5454545454545454, 4.0, 5.833333333333333, 3.5, 4.083333333333333] 

ans 4.091006216006217 

4 algo
d: 5 w: 9 k: 1
all [1.9166666666666667, 1.1666666666666667, 1.25, 2.3, 2.1538461538461537, 1.6666666666666667, 1.0, 1.2666666666666666, 1.6666666666666667, 2.0, 1.3636363636363635, 2.25, 1.3846153846153846, 3.0, 1.3333333333333333, 2.2142857142857144, 1.4166666666666667, 1.6, 2.25, 1.5833333333333333, 1.3333333333333333, 1.6, 1.5, 1.8461538461538463, 1.2727272727272727, 1.2666666666666666, 1.5, 1.5, 1.3846153846153846, 1.4166666666666667] 

ans 1.646773781773782 

4 algo
d: 6 w: 9 k: 1
all [0.9375, 1.6666666666666667, 1.4166666666666667, 2.4615384615384617, 1.2, 1.0, 1.3076923076923077, 1.5833333333333333, 1.1818181818181819, 1.5833333333333333, 2.066666666666667, 1.6666666666666667, 1.6153846153846154, 1.0833333333333333, 1.2, 3.75, 1.125, 1.3333333333333333, 1.3333333333333333, 1.1666666666666667, 1.5, 1.75, 1.5833333333333333, 1.375, 1.2727272727272727, 1.1875, 1.0909090909090908, 1.4166666666666667, 1.4166666666666667, 1.25] 

ans 1.4840578865578868 

4 algo
d: 5 w: 3 k: 3
all [10.25, 12.454545454545455, 11.090909090909092, 11.363636363636363, 11.272727272727273, 10.75, 11.181818181818182, 12.272727272727273, 9.909090909090908, 13.166666666666666, 11.545454545454545, 18.307692307692307, 12.454545454545455, 12.416666666666666, 10.909090909090908, 13.636363636363637, 10.818181818181818, 10.727272727272727, 11.75, 11.727272727272727, 10.333333333333334, 11.818181818181818, 12.0, 13.666666666666666, 9.833333333333334, 11.916666666666666, 12.166666666666666, 11.636363636363637, 11.083333333333334, 12.363636363636363] 

ans 11.827428127428128 

4 algo
d: 5 w: 6 k: 3
all [3.6666666666666665, 3.4166666666666665, 3.272727272727273, 3.8333333333333335, 3.4166666666666665, 3.8333333333333335, 4.5, 3.8333333333333335, 3.5, 3.533333333333333, 4.533333333333333, 3.6666666666666665, 2.8333333333333335, 3.6666666666666665, 4.166666666666667, 3.5, 3.4166666666666665, 3.6666666666666665, 3.272727272727273, 3.6666666666666665, 3.5, 3.4166666666666665, 3.0, 4.181818181818182, 3.6923076923076925, 5.416666666666667, 3.75, 3.8666666666666667, 3.75, 3.3333333333333335] 

ans 3.703430458430458 

4 algo
d: 5 w: 9 k: 3
all [1.6666666666666667, 1.6666666666666667, 2.25, 1.0909090909090908, 1.75, 1.5833333333333333, 2.1333333333333333, 1.2608695652173914, 1.6666666666666667, 1.0833333333333333, 2.0833333333333335, 1.2727272727272727, 1.25, 1.8181818181818181, 1.9333333333333333, 1.5384615384615385, 1.0833333333333333, 1.3636363636363635, 1.6666666666666667, 1.5384615384615385, 1.1875, 1.1538461538461537, 1.7333333333333334, 2.3333333333333335, 1.8333333333333333, 1.8666666666666667, 1.3636363636363635, 1.5, 1.4166666666666667, 2.0833333333333335] 

ans 1.605718767947029 

4 algo
d: 6 w: 9 k: 3
all [1.3636363636363635, 1.5, 1.0833333333333333, 1.1666666666666667, 1.1666666666666667, 1.5833333333333333, 2.1538461538461537, 2.25, 1.1666666666666667, 1.25, 1.5, 1.2727272727272727, 1.0, 1.3846153846153846, 1.5, 1.25, 1.125, 1.1666666666666667, 1.4375, 2.25, 1.375, 1.4545454545454546, 1.1875, 1.0, 1.0909090909090908, 1.25, 1.1538461538461537, 2.3333333333333335, 2.3333333333333335, 1.1] 

ans 1.428304195804196 

4 algo
d: 5 w: 3 k: 5
all [13.4, 12.090909090909092, 11.909090909090908, 10.75, 11.0, 11.5, 12.0, 11.416666666666666, 10.5, 10.583333333333334, 10.818181818181818, 10.25, 12.090909090909092, 17.466666666666665, 10.636363636363637, 11.090909090909092, 10.916666666666666, 9.636363636363637, 10.75, 11.083333333333334, 14.666666666666666, 11.0, 11.333333333333334, 9.727272727272727, 10.727272727272727, 11.818181818181818, 11.636363636363637, 9.916666666666666, 12.090909090909092, 13.0] 

ans 11.526868686868687 

4 algo
d: 5 w: 6 k: 5
all [4.363636363636363, 3.4545454545454546, 3.466666666666667, 3.9166666666666665, 4.461538461538462, 4.416666666666667, 3.1538461538461537, 3.5384615384615383, 3.4, 3.3333333333333335, 3.1666666666666665, 3.5, 3.727272727272727, 5.0, 3.8333333333333335, 3.5833333333333335, 4.4, 4.090909090909091, 3.5833333333333335, 3.0833333333333335, 4.166666666666667, 4.5, 4.25, 3.0, 3.4166666666666665, 3.9166666666666665, 3.25, 3.3636363636363638, 3.75, 3.5833333333333335] 

ans 3.7556837606837608 

4 algo
d: 5 w: 9 k: 5
all [1.3333333333333333, 1.3636363636363635, 1.4166666666666667, 1.25, 1.5, 1.3636363636363635, 1.1818181818181819, 2.0, 1.4166666666666667, 1.3333333333333333, 1.3636363636363635, 1.6, 1.1666666666666667, 1.5, 1.15, 1.5384615384615385, 2.1538461538461537, 2.25, 1.6363636363636365, 1.0833333333333333, 1.5833333333333333, 1.6923076923076923, 1.8, 1.4, 1.4, 1.25, 1.4166666666666667, 1.1818181818181819, 2.0833333333333335, 1.2666666666666666] 

ans 1.4891841491841487 

4 algo
d: 6 w: 9 k: 5
all [1.6363636363636365, 1.5625, 1.0, 1.5833333333333333, 1.0833333333333333, 1.3125, 1.0769230769230769, 1.4166666666666667, 1.25, 1.1666666666666667, 1.7272727272727273, 1.5, 1.5, 1.0833333333333333, 1.4615384615384615, 1.6, 1.3636363636363635, 1.375, 1.875, 1.125, 1.0909090909090908, 0.8666666666666667, 1.3333333333333333, 1.3636363636363635, 1.3846153846153846, 0.9166666666666666, 1.1818181818181819, 1.0, 1.25, 1.7692307692307692] 

ans 1.3285314685314684 

