4 base1
d: 5 w: 3 k: 1
all [1722.0, 1317.0, 1472.0, 1611.0, 1545.0, 1730.0, 1688.0, 1279.0, 1533.0, 1515.0, 1694.0, 1601.0, 1663.0, 1774.0, 1500.0, 1410.0, 1480.0, 1421.0, 1668.0, 1341.0, 1478.0, 1369.0, 1277.0, 1441.0, 1527.0, 1676.0, 1441.0, 1632.0, 1468.0, 1485.0] 

ans 1525.2666666666667 

4 base1
d: 5 w: 6 k: 1
all [726.0, 903.0, 599.0, 512.0, 546.0, 877.0, 1248.0, 617.0, 715.0, 680.0, 635.0, 857.0, 940.0, 1067.0, 678.0, 696.0, 682.0, 709.0, 812.0, 930.0, 811.0, 1161.0, 701.0, 897.0, 647.0, 649.0, 860.0, 757.0, 575.0, 768.0] 

ans 775.1666666666666 

4 base1
d: 5 w: 9 k: 1
all [292.0, 288.0, 339.0, 328.0, 324.0, 407.0, 377.0, 269.0, 374.0, 439.0, 327.0, 406.0, 388.0, 362.0, 331.0, 372.0, 403.0, 418.0, 423.0, 341.0, 321.0, 429.0, 346.0, 332.0, 343.0, 385.0, 337.0, 290.0, 265.0, 459.0] 

ans 357.1666666666667 

4 base1
d: 6 w: 9 k: 1
all [287.0, 279.0, 329.0, 341.0, 319.0, 300.0, 330.0, 303.0, 333.0, 349.0, 394.0, 350.0, 299.0, 364.0, 349.0, 374.0, 352.0, 333.0, 287.0, 379.0, 299.0, 327.0, 279.0, 336.0, 333.0, 282.0, 307.0, 325.0, 312.0, 329.0] 

ans 326.0 

4 base1
d: 5 w: 3 k: 3
all [1316.0, 1599.0, 1420.0, 1625.0, 1875.0, 1595.0, 1408.0, 1337.0, 1494.0, 1544.0, 1447.0, 1563.0, 1479.0, 1682.0, 1173.0, 1288.0, 1672.0, 1334.0, 1784.0, 1791.0, 1292.0, 1279.0, 1426.0, 1193.0, 1391.0, 1278.0, 1490.0, 1307.0, 1802.0, 1270.0] 

ans 1471.8 

4 base1
d: 5 w: 6 k: 3
all [662.0, 637.0, 871.0, 940.0, 952.0, 679.0, 1159.0, 614.0, 746.0, 575.0, 648.0, 735.0, 835.0, 644.0, 681.0, 570.0, 746.0, 687.0, 637.0, 642.0, 544.0, 869.0, 727.0, 888.0, 750.0, 568.0, 1064.0, 919.0, 881.0, 753.0] 

ans 754.1 

4 base1
d: 5 w: 9 k: 3
all [328.0, 344.0, 301.0, 303.0, 447.0, 271.0, 314.0, 388.0, 430.0, 290.0, 306.0, 278.0, 359.0, 282.0, 487.0, 373.0, 382.0, 418.0, 306.0, 348.0, 290.0, 357.0, 391.0, 408.0, 346.0, 331.0, 331.0, 527.0, 356.0, 270.0] 

ans 352.06666666666666 

4 base1
d: 6 w: 9 k: 3
all [281.0, 322.0, 340.0, 365.0, 231.0, 294.0, 269.0, 296.0, 334.0, 309.0, 292.0, 373.0, 282.0, 299.0, 286.0, 276.0, 366.0, 368.0, 281.0, 261.0, 327.0, 260.0, 296.0, 309.0, 264.0, 275.0, 254.0, 356.0, 261.0, 248.0] 

ans 299.1666666666667 

4 base1
d: 5 w: 3 k: 5
all [1538.0, 1265.0, 1223.0, 1367.0, 1445.0, 1636.0, 1197.0, 2235.0, 1399.0, 1447.0, 1550.0, 1447.0, 1380.0, 1449.0, 1258.0, 1332.0, 1659.0, 1264.0, 1227.0, 1498.0, 1283.0, 1537.0, 1534.0, 1275.0, 1669.0, 1489.0, 1569.0, 2014.0, 1358.0, 1397.0] 

ans 1464.7 

4 base1
d: 5 w: 6 k: 5
all [749.0, 627.0, 628.0, 634.0, 898.0, 612.0, 671.0, 705.0, 640.0, 632.0, 546.0, 747.0, 747.0, 871.0, 807.0, 609.0, 727.0, 765.0, 736.0, 847.0, 711.0, 683.0, 978.0, 439.5, 739.0, 574.0, 804.0, 731.0, 698.0, 827.0] 

ans 712.75 

4 base1
d: 5 w: 9 k: 5
all [331.0, 356.0, 377.0, 301.0, 397.0, 304.0, 400.0, 421.0, 323.0, 301.0, 453.0, 312.0, 292.0, 293.0, 296.0, 347.0, 278.0, 377.0, 326.0, 264.0, 348.0, 394.0, 318.0, 306.0, 360.0, 291.0, 403.0, 325.0, 293.0, 331.0] 

ans 337.26666666666665 

4 base1
d: 6 w: 9 k: 5
all [404.0, 210.0, 364.0, 230.0, 290.0, 369.0, 296.0, 283.0, 290.0, 282.0, 268.0, 329.0, 249.0, 284.0, 212.0, 368.0, 416.0, 343.0, 258.0, 327.0, 388.0, 264.0, 364.0, 264.0, 306.0, 345.0, 398.0, 292.0, 274.0, 351.0] 

ans 310.6 

