4 base2
d: 5 w: 3 k: 1
all [349.0, 287.0, 373.0, 387.0, 295.0, 416.0, 535.0, 366.0, 323.0, 988.5, 432.0, 294.0, 461.0, 247.0, 225.0, 470.0, 338.0, 392.0, 382.0, 275.0, 648.6666666666666, 242.0, 284.0, 387.0, 252.0, 261.0, 413.0, 348.0, 349.0, 356.0] 

ans 379.2055555555555 

4 base2
d: 5 w: 6 k: 1
all [128.0, 326.0, 167.0, 157.0, 147.0, 352.0, 395.0, 279.0, 137.5, 161.0, 239.0, 172.0, 156.0, 258.0, 106.0, 102.0, 166.0, 166.0, 164.0, 156.0, 174.0, 150.0, 138.0, 3200.0, 290.0, 168.0, 381.0, 91.0, 124.5, 139.0] 

ans 293.0 

4 base2
d: 5 w: 9 k: 1
all [52.0, 92.0, 56.0, 102.0, 40.0, 42.0, 115.0, 165.0, 53.0, 49.0, 102.0, 74.0, 47.0, 41.5, 63.0, 54.0, 50.0, 142.0, 54.2, 65.0, 67.0, 85.0, 101.0, 63.0, 82.0, 61.0, 103.0, 79.0, 103.0, 96.0] 

ans 76.62333333333332 

4 base2
d: 6 w: 9 k: 1
all [81.0, 75.0, 108.0, 38.0, 61.0, 62.0, 54.0, 46.0, 41.0, 38.0, 89.0, 87.0, 41.0, 57.0, 66.0, 99.0, 70.5, 110.0, 66.0, 61.0, 36.0, 99.0, 60.0, 86.0, 38.0, 70.0, 57.0, 49.0, 30.0, 88.0] 

ans 65.45 

4 base2
d: 5 w: 3 k: 3
all [411.0, 391.0, 224.0, 412.0, 465.0, 320.0, 274.0, 364.0, 1007.0, 316.0, 424.0, 255.0, 206.0, 401.0, 365.0, 299.0, 272.0, 227.0, 273.0, 405.0, 398.0, 412.0, 412.0, 229.0, 839.75, 277.0, 330.0, 311.0, 347.0, 420.0] 

ans 376.225 

4 base2
d: 5 w: 6 k: 3
all [227.0, 120.0, 258.0, 217.0, 135.0, 98.0, 143.0, 326.0, 131.0, 240.0, 101.0, 181.0, 115.0, 209.0, 443.0, 325.0, 144.0, 130.0, 141.0, 147.0, 198.5, 222.0, 3235.0, 116.0, 238.0, 237.0, 263.0, 138.0, 109.0, 154.0] 

ans 291.3833333333333 

4 base2
d: 5 w: 9 k: 3
all [123.0, 48.0, 82.0, 71.5, 52.0, 46.0, 121.0, 44.0, 53.0, 94.0, 151.0, 99.0, 61.0, 59.0, 151.0, 45.0, 90.0, 83.0, 66.0, 57.0, 57.0, 95.0, 62.0, 148.0, 124.0, 111.0, 138.0, 50.0, 41.5, 49.0] 

ans 82.4 

4 base2
d: 6 w: 9 k: 3
all [56.0, 51.0, 104.0, 55.0, 45.0, 68.0, 70.0, 79.0, 42.0, 68.0, 95.0, 49.0, 41.0, 62.0, 74.0, 92.0, 38.0, 87.0, 61.0, 66.0, 41.0, 38.0, 40.0, 36.0, 60.0, 34.0, 91.0, 41.0, 85.0, 66.0] 

ans 61.166666666666664 

4 base2
d: 5 w: 3 k: 5
all [499.25, 353.0, 369.0, 274.0, 353.0, 424.0, 364.0, 323.0, 325.0, 532.0, 408.0, 345.0, 196.0, 458.0, 410.0, 294.0, 461.0, 376.0, 397.0, 555.0, 475.0, 405.0, 223.0, 228.0, 296.0, 299.0, 3280.0, 417.0, 342.0, 380.0] 

ans 468.7083333333333 

4 base2
d: 5 w: 6 k: 5
all [310.0, 80.0, 290.0, 120.0, 328.0, 166.0, 140.0, 190.0, 115.0, 142.0, 147.0, 247.0, 192.0, 128.0, 111.0, 153.0, 135.0, 254.0, 234.0, 160.0, 246.0, 150.0, 137.0, 143.0, 186.0, 146.0, 143.0, 322.0, 167.0, 140.0] 

ans 180.73333333333332 

4 base2
d: 5 w: 9 k: 5
all [48.0, 78.0, 169.0, 119.0, 101.0, 112.0, 151.0, 62.0, 109.0, 40.0, 48.0, 92.0, 42.0, 32.0, 39.0, 132.0, 53.0, 93.0, 49.0, 66.0, 75.0, 162.0, 58.0, 114.0, 58.0, 59.0, 156.0, 106.0, 152.0, 59.0] 

ans 87.8 

4 base2
d: 6 w: 9 k: 5
all [37.0, 118.0, 51.0, 57.0, 82.0, 36.0, 69.0, 61.0, 93.0, 34.0, 85.0, 49.0, 35.0, 91.0, 60.0, 42.0, 50.0, 39.0, 56.0, 67.0, 41.0, 50.0, 54.0, 76.0, 75.0, 85.0, 64.0, 46.0, 43.0, 56.0] 

ans 60.06666666666667 

