4 base3
d: 5 w: 3 k: 1
all [406.0, 397.0, 348.0, 335.0, 219.0, 323.0, 438.0, 475.0, 436.0, 287.0, 400.0, 441.0, 517.0, 433.0, 338.0, 284.0, 336.0, 310.0, 289.0, 437.0, 500.5, 3275.0, 330.0, 466.0, 369.0, 336.0, 1989.0, 294.0, 702.0, 274.0] 

ans 532.8166666666667 

4 base3
d: 5 w: 6 k: 1
all [88.0, 213.0, 90.0, 158.0, 354.0, 183.0, 140.0, 81.0, 144.0, 203.0, 180.0, 168.0, 155.0, 99.66666666666667, 104.0, 463.42857142857144, 181.0, 99.0, 318.0, 229.0, 281.0, 150.0, 314.0, 237.0, 153.0, 181.0, 337.0, 181.0, 197.0, 128.0] 

ans 193.66984126984127 

4 base3
d: 5 w: 9 k: 1
all [128.0, 58.0, 88.0, 129.0, 70.0, 86.0, 73.0, 101.0, 55.0, 50.0, 87.0, 63.0, 105.0, 124.0, 52.0, 97.0, 108.0, 78.0, 68.0, 99.0, 68.0, 61.5, 73.0, 96.0, 87.0, 56.0, 41.0, 92.0, 45.0, 152.0] 

ans 83.01666666666667 

4 base3
d: 6 w: 9 k: 1
all [83.0, 61.0, 59.0, 63.0, 43.0, 63.0, 33.0, 36.0, 96.0, 62.0, 58.0, 84.0, 44.0, 43.0, 53.0, 56.0, 90.0, 73.0, 55.0, 39.0, 76.0, 47.0, 58.0, 57.0, 49.0, 106.0, 83.0, 97.0, 45.0, 160.0] 

ans 65.73333333333333 

4 base3
d: 5 w: 3 k: 3
all [216.0, 472.0, 414.0, 430.0, 279.0, 368.0, 985.0, 278.0, 216.0, 274.0, 317.0, 301.0, 3311.0, 408.0, 361.44444444444446, 233.0, 578.0, 258.0, 385.0, 326.0, 387.0, 394.0, 360.0, 321.0, 367.0, 233.0, 268.0, 350.0, 372.0, 383.0] 

ans 461.5148148148148 

4 base3
d: 5 w: 6 k: 3
all [175.0, 173.0, 244.0, 155.25, 147.0, 317.0, 140.0, 257.0, 230.0, 307.0, 151.0, 163.0, 124.0, 99.0, 466.0, 316.0, 170.0, 1862.0, 152.0, 176.0, 163.0, 153.0, 294.0, 331.0, 232.0, 117.0, 149.0, 125.0, 161.0, 216.0] 

ans 258.84166666666664 

4 base3
d: 5 w: 9 k: 3
all [103.0, 78.0, 154.0, 97.0, 38.0, 120.0, 47.0, 82.0, 60.0, 73.0, 35.0, 84.0, 46.0, 47.0, 64.0, 80.0, 72.0, 146.0, 56.0, 71.0, 96.0, 46.0, 52.0, 57.42857142857143, 52.0, 206.0, 52.0, 82.0, 101.66666666666667, 114.0] 

ans 80.4031746031746 

4 base3
d: 6 w: 9 k: 3
all [47.0, 49.0, 94.0, 99.0, 102.0, 42.0, 58.0, 115.0, 88.0, 111.0, 71.0, 54.0, 46.0, 34.0, 87.0, 61.0, 38.0, 29.0, 48.0, 61.0, 39.0, 62.0, 33.0, 71.0, 85.0, 54.5, 47.0, 39.0, 62.0, 96.0] 

ans 64.08333333333333 

4 base3
d: 5 w: 3 k: 5
all [259.0, 219.0, 343.0, 454.0, 357.0, 483.0, 1089.3333333333333, 269.0, 397.0, 494.0, 378.0, 225.0, 373.0, 254.0, 492.0, 358.0, 260.0, 317.0, 389.0, 303.0, 327.3, 395.0, 198.0, 265.0, 1954.0, 267.0, 371.0, 342.0, 374.0, 311.0] 

ans 417.25444444444446 

4 base3
d: 5 w: 6 k: 5
all [102.0, 135.0, 460.25, 308.8333333333333, 162.0, 312.0, 309.0, 141.0, 255.0, 136.0, 191.0, 105.0, 287.0, 110.0, 151.0, 106.0, 135.0, 197.0, 171.0, 337.0, 130.0, 168.0, 113.0, 243.0, 139.0, 136.0, 142.0, 240.0, 165.0, 178.0] 

ans 192.16944444444442 

4 base3
d: 5 w: 9 k: 5
all [75.0, 39.0, 36.0, 109.0, 39.0, 47.0, 64.0, 55.0, 62.0, 316.0, 84.0, 46.0, 75.0, 60.0, 73.0, 92.0, 88.0, 47.0, 86.0, 69.0, 60.0, 50.0, 72.0, 54.0, 110.0, 142.0, 221.0, 40.0, 139.0, 39.0] 

ans 82.96666666666667 

4 base3
d: 6 w: 9 k: 5
all [49.0, 47.0, 48.0, 41.0, 38.285714285714285, 52.0, 41.0, 59.0, 64.0, 68.0, 36.0, 49.0, 44.0, 115.0, 63.0, 60.0, 60.0, 51.0, 55.0, 53.0, 31.0, 57.0, 38.0, 50.0, 42.0, 43.0, 84.0, 122.0, 78.0, 49.0] 

ans 56.24285714285714 

