6 base2
d: 5 w: 3 k: 1
all [148.0, 151.0, 136.0, 109.0, 242.0, 54.0, 92.0, 143.5, 107.0, 74.0, 128.0, 182.0, 120.0, 99.0, 157.0, 108.0, 173.0, 101.0, 275.0, 161.0, 210.0, 142.0, 240.0, 94.0, 126.5, 151.0, 170.0, 135.0, 122.0, 176.0] 

ans 144.23333333333332 

6 base2
d: 5 w: 6 k: 1
all [49.0, 50.0, 35.0, 94.0, 40.0, 127.5, 61.0, 33.0, 60.0, 38.0, 74.5, 74.0, 32.0, 28.0, 38.0, 53.0, 75.0, 74.5, 61.0, 55.0, 113.0, 25.0, 63.5, 55.75, 37.0, 33.333333333333336, 55.0, 53.0, 94.0, 87.0] 

ans 58.96944444444444 

6 base2
d: 5 w: 9 k: 1
all [47.0, 15.5, 58.5, 29.0, 22.0, 29.0, 18.0, 14.0, 35.25, 31.0, 36.0, 15.0, 36.0, 28.0, 25.0, 22.0, 36.0, 43.0, 20.0, 28.0, 28.0, 13.0, 40.0, 15.0, 41.0, 59.0, 35.0, 32.0, 32.0, 55.5] 

ans 31.291666666666668 

6 base2
d: 6 w: 9 k: 1
all [16.0, 10.0, 20.0, 70.0, 36.0, 48.0, 30.0, 31.0, 62.0, 29.0, 11.0, 54.0, 45.0, 22.0, 16.666666666666668, 24.0, 10.5, 12.5, 16.0, 43.0, 21.0, 17.0, 16.5, 10.0, 16.0, 31.0, 16.0, 27.0, 16.0, 21.0] 

ans 26.605555555555558 

6 base2
d: 5 w: 3 k: 3
all [100.0, 211.0, 115.0, 279.0, 110.0, 930.5, 163.0, 100.0, 136.0, 159.5, 277.0, 313.0, 184.0, 281.0, 225.0, 139.0, 137.0, 101.0, 141.0, 249.0, 118.0, 105.5, 133.0, 269.0, 221.0, 310.0, 116.0, 109.0, 127.0, 129.0] 

ans 199.61666666666667 

6 base2
d: 5 w: 6 k: 3
all [114.0, 32.0, 138.0, 118.0, 48.0, 63.0, 60.0, 54.0, 40.0, 51.0, 60.0, 45.0, 38.0, 120.0, 48.5, 42.0, 106.0, 98.0, 114.0, 131.0, 51.0, 137.0, 46.0, 122.0, 35.0, 40.0, 100.0, 59.0, 31.0, 38.0] 

ans 72.65 

6 base2
d: 5 w: 9 k: 3
all [18.8, 18.0, 36.0, 24.0, 18.0, 28.0, 28.0, 66.0, 17.0, 45.0, 10.4, 9.333333333333334, 18.0, 46.0, 21.0, 32.5, 15.75, 44.0, 96.0, 28.0, 51.0, 22.0, 35.5, 22.0, 28.0, 15.0, 36.0, 21.75, 20.666666666666668, 12.0] 

ans 29.456666666666663 

6 base2
d: 6 w: 9 k: 3
all [9.0, 26.0, 51.5, 13.0, 34.0, 18.5, 18.0, 18.0, 13.0, 13.0, 36.0, 10.5, 30.0, 24.0, 70.0, 11.0, 34.0, 26.5, 20.0, 18.0, 12.0, 22.0, 30.0, 17.0, 30.0, 30.0, 20.0, 16.0, 27.0, 13.0] 

ans 23.7 

6 base2
d: 5 w: 3 k: 5
all [142.0, 352.0, 179.0, 324.0, 75.0, 121.0, 131.0, 134.0, 94.0, 118.0, 247.0, 165.0, 135.0, 120.0, 81.0, 97.0, 159.0, 177.0, 311.0, 103.0, 229.0, 96.0, 195.0, 145.5, 135.0, 141.5, 109.0, 279.0, 150.0, 134.0] 

ans 162.63333333333333 

6 base2
d: 5 w: 6 k: 5
all [41.0, 69.5, 102.0, 71.0, 44.5, 26.0, 35.0, 67.0, 129.0, 54.0, 215.0, 55.0, 38.0, 118.0, 47.0, 91.0, 122.0, 69.0, 33.0, 55.0, 51.333333333333336, 52.0, 43.0, 53.0, 36.0, 102.0, 62.0, 35.0, 52.0, 26.0] 

ans 66.47777777777777 

6 base2
d: 5 w: 9 k: 5
all [30.0, 14.5, 35.0, 73.0, 21.0, 30.0, 50.0, 16.0, 16.0, 36.0, 31.0, 29.0, 16.0, 28.0, 25.0, 42.5, 13.0, 29.0, 13.0, 17.0, 31.0, 109.0, 14.5, 122.0, 12.0, 13.0, 49.0, 25.0, 10.0, 20.0] 

ans 32.35 

6 base2
d: 6 w: 9 k: 5
all [31.0, 19.0, 16.0, 30.0, 26.0, 14.0, 44.0, 12.8, 17.0, 25.0, 10.333333333333334, 24.0, 15.333333333333334, 10.0, 20.0, 34.0, 34.5, 16.0, 17.8, 13.5, 15.5, 14.0, 30.0, 15.0, 18.0, 20.0, 20.0, 11.0, 43.0, 51.0] 

ans 22.258888888888887 

