6 base1
d: 5 w: 3 k: 1
all [417.0, 471.0, 426.0, 469.0, 464.0, 541.0, 476.0, 433.0, 525.0, 397.0, 385.0, 485.0, 409.0, 599.0, 668.0, 488.0, 538.0, 542.0, 565.0, 636.0, 528.0, 467.0, 482.0, 490.0, 420.0, 476.0, 649.0, 598.0, 440.0, 485.0] 

ans 498.96666666666664 

6 base1
d: 5 w: 6 k: 1
all [197.0, 296.0, 244.0, 177.0, 198.0, 182.0, 228.0, 127.0, 179.0, 183.0, 184.0, 302.0, 166.0, 204.0, 180.0, 179.0, 156.0, 223.0, 175.0, 198.0, 221.0, 249.0, 166.0, 186.0, 172.0, 193.0, 228.0, 190.0, 254.0, 156.0] 

ans 199.76666666666668 

6 base1
d: 5 w: 9 k: 1
all [83.0, 111.0, 124.0, 113.0, 80.0, 107.0, 78.0, 85.0, 75.0, 87.0, 91.0, 77.0, 79.0, 92.0, 113.0, 58.0, 63.0, 97.0, 90.0, 75.0, 77.0, 150.0, 73.0, 141.0, 144.0, 67.0, 112.0, 79.0, 110.0, 88.0] 

ans 93.96666666666667 

6 base1
d: 6 w: 9 k: 1
all [98.0, 115.0, 62.0, 80.0, 66.0, 96.0, 66.0, 97.0, 104.0, 75.0, 65.0, 97.0, 54.0, 79.0, 70.0, 94.0, 88.0, 81.0, 91.0, 91.0, 89.0, 78.0, 90.0, 65.0, 56.0, 113.0, 80.0, 115.0, 80.0, 86.0] 

ans 84.03333333333333 

6 base1
d: 5 w: 3 k: 3
all [566.0, 420.0, 461.0, 445.0, 497.0, 373.0, 463.0, 483.0, 424.0, 408.0, 394.0, 417.0, 528.0, 490.0, 396.0, 510.0, 439.0, 522.0, 491.0, 455.0, 487.0, 402.0, 489.0, 482.0, 570.0, 492.0, 498.0, 475.0, 450.0, 474.0] 

ans 466.7 

6 base1
d: 5 w: 6 k: 3
all [179.0, 189.0, 203.0, 206.0, 182.0, 190.0, 170.0, 245.0, 266.0, 149.0, 226.0, 237.0, 166.0, 206.0, 244.0, 148.0, 207.0, 197.0, 193.0, 186.0, 253.0, 163.0, 192.0, 235.0, 202.0, 148.0, 193.0, 187.0, 203.0, 186.0] 

ans 198.36666666666667 

6 base1
d: 5 w: 9 k: 3
all [102.0, 92.0, 111.0, 99.0, 111.0, 75.0, 66.0, 69.0, 113.0, 111.0, 93.0, 56.0, 124.0, 98.0, 63.0, 97.0, 76.0, 93.0, 80.0, 69.0, 70.0, 115.0, 112.0, 78.0, 66.0, 83.0, 85.0, 80.0, 82.0, 62.0] 

ans 87.7 

6 base1
d: 6 w: 9 k: 3
all [83.0, 63.0, 84.0, 68.0, 85.0, 60.0, 127.0, 63.0, 61.0, 83.0, 75.0, 53.0, 55.0, 111.0, 58.0, 106.0, 61.0, 78.0, 57.0, 77.0, 127.0, 85.0, 59.0, 70.0, 51.0, 107.0, 75.0, 69.0, 67.0, 104.0] 

ans 77.4 

6 base1
d: 5 w: 3 k: 5
all [606.0, 538.0, 565.0, 605.0, 560.0, 477.0, 574.0, 520.0, 465.0, 534.0, 563.0, 493.0, 655.0, 516.0, 646.0, 609.0, 581.0, 462.0, 467.0, 551.0, 627.0, 638.0, 504.0, 469.0, 520.0, 527.0, 596.0, 463.0, 404.0, 584.0] 

ans 543.9666666666667 

6 base1
d: 5 w: 6 k: 5
all [150.0, 198.0, 166.0, 162.0, 150.0, 207.0, 231.0, 180.0, 206.0, 142.0, 138.0, 229.0, 272.0, 202.0, 167.0, 185.0, 215.0, 246.0, 205.0, 197.0, 248.0, 162.0, 233.0, 173.0, 183.0, 279.0, 176.0, 193.0, 149.0, 282.0] 

ans 197.53333333333333 

6 base1
d: 5 w: 9 k: 5
all [126.0, 87.0, 67.0, 64.0, 112.0, 83.0, 89.0, 61.0, 74.0, 81.0, 82.0, 72.0, 65.0, 69.0, 65.0, 82.0, 71.0, 97.0, 89.0, 94.0, 55.0, 94.0, 57.0, 80.0, 56.0, 91.0, 84.0, 69.0, 78.0, 76.0] 

ans 79.0 

6 base1
d: 6 w: 9 k: 5
all [73.0, 114.0, 85.0, 84.0, 86.0, 78.0, 74.0, 57.0, 65.0, 70.0, 55.0, 62.0, 67.0, 64.0, 70.0, 89.0, 73.0, 58.0, 79.0, 73.0, 47.0, 83.0, 64.0, 76.0, 77.0, 83.0, 81.0, 59.0, 76.0, 96.0] 

ans 73.93333333333334 

