6 algo
d: 5 w: 3 k: 1
all [5.333333333333333, 2.6666666666666665, 3.25, 2.8333333333333335, 4.833333333333333, 3.0833333333333335, 2.9166666666666665, 3.4545454545454546, 2.5833333333333335, 3.4, 2.6363636363636362, 3.3333333333333335, 3.6363636363636362, 2.9166666666666665, 2.6363636363636362, 4.5, 2.8333333333333335, 2.75, 4.529411764705882, 3.4545454545454546, 3.6666666666666665, 3.25, 2.4615384615384617, 2.8333333333333335, 3.5833333333333335, 3.0, 3.5, 2.5454545454545454, 3.1666666666666665, 2.6666666666666665, 3.6666666666666665, 3.2, 3.9166666666666665, 2.8, 3.3, 3.25, 4.75, 3.1538461538461537, 5.05, 3.75, 4.833333333333333, 2.6363636363636362, 3.433333333333333, 3.0833333333333335, 3.0, 3.6666666666666665, 2.7333333333333334, 4.25, 2.909090909090909, 2.65] 

ans 3.365744412450295 

6 algo
d: 5 w: 6 k: 1
all [1.9166666666666667, 0.9642857142857143, 0.9166666666666666, 0.75, 0.5882352941176471, 0.6666666666666666, 0.5454545454545454, 0.6, 0.6833333333333333, 0.5833333333333334, 1.1666666666666667, 0.5, 0.8333333333333334, 0.6, 0.5, 0.5, 1.0, 1.1666666666666667, 1.1666666666666667, 0.7647058823529411, 0.6666666666666666, 1.2352941176470589, 0.7272727272727273, 0.75, 0.8333333333333334, 1.0833333333333333, 0.6428571428571429, 1.2, 0.625, 0.47058823529411764, 0.7, 0.6, 1.25, 0.7, 0.85, 0.7272727272727273, 0.47058823529411764, 0.5, 1.6666666666666667, 0.8235294117647058, 0.5833333333333334, 0.5, 0.5, 0.7058823529411765, 1.1176470588235294, 0.9, 0.8333333333333334, 0.6, 0.5, 0.6923076923076923] 

ans 0.7973517560870501 

6 algo
d: 5 w: 9 k: 1
all [0.6, 0.15, 0.25, 0.2, 0.55, 0.6, 0.6, 0.17857142857142858, 0.16666666666666666, 0.3, 0.23333333333333334, 0.08333333333333333, 0.5882352941176471, 0.5882352941176471, 0.4166666666666667, 0.26666666666666666, 0.3, 0.18333333333333332, 0.3, 0.2, 0.2, 0.14285714285714285, 0.17647058823529413, 0.14285714285714285, 0.1, 0.16666666666666666, 0.2, 0.125, 0.2, 0.2857142857142857, 0.2, 0.11764705882352941, 0.25, 0.15, 0.5, 0.25, 0.17647058823529413, 0.1875, 0.13333333333333333, 0.3333333333333333, 0.1, 0.125, 0.35, 0.2, 0.3, 0.45, 0.6, 0.2, 0.20833333333333334, 0.25] 

ans 0.2715245098039215 

6 algo
d: 6 w: 9 k: 1
all [0.2857142857142857, 0.1875, 0.06666666666666667, 0.3, 0.35, 0.07142857142857142, 0.2857142857142857, 0.13333333333333333, 0.3333333333333333, 0.16666666666666666, 0.1, 0.16666666666666666, 0.3333333333333333, 0.3, 0.3, 0.05, 0.8, 0.15, 0.26666666666666666, 0.14285714285714285, 0.08333333333333333, 0.25, 0.8, 0.2, 0.1875, 0.15, 0.05, 0.25, 0.12121212121212122, 0.23529411764705882, 0.75, 0.3, 0.06666666666666667, 0.15625, 0.1, 0.1, 0.3, 0.75, 0.19444444444444445, 0.16666666666666666, 0.45, 0.08333333333333333, 0.17647058823529413, 0.16666666666666666, 0.3333333333333333, 0.17857142857142858, 0.6666666666666666, 0.16666666666666666, 0.13333333333333333, 0.36666666666666664] 

ans 0.2544591397164926 

6 algo
d: 5 w: 3 k: 3
all [3.8333333333333335, 2.6666666666666665, 3.0, 2.5, 2.8666666666666667, 4.65, 3.0, 3.5833333333333335, 4.0, 2.7, 2.5, 4.166666666666667, 2.3333333333333335, 2.3125, 2.5833333333333335, 3.1666666666666665, 2.5, 3.6666666666666665, 3.0, 2.4166666666666665, 2.6666666666666665, 4.166666666666667, 2.3333333333333335, 3.4166666666666665, 2.727272727272727, 2.5833333333333335, 3.0, 2.4166666666666665, 3.0, 2.272727272727273, 2.75, 5.166666666666667, 2.5454545454545454, 2.6666666666666665, 3.5833333333333335, 4.083333333333333, 5.833333333333333, 2.5833333333333335, 3.85, 3.2, 2.9166666666666665, 4.583333333333333, 2.75, 2.9166666666666665, 3.8333333333333335, 2.727272727272727, 2.5454545454545454, 3.15, 2.85, 2.5] 

ans 3.1412803030303023 

6 algo
d: 5 w: 6 k: 3
all [0.7647058823529411, 0.9722222222222222, 0.5, 0.47058823529411764, 0.6666666666666666, 0.7647058823529411, 0.9166666666666666, 0.5, 1.3333333333333333, 1.2, 0.5454545454545454, 0.47058823529411764, 0.4166666666666667, 0.5294117647058824, 0.6666666666666666, 0.9166666666666666, 0.5, 0.42857142857142855, 0.45454545454545453, 0.6666666666666666, 0.7272727272727273, 0.5454545454545454, 0.6666666666666666, 0.5, 0.65, 0.5, 1.0, 0.5833333333333334, 0.6785714285714286, 0.6363636363636364, 1.1666666666666667, 0.4166666666666667, 0.5, 0.5833333333333334, 0.4666666666666667, 0.5, 0.36363636363636365, 0.7058823529411765, 1.1666666666666667, 0.6, 1.1666666666666667, 1.0, 0.4642857142857143, 1.05, 0.5, 0.5625, 0.5, 0.5, 1.8333333333333333, 0.5] 

ans 0.6943618750530516 

6 algo
d: 5 w: 9 k: 3
all [0.4166666666666667, 0.2, 0.29411764705882354, 0.15384615384615385, 0.09375, 0.2, 0.0625, 0.2, 0.15, 0.13333333333333333, 0.2, 0.17647058823529413, 0.2, 0.16666666666666666, 0.16666666666666666, 0.2, 0.16666666666666666, 0.9166666666666666, 0.15, 0.1, 0.3333333333333333, 0.25, 0.3, 0.2, 0.2, 0.09090909090909091, 0.35, 0.17647058823529413, 0.1, 0.07446808510638298, 0.16666666666666666, 0.17647058823529413, 0.16666666666666666, 0.32142857142857145, 0.3, 0.3333333333333333, 0.11764705882352941, 0.1, 0.3333333333333333, 0.25, 0.06666666666666667, 0.3333333333333333, 0.16666666666666666, 0.4166666666666667, 0.13333333333333333, 0.1, 0.15, 0.07142857142857142, 0.13333333333333333, 0.2] 

ans 0.20919013886614007 

6 algo
d: 6 w: 9 k: 3
all [0.15, 0.08333333333333333, 0.29411764705882354, 0.17857142857142858, 0.08333333333333333, 0.10714285714285714, 0.07936507936507936, 0.10714285714285714, 0.45, 0.3333333333333333, 0.17857142857142858, 0.35294117647058826, 0.09375, 0.16666666666666666, 0.13333333333333333, 0.2, 0.3333333333333333, 0.1276595744680851, 0.16666666666666666, 0.0425531914893617, 0.2, 0.2, 0.2, 0.13333333333333333, 0.1, 0.1, 0.07575757575757576, 0.4166666666666667, 0.2, 0.058823529411764705, 0.1, 1.0, 0.08333333333333333, 0.08333333333333333, 0.08333333333333333, 0.1, 0.25, 0.25, 0.2553191489361702, 0.11764705882352941, 0.23529411764705882, 0.06666666666666667, 0.1, 0.1, 0.09090909090909091, 0.125, 0.4166666666666667, 0.5, 0.16666666666666666, 0.6666666666666666] 

ans 0.20274464856864724 

6 algo
d: 5 w: 3 k: 5
all [2.5, 2.5833333333333335, 2.8333333333333335, 3.1875, 3.25, 2.9166666666666665, 2.9166666666666665, 3.2, 2.4166666666666665, 4.333333333333333, 3.1666666666666665, 3.272727272727273, 2.6363636363636362, 2.8, 2.25, 3.8125, 3.0, 2.5833333333333335, 4.583333333333333, 2.5, 3.5833333333333335, 2.5833333333333335, 3.0, 2.75, 3.25, 4.0, 2.4166666666666665, 2.5833333333333335, 2.6363636363636362, 2.5, 2.272727272727273, 3.25, 2.6666666666666665, 2.6666666666666665, 3.9166666666666665, 2.3333333333333335, 3.1666666666666665, 3.0, 2.4166666666666665, 2.9166666666666665, 2.727272727272727, 2.5833333333333335, 3.7142857142857144, 2.75, 2.25, 3.5454545454545454, 2.5384615384615383, 4.75, 2.75, 2.5833333333333335] 

ans 2.9768731268731274 

6 algo
d: 5 w: 6 k: 5
all [0.6666666666666666, 0.9166666666666666, 0.5882352941176471, 0.5, 0.4375, 0.6, 0.6666666666666666, 0.36363636363636365, 0.45454545454545453, 0.5625, 0.7058823529411765, 0.5625, 0.5, 1.0, 0.5, 0.5833333333333334, 0.5, 0.5, 0.5, 2.5, 0.5, 0.5, 0.35294117647058826, 0.39285714285714285, 0.6666666666666666, 0.8333333333333334, 0.5294117647058824, 0.5, 1.0833333333333333, 0.75, 1.5, 0.4166666666666667, 1.4, 0.5882352941176471, 0.9166666666666666, 0.6923076923076923, 0.4166666666666667, 0.4166666666666667, 1.0, 0.38461538461538464, 0.47058823529411764, 0.4166666666666667, 0.5833333333333334, 0.46153846153846156, 0.75, 0.5454545454545454, 0.5882352941176471, 0.6666666666666666, 0.6, 0.5833333333333334] 

ans 0.6622863558010619 

6 algo
d: 5 w: 9 k: 5
all [0.03571428571428571, 0.23529411764705882, 0.06666666666666667, 0.25, 0.1, 0.4166666666666667, 0.16666666666666666, 0.35294117647058826, 0.13333333333333333, 0.11764705882352941, 0.13333333333333333, 0.3, 0.16666666666666666, 0.08333333333333333, 0.1, 0.16666666666666666, 0.3333333333333333, 0.5, 0.09090909090909091, 0.16666666666666666, 0.13333333333333333, 0.5333333333333333, 0.0625, 0.11764705882352941, 0.13333333333333333, 0.08333333333333333, 0.25, 0.17857142857142858, 0.55, 0.10344827586206896, 0.4666666666666667, 0.16666666666666666, 0.16666666666666666, 0.6666666666666666, 0.15, 0.3333333333333333, 0.25, 0.2553191489361702, 0.1, 0.25, 0.0625, 0.1, 0.16666666666666666, 0.08333333333333333, 0.1, 0.15384615384615385, 0.10344827586206896, 0.13333333333333333, 0.1, 0.1] 

ans 0.19939572142931944 

6 algo
d: 6 w: 9 k: 5
all [0.1, 0.3611111111111111, 0.2, 0.16666666666666666, 0.29411764705882354, 0.2, 0.0851063829787234, 0.15, 0.07142857142857142, 0.058823529411764705, 0.5833333333333334, 0.058823529411764705, 0.06666666666666667, 0.16666666666666666, 0.1, 0.11764705882352941, 0.16666666666666666, 0.13333333333333333, 0.05, 0.08333333333333333, 0.23529411764705882, 0.16666666666666666, 0.2, 0.16666666666666666, 0.08333333333333333, 0.11764705882352941, 0.1, 0.0625, 0.26666666666666666, 0.17647058823529413, 0.08333333333333333, 0.07575757575757576, 0.08333333333333333, 0.1, 0.1, 0.15151515151515152, 0.15, 0.1875, 0.08333333333333333, 0.25, 0.15625, 0.17857142857142858, 0.2, 0.10714285714285714, 0.13333333333333333, 0.2, 0.25, 0.13333333333333333, 0.07142857142857142, 0.08333333333333333] 

ans 0.15134270358691507 

