6 base3
d: 5 w: 3 k: 1
all [132.0, 186.6, 216.0, 133.0, 192.0, 119.0, 130.0, 140.0, 136.0, 159.0, 86.0, 1849.0, 138.0, 132.0, 301.0, 144.5, 193.0, 172.0, 107.0, 125.0, 211.0, 120.33333333333333, 280.0, 628.0, 95.0, 134.0, 308.0, 78.0, 204.0, 152.0] 

ans 233.38111111111112 

6 base3
d: 5 w: 6 k: 1
all [293.0, 54.0, 43.0, 87.0, 81.0, 35.0, 82.0, 80.0, 93.0, 56.0, 56.0, 55.0, 110.0, 89.0, 115.0, 93.0, 56.0, 33.0, 67.0, 55.0, 30.0, 55.0, 100.0, 58.0, 56.0, 64.0, 141.0, 84.0, 55.0, 72.0] 

ans 78.26666666666667 

6 base3
d: 5 w: 9 k: 1
all [67.0, 35.0, 34.0, 24.666666666666668, 35.5, 28.0, 64.0, 50.0, 28.0, 97.0, 19.0, 31.0, 46.0, 84.0, 17.0, 63.0, 37.0, 61.0, 29.6, 28.571428571428573, 40.5, 31.0, 32.0, 30.0, 28.0, 36.0, 41.0, 10.0, 34.142857142857146, 30.0] 

ans 39.73269841269841 

6 base3
d: 6 w: 9 k: 1
all [28.0, 30.0, 74.0, 25.0, 24.0, 28.0, 14.0, 15.0, 28.0, 22.0, 20.0, 21.2, 20.0, 28.0, 14.0, 53.0, 28.0, 21.2, 99.0, 20.0, 36.0, 29.0, 36.0, 45.0, 25.0, 30.0, 16.0, 28.0, 28.0, 50.0] 

ans 31.18 

6 base3
d: 5 w: 3 k: 3
all [146.0, 109.0, 115.0, 121.0, 463.25, 127.0, 151.6153846153846, 79.5, 112.0, 110.0, 279.0, 167.0, 129.0, 112.0, 320.0, 137.5, 305.0, 98.0, 137.0, 183.5, 304.0, 468.75, 151.0, 222.0, 162.0, 144.0, 138.0, 134.0, 122.0, 308.6666666666667] 

ans 185.22606837606838 

6 base3
d: 5 w: 6 k: 3
all [87.0, 61.0, 105.0, 40.0, 95.0, 85.0, 76.0, 74.0, 124.0, 47.0, 43.0, 59.0, 217.0, 54.0, 90.0, 34.0, 85.0, 81.0, 84.0, 68.5, 30.0, 92.0, 86.0, 75.0, 72.0, 142.0, 90.0, 74.0, 87.0, 72.0] 

ans 80.98333333333333 

6 base3
d: 5 w: 9 k: 3
all [20.0, 21.333333333333332, 29.0, 17.0, 47.0, 16.0, 28.571428571428573, 28.0, 63.0, 51.0, 56.0, 29.8, 22.25, 29.0, 56.0, 28.0, 24.0, 22.0, 17.0, 57.0, 47.0, 28.0, 55.8, 35.0, 44.0, 45.0, 41.0, 27.0, 56.0, 28.0] 

ans 35.62515873015873 

6 base3
d: 6 w: 9 k: 3
all [15.5, 39.0, 25.0, 14.0, 30.0, 77.0, 28.0, 32.57142857142857, 28.0, 13.0, 32.0, 41.0, 40.0, 40.0, 90.0, 34.0, 59.0, 17.5, 36.57142857142857, 29.428571428571427, 60.5, 18.4, 28.0, 34.0, 60.0, 40.0, 63.0, 51.0, 16.0, 66.0] 

ans 38.61571428571428 

6 base3
d: 5 w: 3 k: 5
all [167.27272727272728, 71.0, 262.0, 1838.0, 204.0, 163.0, 113.0, 105.0, 127.0, 336.0, 111.0, 125.0, 95.5, 307.3333333333333, 150.0, 179.0, 308.0, 129.0, 164.0, 195.0, 205.0, 158.0, 664.6666666666666, 103.0, 138.0, 111.0, 235.0, 1834.0, 167.0, 138.0] 

ans 296.79242424242426 

6 base3
d: 5 w: 6 k: 5
all [53.0, 58.0, 91.0, 37.0, 62.0, 62.0, 53.75, 38.0, 37.0, 116.0, 86.0, 97.0, 84.0, 60.0, 37.0, 71.0, 37.0, 66.0, 215.0, 41.0, 91.0, 43.0, 46.0, 35.0, 33.0, 115.0, 44.0, 42.0, 88.0, 38.0] 

ans 65.89166666666667 

6 base3
d: 5 w: 9 k: 5
all [70.0, 68.0, 34.0, 60.0, 40.0, 124.0, 43.0, 56.0, 30.0, 25.5, 47.0, 16.5, 32.0, 28.0, 85.0, 43.0, 76.0, 37.0, 17.0, 34.0, 29.0, 28.0, 44.0, 17.0, 36.0, 28.0, 29.0, 37.0, 33.0, 35.0] 

ans 42.733333333333334 

6 base3
d: 6 w: 9 k: 5
all [36.0, 47.0, 56.8, 21.0, 31.0, 28.0, 56.0, 52.0, 49.0, 30.333333333333332, 44.0, 18.0, 16.0, 44.0, 40.0, 30.0, 34.714285714285715, 21.0, 28.0, 58.0, 35.0, 44.0, 28.0, 28.0, 94.0, 34.0, 20.0, 62.0, 60.0, 31.0] 

ans 39.228253968253966 

