4-1 base1
d: 5 w: 3 k: 1
all [1692.0, 1741.0, 2542.0, 2776.0, 1866.0, 2178.0, 2003.0, 1853.0, 2565.0, 2368.0, 2265.0, 1646.0, 2686.0, 1834.0, 2710.0, 1908.0, 2243.0, 1729.0, 1972.0, 1990.0, 1823.0, 2024.0, 2224.0, 2459.0, 1911.0, 2402.0, 1823.0, 2389.0, 2022.0, 1774.0] 

ans 2113.9333333333334 

4-1 base1
d: 5 w: 6 k: 1
all [919.0, 912.0, 1297.0, 705.0, 1218.0, 1017.0, 964.0, 861.0, 882.0, 761.0, 996.0, 781.0, 975.0, 770.0, 1174.0, 743.0, 1094.0, 995.0, 1185.0, 655.0, 922.0, 797.0, 917.0, 915.0, 995.0, 993.0, 828.0, 956.0, 946.0, 935.0] 

ans 936.9333333333333 

4-1 base1
d: 5 w: 9 k: 1
all [552.0, 593.0, 497.0, 454.0, 537.0, 646.0, 486.0, 377.0, 446.0, 519.0, 558.0, 544.0, 434.0, 459.0, 505.0, 539.0, 578.0, 555.0, 535.0, 512.0, 442.0, 550.0, 553.0, 487.0, 425.0, 452.0, 492.0, 518.0, 454.0, 461.0] 

ans 505.3333333333333 

4-1 base1
d: 6 w: 9 k: 1
all [647.0, 432.0, 495.0, 453.0, 452.0, 423.0, 483.0, 484.0, 668.0, 423.0, 572.0, 449.0, 419.0, 485.0, 472.0, 474.0, 371.0, 429.0, 451.0, 505.0, 539.0, 593.0, 393.0, 408.0, 422.0, 521.0, 544.0, 411.0, 503.0, 475.0] 

ans 479.8666666666667 

4-1 base1
d: 5 w: 3 k: 3
all [1609.0, 2051.0, 1689.0, 1945.0, 1850.0, 2024.0, 1828.0, 1860.0, 2065.0, 1634.0, 2067.0, 2299.0, 1839.0, 2016.0, 1637.0, 1642.0, 2318.0, 1854.0, 2178.0, 1933.0, 1983.0, 1592.0, 1839.0, 2362.0, 1583.0, 1957.0, 2193.0, 1884.0, 2190.0, 1716.0] 

ans 1921.2333333333333 

4-1 base1
d: 5 w: 6 k: 3
all [679.0, 845.0, 818.0, 1007.0, 761.0, 1157.0, 783.0, 1025.0, 692.0, 874.0, 1007.0, 795.0, 901.0, 1035.0, 937.0, 946.0, 917.0, 652.0, 726.0, 985.0, 744.0, 782.0, 1189.0, 727.0, 753.0, 1272.0, 1161.0, 1009.0, 831.0, 697.0] 

ans 890.2333333333333 

4-1 base1
d: 5 w: 9 k: 3
all [510.0, 454.0, 538.0, 331.0, 446.0, 367.0, 521.0, 359.0, 563.0, 382.0, 376.0, 444.0, 435.0, 487.0, 452.0, 530.0, 460.0, 479.0, 447.0, 518.0, 479.0, 465.0, 449.0, 383.0, 574.0, 639.0, 401.0, 537.0, 494.0, 487.0] 

ans 466.9 

4-1 base1
d: 6 w: 9 k: 3
all [387.0, 469.0, 431.0, 471.0, 399.0, 553.0, 387.0, 690.0, 474.0, 461.0, 400.0, 406.0, 504.0, 487.0, 357.0, 489.0, 432.0, 391.0, 483.0, 367.0, 366.0, 461.0, 384.0, 484.0, 440.0, 456.0, 498.0, 491.0, 452.0, 370.0] 

ans 448.0 

4-1 base1
d: 5 w: 3 k: 5
all [1839.0, 1786.0, 1734.0, 1972.0, 1664.0, 1959.0, 1775.0, 1715.0, 2373.0, 1796.0, 1789.0, 1805.0, 1974.0, 2262.0, 1920.0, 1603.0, 1601.0, 1645.0, 2033.0, 2184.0, 2004.0, 1589.0, 1879.0, 1861.0, 2171.0, 2056.0, 2314.0, 2662.0, 1676.0, 1897.0] 

ans 1917.9333333333334 

4-1 base1
d: 5 w: 6 k: 5
all [836.0, 784.0, 761.0, 725.0, 803.0, 847.0, 782.0, 918.0, 662.0, 1006.0, 735.0, 908.0, 931.0, 942.0, 1317.0, 759.0, 832.0, 1033.0, 845.0, 816.0, 1220.0, 871.0, 861.0, 785.0, 1207.0, 953.0, 831.0, 991.0, 706.0, 976.0] 

ans 888.1 

4-1 base1
d: 5 w: 9 k: 5
all [591.0, 611.0, 430.0, 439.0, 573.0, 461.0, 479.0, 578.0, 470.0, 376.0, 478.0, 467.0, 511.0, 504.0, 338.0, 446.0, 505.0, 550.0, 521.0, 488.0, 395.0, 412.0, 415.0, 390.0, 375.0, 440.0, 470.0, 385.0, 406.0, 457.0] 

ans 465.3666666666667 

4-1 base1
d: 6 w: 9 k: 5
all [391.0, 440.0, 333.0, 437.0, 371.0, 403.0, 398.0, 380.0, 464.0, 424.0, 409.0, 473.0, 548.0, 415.0, 549.0, 570.0, 452.0, 479.0, 441.0, 507.0, 331.0, 331.0, 532.0, 629.0, 443.0, 467.0, 514.0, 377.0, 621.0, 368.0] 

ans 449.9 

