4-1 base3
d: 5 w: 3 k: 1
all [510.0, 322.0, 453.0, 1664.0, 496.0, 321.0, 381.0, 380.0, 2204.0, 434.125, 393.0, 335.0, 367.0, 438.0, 722.0, 675.0, 1991.0, 316.0, 609.0, 363.0, 415.0, 405.0, 644.3333333333334, 451.0, 415.0, 3356.0, 673.0, 484.0, 428.0, 421.0] 

ans 702.2152777777778 

4-1 base3
d: 5 w: 6 k: 1
all [400.375, 379.0, 190.0, 294.0, 464.25, 1880.0, 339.0, 164.0, 216.0, 480.0, 200.0, 199.0, 377.8, 339.1666666666667, 261.0, 188.0, 188.0, 160.0, 304.0, 202.0, 392.0, 369.0, 265.0, 263.0, 248.0, 391.2, 290.0, 313.0, 246.0, 384.0] 

ans 346.22638888888895 

4-1 base3
d: 5 w: 9 k: 1
all [104.0, 111.0, 78.0, 95.0, 123.0, 100.0, 71.0, 113.0, 114.0, 158.0, 67.0, 111.0, 133.0, 76.0, 112.0, 79.0, 68.0, 145.0, 80.0, 50.0, 184.0, 88.0, 88.0, 105.0, 91.0, 127.0, 91.0, 113.0, 60.0, 88.0] 

ans 100.76666666666667 

4-1 base3
d: 6 w: 9 k: 1
all [77.0, 85.0, 66.0, 104.0, 301.0, 68.0, 105.0, 132.0, 184.0, 106.0, 100.0, 78.0, 60.0, 106.0, 101.0, 58.0, 83.0, 83.0, 101.0, 65.0, 56.0, 72.0, 90.0, 71.0, 61.0, 85.0, 88.0, 79.0, 152.0, 77.0] 

ans 96.46666666666667 

4-1 base3
d: 5 w: 3 k: 3
all [504.0, 551.0, 411.0, 437.0, 389.0, 472.0, 386.0, 510.0, 376.0, 450.0, 544.0, 2021.0, 390.0, 343.0, 431.0, 481.0, 457.0, 427.0, 477.0, 621.0, 550.0, 607.0, 477.0, 459.0, 304.0, 457.0, 406.0, 410.0, 405.0, 482.0] 

ans 507.8333333333333 

4-1 base3
d: 5 w: 6 k: 3
all [147.0, 222.0, 318.0, 151.0, 342.0, 185.0, 393.0, 244.0, 322.0, 164.0, 472.5, 343.0, 493.5, 414.0, 259.5, 980.0, 188.0, 306.0, 345.0, 272.0, 158.0, 309.0, 200.0, 371.2, 390.8, 315.0, 411.0, 167.0, 187.0, 276.0] 

ans 311.55 

4-1 base3
d: 5 w: 9 k: 3
all [70.0, 158.0, 100.0, 50.0, 102.0, 226.0, 291.0, 106.0, 231.0, 109.0, 79.0, 128.0, 94.0, 61.0, 86.0, 97.0, 89.0, 104.0, 123.0, 88.0, 56.0, 110.0, 80.0, 252.0, 84.0, 91.0, 116.0, 130.0, 109.0, 118.0] 

ans 117.93333333333334 

4-1 base3
d: 6 w: 9 k: 3
all [113.0, 86.0, 104.0, 66.0, 66.0, 72.0, 304.0, 87.0, 104.0, 105.0, 73.0, 51.0, 63.0, 136.0, 83.0, 49.0, 72.0, 54.0, 60.0, 90.0, 52.0, 81.0, 145.0, 93.0, 147.0, 98.0, 107.0, 92.0, 65.0, 88.0] 

ans 93.53333333333333 

4-1 base3
d: 5 w: 3 k: 5
all [414.0, 386.0, 485.0, 392.0, 398.0, 396.0, 382.0, 494.0, 467.0, 328.0, 509.0, 395.0, 1007.0, 437.0, 462.0, 433.0, 512.0, 429.0, 289.0, 508.75, 1939.0, 553.0, 311.0, 382.0, 395.0, 400.0, 721.0, 340.0, 503.0, 351.0] 

ans 500.625 

4-1 base3
d: 5 w: 6 k: 5
all [373.0, 262.0, 271.0, 223.0, 179.0, 144.0, 353.0, 175.0, 148.0, 332.0, 171.0, 149.0, 255.0, 304.0, 237.0, 207.0, 270.0, 151.0, 146.0, 418.0, 172.0, 260.0, 146.0, 356.0, 322.0, 178.0, 329.0, 204.5, 146.5, 310.0] 

ans 239.73333333333332 

4-1 base3
d: 5 w: 9 k: 5
all [216.0, 119.0, 93.0, 232.0, 75.0, 78.0, 101.0, 96.0, 100.0, 131.0, 116.0, 104.0, 86.33333333333333, 170.0, 105.0, 77.0, 72.0, 228.0, 209.0, 69.0, 120.0, 78.0, 99.0, 87.0, 100.0, 99.0, 104.0, 60.0, 106.0, 93.0] 

ans 114.1111111111111 

4-1 base3
d: 6 w: 9 k: 5
all [97.0, 61.0, 106.0, 109.0, 117.66666666666667, 72.0, 106.0, 74.0, 170.0, 211.0, 77.0, 74.25, 71.0, 59.0, 75.0, 77.0, 80.0, 218.0, 60.0, 75.0, 75.0, 204.0, 102.0, 80.0, 88.0, 89.0, 77.0, 129.0, 101.0, 88.0] 

ans 100.7638888888889 

