4-2 base2
d: 5 w: 3 k: 1
all [591.0, 638.0, 580.0, 659.0, 567.0, 686.0, 816.0, 500.0, 679.0, 598.0, 689.0, 599.0, 741.0, 1756.0, 509.0, 616.0, 3395.0, 512.0, 744.0, 626.0, 2036.0, 577.0, 569.0, 594.0, 2326.0, 1967.0, 549.0, 576.0, 648.0, 815.0] 

ans 905.2666666666667 

4-2 base2
d: 5 w: 6 k: 1
all [317.0, 598.0, 373.0, 396.0, 293.0, 342.0, 367.0, 373.0, 233.0, 360.0, 200.0, 484.0, 325.0, 366.0, 344.0, 634.0, 425.0, 245.0, 451.0, 236.0, 430.0, 343.0, 310.0, 1042.0, 449.0, 335.0, 290.0, 344.0, 278.0, 380.0] 

ans 385.43333333333334 

4-2 base2
d: 5 w: 9 k: 1
all [139.0, 185.0, 143.0, 162.0, 127.0, 162.0, 226.0, 169.0, 379.0, 203.0, 212.0, 122.0, 154.0, 200.0, 155.0, 296.0, 154.0, 136.0, 308.0, 169.0, 157.0, 176.0, 283.0, 303.0, 162.0, 159.0, 152.0, 130.0, 214.0, 200.0] 

ans 191.23333333333332 

4-2 base2
d: 6 w: 9 k: 1
all [133.0, 201.0, 163.0, 154.0, 166.0, 130.0, 121.0, 205.0, 172.0, 135.0, 153.0, 188.0, 169.0, 300.0, 145.0, 141.0, 182.0, 141.0, 162.0, 245.0, 96.0, 138.0, 169.0, 123.0, 152.0, 149.0, 273.0, 143.0, 108.0, 160.0] 

ans 163.9 

4-2 base2
d: 5 w: 3 k: 3
all [489.0, 497.0, 2126.0, 782.0, 555.0, 647.0, 703.8, 614.0, 478.0, 702.0, 602.0, 705.0, 695.0, 600.0, 579.0, 692.0, 710.6666666666666, 547.0, 701.0, 724.0, 651.0, 3725.0, 510.0, 2511.0, 886.0, 668.0, 567.0, 675.0, 482.0, 820.0] 

ans 854.8155555555555 

4-2 base2
d: 5 w: 6 k: 3
all [443.0, 337.0, 340.0, 278.0, 408.0, 283.0, 447.0, 633.6666666666666, 367.0, 382.0, 356.0, 259.0, 969.5, 249.0, 383.0, 412.0, 3322.0, 222.0, 247.0, 393.0, 337.0, 228.0, 641.0, 354.0, 345.0, 356.0, 813.0, 264.0, 408.0, 384.0] 

ans 495.3722222222222 

4-2 base2
d: 5 w: 9 k: 3
all [165.0, 258.0, 160.0, 170.0, 186.0, 138.0, 148.0, 200.0, 234.0, 128.0, 148.0, 228.0, 101.0, 148.0, 128.5, 155.0, 183.0, 143.0, 239.0, 180.0, 130.0, 141.0, 197.0, 370.0, 121.0, 202.0, 219.0, 118.0, 137.0, 181.0] 

ans 175.21666666666667 

4-2 base2
d: 6 w: 9 k: 3
all [158.0, 169.0, 142.0, 132.0, 169.0, 125.0, 229.0, 129.0, 134.0, 266.0, 123.0, 123.0, 173.0, 138.0, 144.0, 131.0, 103.0, 92.0, 186.0, 171.0, 131.0, 221.0, 140.0, 194.0, 128.0, 125.0, 92.0, 294.0, 160.0, 142.0] 

ans 155.46666666666667 

4-2 base2
d: 5 w: 3 k: 5
all [2302.0, 689.0, 763.0, 2106.0, 734.0, 744.0, 994.0, 1048.0, 883.0, 634.0, 558.0, 551.0, 554.0, 744.0, 698.0, 878.0, 588.0, 685.0, 880.0, 584.0, 672.0, 851.5, 555.0, 973.0, 2127.0, 668.0, 712.0, 686.6666666666666, 606.0, 805.0] 

ans 875.7722222222222 

4-2 base2
d: 5 w: 6 k: 5
all [472.0, 319.0, 332.0, 291.0, 470.0, 315.0, 349.0, 472.75, 297.0, 382.0, 398.0, 360.0, 277.0, 266.0, 400.0, 395.0, 1910.0, 372.0, 249.0, 271.0, 301.0, 263.0, 352.0, 340.0, 424.0, 410.0, 311.0, 351.0, 296.0, 416.0] 

ans 402.05833333333334 

4-2 base2
d: 5 w: 9 k: 5
all [184.0, 141.0, 139.0, 142.0, 335.0, 149.0, 199.0, 183.0, 181.0, 232.0, 156.0, 161.0, 156.0, 136.0, 152.0, 155.0, 206.0, 262.0, 247.0, 201.0, 163.0, 115.0, 139.0, 128.0, 137.0, 144.0, 304.0, 149.0, 143.0, 188.0] 

ans 177.56666666666666 

4-2 base2
d: 6 w: 9 k: 5
all [168.0, 161.0, 132.0, 104.0, 137.0, 118.0, 134.0, 158.0, 130.0, 113.0, 162.0, 163.0, 131.0, 166.0, 149.0, 139.0, 152.0, 123.0, 237.0, 178.0, 173.0, 112.0, 164.0, 128.0, 84.0, 144.0, 179.0, 147.0, 139.0, 102.0] 

ans 144.23333333333332 

