4-2 base1
d: 5 w: 3 k: 1
all [2415.0, 2183.0, 2517.0, 2329.0, 2364.0, 2370.0, 2178.0, 2588.0, 2666.0, 2102.0, 2419.0, 2390.0, 2196.0, 2482.0, 2505.0, 2292.0, 2366.0, 2383.0, 2580.0, 2258.0, 2633.0, 2645.0, 2173.0, 2621.0, 2409.0, 2166.0, 2622.0, 2416.0, 2254.0, 2552.0] 

ans 2402.4666666666667 

4-2 base1
d: 5 w: 6 k: 1
all [1114.0, 1051.0, 1207.0, 1206.0, 1363.0, 1213.0, 1113.0, 1201.0, 1270.0, 1076.0, 1020.0, 1155.0, 1062.0, 1226.0, 1096.0, 1265.0, 1129.0, 1067.0, 1194.0, 1153.0, 1177.0, 1028.0, 1200.0, 1187.0, 1133.0, 1043.0, 1057.0, 1094.0, 1066.0, 1122.0] 

ans 1142.9333333333334 

4-2 base1
d: 5 w: 9 k: 1
all [677.0, 605.0, 634.0, 703.0, 621.0, 607.0, 609.0, 703.0, 690.0, 604.0, 578.0, 724.0, 595.0, 704.0, 607.0, 645.0, 619.0, 585.0, 632.0, 700.0, 671.0, 645.0, 770.0, 503.0, 635.0, 593.0, 703.0, 702.0, 641.0, 749.0] 

ans 648.4666666666667 

4-2 base1
d: 6 w: 9 k: 1
all [738.0, 590.0, 693.0, 552.0, 625.0, 573.0, 567.0, 641.0, 611.0, 670.0, 679.0, 557.0, 479.0, 570.0, 566.0, 701.0, 643.0, 521.0, 604.0, 684.0, 550.0, 562.0, 675.0, 658.0, 566.0, 618.0, 629.0, 645.0, 592.0, 567.0] 

ans 610.8666666666667 

4-2 base1
d: 5 w: 3 k: 3
all [2389.0, 2310.0, 2583.0, 2486.0, 2568.0, 2489.0, 2212.0, 2187.0, 2446.0, 2612.0, 2255.0, 2228.0, 2293.0, 2275.0, 2374.0, 2524.0, 2377.0, 2982.0, 2627.0, 2215.0, 2428.0, 2350.0, 2428.0, 2047.0, 2109.0, 2595.0, 2263.0, 2521.0, 2606.0, 2129.0] 

ans 2396.9333333333334 

4-2 base1
d: 5 w: 6 k: 3
all [1090.0, 1198.0, 1178.0, 967.0, 1098.0, 1204.0, 953.0, 1265.0, 1045.0, 979.0, 1226.0, 923.0, 1046.0, 1172.0, 1212.0, 1057.0, 1149.0, 1120.0, 1169.0, 1033.0, 969.0, 1191.0, 1258.0, 951.0, 970.0, 993.0, 1049.0, 1087.0, 1295.0, 1177.0] 

ans 1100.8 

4-2 base1
d: 5 w: 9 k: 3
all [551.0, 744.0, 587.0, 648.0, 632.0, 547.0, 620.0, 598.0, 656.0, 553.0, 565.0, 597.0, 617.0, 567.0, 688.0, 722.0, 717.0, 622.0, 649.0, 596.0, 659.0, 555.0, 750.0, 544.0, 562.0, 690.0, 576.0, 675.0, 625.0, 529.0] 

ans 621.3666666666667 

4-2 base1
d: 6 w: 9 k: 3
all [575.0, 520.0, 660.0, 552.0, 621.0, 750.0, 661.0, 639.0, 589.0, 568.0, 504.0, 627.0, 764.0, 666.0, 619.0, 562.0, 610.0, 525.0, 527.0, 583.0, 510.0, 584.0, 521.0, 635.0, 501.0, 537.0, 656.0, 579.0, 591.0, 561.0] 

ans 593.2333333333333 

4-2 base1
d: 5 w: 3 k: 5
all [2515.0, 2429.0, 2340.0, 2102.0, 2371.0, 2477.0, 2251.0, 2312.0, 2137.0, 2417.0, 2264.0, 2288.0, 2479.0, 2726.0, 2663.0, 2511.0, 2424.0, 2526.0, 2410.0, 2159.0, 2375.0, 2170.0, 2406.0, 2271.0, 2315.0, 2626.0, 2367.0, 2576.0, 2168.0, 2441.0] 

ans 2383.866666666667 

4-2 base1
d: 5 w: 6 k: 5
all [1105.0, 1185.0, 1370.0, 982.0, 1139.0, 1153.0, 1151.0, 1169.0, 1109.0, 989.0, 1190.0, 1201.0, 1361.0, 1122.0, 1067.0, 1188.0, 923.0, 872.0, 1386.0, 1145.0, 1041.0, 936.0, 1270.0, 1253.0, 1105.0, 1111.0, 1068.0, 1035.0, 944.0, 1192.0] 

ans 1125.4 

4-2 base1
d: 5 w: 9 k: 5
all [574.0, 551.0, 628.0, 681.0, 574.0, 546.0, 681.0, 656.0, 626.0, 526.0, 655.0, 565.0, 579.0, 674.0, 571.0, 533.0, 598.0, 568.0, 681.0, 578.0, 663.0, 591.0, 528.0, 640.0, 584.0, 595.0, 574.0, 686.0, 600.0, 632.0] 

ans 604.6 

4-2 base1
d: 6 w: 9 k: 5
all [600.0, 520.0, 577.0, 568.0, 540.0, 517.0, 696.0, 597.0, 560.0, 577.0, 523.0, 606.0, 609.0, 615.0, 618.0, 615.0, 594.0, 676.0, 665.0, 547.0, 500.0, 562.0, 569.0, 625.0, 579.0, 534.0, 524.0, 734.0, 560.0, 623.0] 

ans 587.6666666666666 

