4-2 base3
d: 5 w: 3 k: 1
all [607.0, 469.0, 1008.0, 623.0, 575.0, 764.0, 692.3333333333334, 697.0, 1035.0, 770.0, 3417.0, 692.0, 603.0, 621.0, 598.6666666666666, 578.0, 675.0, 795.0, 489.0, 669.8, 854.5, 720.0, 775.0, 618.0, 622.0, 848.0, 724.0, 632.0, 853.5, 776.0] 

ans 793.3933333333332 

4-2 base3
d: 5 w: 6 k: 1
all [362.0, 339.5, 435.0, 457.0, 362.0, 370.0, 251.0, 443.0, 211.0, 334.0, 370.0, 433.0, 304.0, 241.0, 340.0, 270.0, 387.0, 484.0, 304.0, 341.0, 304.0, 308.0, 233.0, 323.0, 427.0, 431.0, 651.4, 458.0, 368.0, 372.0] 

ans 363.7966666666667 

4-2 base3
d: 5 w: 9 k: 1
all [160.0, 185.0, 144.0, 149.0, 259.0, 163.0, 201.0, 131.0, 332.0, 171.0, 148.0, 136.0, 126.0, 235.0, 158.0, 150.0, 192.0, 315.0, 137.0, 175.0, 172.0, 343.0, 147.0, 134.0, 146.0, 170.0, 136.0, 174.5, 161.0, 222.0] 

ans 182.41666666666666 

4-2 base3
d: 6 w: 9 k: 1
all [135.0, 142.0, 120.0, 161.0, 120.0, 136.0, 211.0, 152.0, 130.0, 157.0, 216.0, 116.0, 136.0, 119.0, 218.0, 145.0, 114.0, 138.0, 193.0, 116.0, 166.0, 146.0, 117.5, 113.0, 176.0, 142.0, 95.0, 152.0, 147.0, 196.0] 

ans 147.51666666666668 

4-2 base3
d: 5 w: 3 k: 3
all [625.0, 537.0, 639.0, 652.0, 790.0, 600.0, 732.6666666666666, 683.0, 654.0, 704.0, 636.0, 628.0, 748.0, 2071.0, 539.0, 737.0, 696.0, 660.0, 763.0, 905.0, 500.0, 626.0, 693.0, 1053.0, 578.0, 1094.0, 492.0, 502.0, 1050.0, 645.0] 

ans 741.088888888889 

4-2 base3
d: 5 w: 6 k: 3
all [1880.0, 316.0, 447.0, 276.0, 734.0, 373.0, 322.0, 377.0, 242.0, 347.0, 972.0, 315.0, 655.3333333333334, 355.0, 377.0, 326.0, 376.0, 234.0, 353.0, 380.0, 686.0, 300.0, 306.0, 347.0, 227.0, 2010.0, 352.0, 319.0, 291.0, 356.0] 

ans 495.0444444444444 

4-2 base3
d: 5 w: 9 k: 3
all [256.0, 154.0, 328.0, 157.5, 144.0, 305.0, 191.0, 240.0, 146.0, 178.0, 148.0, 196.0, 142.0, 167.0, 327.0, 180.0, 150.0, 183.0, 151.0, 182.0, 313.0, 155.0, 196.0, 219.0, 142.0, 131.0, 139.0, 158.0, 147.0, 201.0] 

ans 190.88333333333333 

4-2 base3
d: 6 w: 9 k: 3
all [168.0, 180.0, 108.0, 125.0, 146.0, 108.0, 245.0, 108.0, 130.0, 167.0, 119.0, 109.0, 160.0, 110.0, 254.0, 115.0, 120.0, 147.0, 131.0, 193.0, 506.0, 148.0, 124.0, 137.0, 236.0, 128.0, 170.0, 247.0, 160.0, 160.0] 

ans 165.3 

4-2 base3
d: 5 w: 3 k: 5
all [643.0, 568.0, 604.0, 658.0, 774.0, 866.0, 628.0, 544.0, 589.0, 792.0, 2217.0, 623.0, 2088.0, 499.0, 1193.6666666666667, 1116.0, 631.0, 642.0, 666.0, 682.0, 618.0, 874.5, 2366.0, 621.0, 750.0, 555.0, 521.0, 731.0, 2046.0, 527.0] 

ans 887.7722222222221 

4-2 base3
d: 5 w: 6 k: 5
all [272.0, 400.0, 443.0, 1884.0, 668.0, 255.0, 385.0, 397.0, 481.0, 653.0, 251.0, 3257.0, 420.0, 390.0, 415.0, 422.0, 222.0, 371.0, 360.0, 209.0, 688.0, 338.0, 280.0, 327.0, 556.8333333333334, 412.0, 409.25, 389.0, 436.0, 215.0] 

ans 540.2027777777778 

4-2 base3
d: 5 w: 9 k: 5
all [176.0, 144.0, 214.0, 140.0, 187.0, 144.0, 143.0, 115.0, 126.0, 287.0, 332.0, 167.0, 226.0, 168.0, 162.0, 188.5, 110.0, 138.0, 154.0, 160.0, 291.0, 133.0, 144.0, 202.0, 140.0, 197.0, 244.0, 192.0, 179.0, 153.0] 

ans 178.55 

4-2 base3
d: 6 w: 9 k: 5
all [165.0, 248.0, 168.0, 134.0, 140.0, 135.0, 112.0, 170.0, 192.0, 115.0, 95.0, 132.0, 156.0, 164.0, 224.0, 119.0, 324.0, 115.0, 168.0, 137.0, 187.0, 145.0, 115.0, 155.0, 138.0, 146.0, 181.0, 129.0, 136.0, 183.0] 

ans 157.6 

