4-3 base1
d: 5 w: 3 k: 1
all [5386.0, 3754.0, 3712.0, 4048.0, 4802.0, 3538.0, 5211.0, 4112.0, 4321.0, 4050.0, 4130.0, 4436.0, 5136.0, 4913.0, 4046.0, 3967.0, 4153.0, 4144.0, 5041.0, 3874.0, 3584.0, 3736.0, 3876.0, 4750.0, 4119.0, 4246.0, 3840.0, 4004.0, 4254.0, 4100.0] 

ans 4242.766666666666 

4-3 base1
d: 5 w: 6 k: 1
all [1906.0, 1978.0, 1859.0, 2169.0, 1952.0, 2210.0, 1864.0, 2405.0, 2080.0, 2044.0, 1754.0, 1738.0, 2182.0, 1680.0, 2171.0, 2065.0, 2302.0, 1836.0, 2268.0, 2213.0, 1636.0, 2421.0, 2271.0, 2158.0, 1746.0, 2160.0, 2315.0, 1817.0, 2211.0, 2488.0] 

ans 2063.3 

4-3 base1
d: 5 w: 9 k: 1
all [1074.0, 941.0, 1092.0, 1536.0, 1482.0, 963.0, 1046.0, 1134.0, 1118.0, 948.0, 1260.0, 989.0, 920.0, 1237.0, 1052.0, 1168.0, 1000.0, 1282.0, 1070.0, 1043.0, 1255.0, 1235.0, 925.0, 1107.0, 1305.0, 1050.0, 1182.0, 1016.0, 998.0, 1055.0] 

ans 1116.1 

4-3 base1
d: 6 w: 9 k: 1
all [848.0, 1058.0, 946.0, 1144.0, 1087.0, 1051.0, 949.0, 1027.0, 996.0, 917.0, 1043.0, 1115.0, 1007.0, 1054.0, 1009.0, 1067.0, 1152.0, 1089.0, 991.0, 959.0, 874.0, 1084.0, 1028.0, 921.0, 1009.0, 934.0, 1075.0, 1227.0, 1058.0, 1108.0] 

ans 1027.5666666666666 

4-3 base1
d: 5 w: 3 k: 3
all [3417.0, 4472.0, 3271.0, 2917.0, 4075.0, 3369.0, 4066.0, 3990.0, 3679.0, 3059.0, 5130.0, 2897.0, 3303.0, 3380.0, 3400.0, 4070.0, 3811.0, 3020.0, 3586.0, 4524.0, 4471.0, 4439.0, 4321.0, 4406.0, 3653.0, 3378.0, 4165.0, 4313.0, 3334.0, 3595.0] 

ans 3783.7 

4-3 base1
d: 5 w: 6 k: 3
all [2366.0, 1511.0, 1955.0, 1613.0, 1707.0, 1637.0, 1693.0, 1572.0, 1791.0, 1614.0, 2065.0, 1493.0, 2286.0, 1432.0, 1991.0, 2013.0, 1753.0, 1586.0, 1579.0, 1873.0, 1322.0, 1719.0, 2165.0, 1552.0, 1820.0, 1685.0, 1455.0, 1514.0, 2060.0, 1499.0] 

ans 1744.0333333333333 

4-3 base1
d: 5 w: 9 k: 3
all [1103.0, 974.0, 1187.0, 1249.0, 1194.0, 1090.0, 923.0, 934.0, 1107.0, 1026.0, 997.0, 1000.0, 1046.0, 1174.0, 920.0, 950.0, 1075.0, 998.0, 1066.0, 1098.0, 1002.0, 983.0, 1136.0, 974.0, 894.0, 1026.0, 891.0, 892.0, 1004.0, 838.0] 

ans 1025.0333333333333 

4-3 base1
d: 6 w: 9 k: 3
all [944.0, 1058.0, 887.0, 840.0, 970.0, 988.0, 997.0, 926.0, 868.0, 893.0, 967.0, 873.0, 839.0, 1148.0, 1054.0, 1033.0, 853.0, 1029.0, 997.0, 1009.0, 1077.0, 989.0, 1013.0, 954.0, 861.0, 1049.0, 996.0, 1036.0, 942.0, 830.0] 

ans 964.0 

4-3 base1
d: 5 w: 3 k: 5
all [5173.0, 3563.0, 5469.0, 4713.0, 3353.0, 3332.0, 3511.0, 3247.0, 3555.0, 2953.0, 4011.0, 3066.0, 4062.0, 3497.0, 3913.0, 4991.0, 3349.0, 3271.0, 3714.0, 3730.0, 4074.0, 3042.0, 3567.0, 4834.0, 3040.0, 3883.0, 3998.0, 4443.0, 3533.0, 3839.0] 

ans 3824.2 

4-3 base1
d: 5 w: 6 k: 5
all [2631.0, 1657.0, 1510.0, 1664.0, 1700.0, 1393.0, 1858.0, 1589.0, 2188.0, 2269.0, 1998.0, 1475.0, 1543.0, 1690.0, 1669.0, 1928.0, 1649.0, 1526.0, 1651.0, 1980.0, 1606.0, 1335.0, 2456.0, 2071.0, 1634.0, 1915.0, 1797.0, 1553.0, 1987.0, 1829.0] 

ans 1791.7 

4-3 base1
d: 5 w: 9 k: 5
all [957.0, 1113.0, 870.0, 1085.0, 1094.0, 1110.0, 1084.0, 1027.0, 1119.0, 1018.0, 1207.0, 1055.0, 1023.0, 1058.0, 1132.0, 1079.0, 1033.0, 1104.0, 1010.0, 1030.0, 923.0, 937.0, 1212.0, 905.0, 923.0, 1265.0, 1013.0, 1077.0, 1150.0, 1015.0] 

ans 1054.2666666666667 

4-3 base1
d: 6 w: 9 k: 5
all [949.0, 1061.0, 916.0, 957.0, 950.0, 1124.0, 993.0, 1078.0, 978.0, 1071.0, 980.0, 918.0, 941.0, 1031.0, 851.0, 957.0, 891.0, 1089.0, 1132.0, 1041.0, 900.0, 834.0, 938.0, 907.0, 1313.0, 1017.0, 1027.0, 1055.0, 975.0, 955.0] 

ans 994.3 

