4-3 algo
d: 5 w: 3 k: 1
all [104.63636363636364, 102.81818181818181, 100.41666666666667, 100.36363636363636, 108.36363636363636, 105.54545454545455, 115.72727272727273, 98.0, 106.45454545454545, 95.5, 92.45454545454545, 104.25, 100.27272727272727, 98.08333333333333, 109.36363636363636, 109.41666666666667, 104.9090909090909, 107.54545454545455, 97.83333333333333, 112.58333333333333, 101.33333333333333, 105.27272727272727, 100.9090909090909, 108.27272727272727, 105.72727272727273, 96.27272727272727, 99.0909090909091, 96.9090909090909, 100.58333333333333, 97.18181818181819] 

ans 102.86969696969699 

4-3 algo
d: 5 w: 6 k: 1
all [49.09090909090909, 49.5, 50.18181818181818, 42.72727272727273, 47.18181818181818, 42.833333333333336, 50.166666666666664, 48.416666666666664, 47.5, 48.18181818181818, 43.916666666666664, 49.27272727272727, 44.666666666666664, 53.75, 48.27272727272727, 43.09090909090909, 46.083333333333336, 47.72727272727273, 44.75, 51.09090909090909, 43.90909090909091, 49.27272727272727, 57.333333333333336, 43.36363636363637, 47.09090909090909, 46.5, 45.45454545454545, 43.63636363636363, 49.18181818181818, 43.416666666666664] 

ans 47.252020202020205 

4-3 algo
d: 5 w: 9 k: 1
all [30.666666666666668, 26.166666666666668, 22.166666666666668, 27.90909090909091, 25.46153846153846, 26.333333333333332, 24.454545454545453, 23.416666666666668, 23.583333333333332, 24.5, 27.0, 23.25, 22.727272727272727, 24.416666666666668, 24.5, 22.583333333333332, 22.666666666666668, 24.545454545454547, 24.75, 22.0, 24.416666666666668, 21.90909090909091, 23.0, 23.25, 26.454545454545453, 24.666666666666668, 23.583333333333332, 24.666666666666668, 23.666666666666668, 24.666666666666668] 

ans 24.44594017094017 

4-3 algo
d: 6 w: 9 k: 1
all [24.454545454545453, 23.0, 23.0, 26.0, 24.583333333333332, 23.0, 24.272727272727273, 24.636363636363637, 20.5, 25.0, 22.727272727272727, 22.75, 23.363636363636363, 22.454545454545453, 22.454545454545453, 23.25, 22.90909090909091, 24.53846153846154, 22.09090909090909, 23.818181818181817, 24.0, 29.181818181818183, 20.09090909090909, 21.727272727272727, 28.5, 22.416666666666668, 22.166666666666668, 22.416666666666668, 22.727272727272727, 27.636363636363637] 

ans 23.655574980574976 

4-3 algo
d: 5 w: 3 k: 3
all [100.36363636363636, 99.0, 105.45454545454545, 97.63636363636364, 93.18181818181819, 98.16666666666667, 104.75, 92.33333333333333, 103.75, 105.0909090909091, 101.0909090909091, 101.36363636363636, 101.07692307692308, 94.27272727272727, 96.0909090909091, 98.72727272727273, 102.36363636363636, 96.0, 102.63636363636364, 114.36363636363636, 97.54545454545455, 104.08333333333333, 103.54545454545455, 100.58333333333333, 92.45454545454545, 103.36363636363636, 101.63636363636364, 105.81818181818181, 100.54545454545455, 92.0] 

ans 100.30963480963482 

4-3 algo
d: 5 w: 6 k: 3
all [63.72727272727273, 44.0, 48.833333333333336, 46.583333333333336, 47.72727272727273, 43.166666666666664, 40.36363636363637, 51.36363636363637, 47.18181818181818, 41.81818181818182, 45.916666666666664, 44.54545454545455, 45.27272727272727, 47.63636363636363, 43.36363636363637, 45.0, 45.0, 40.0, 42.0, 42.833333333333336, 52.416666666666664, 49.36363636363637, 40.166666666666664, 45.72727272727273, 44.083333333333336, 43.36363636363637, 52.72727272727273, 49.666666666666664, 42.81818181818182, 46.90909090909091] 

ans 46.11919191919192 

4-3 algo
d: 5 w: 9 k: 3
all [24.5, 22.916666666666668, 25.923076923076923, 25.083333333333332, 22.90909090909091, 21.583333333333332, 24.0, 23.083333333333332, 21.454545454545453, 21.5, 24.363636363636363, 24.75, 24.90909090909091, 21.083333333333332, 28.333333333333332, 24.545454545454547, 23.0, 20.90909090909091, 23.333333333333332, 23.454545454545453, 24.181818181818183, 22.25, 23.333333333333332, 25.166666666666668, 26.416666666666668, 26.416666666666668, 27.25, 22.09090909090909, 23.90909090909091, 21.416666666666668] 

ans 23.802233877233878 

4-3 algo
d: 6 w: 9 k: 3
all [24.166666666666668, 22.09090909090909, 22.636363636363637, 21.454545454545453, 24.272727272727273, 23.333333333333332, 21.272727272727273, 25.363636363636363, 24.727272727272727, 21.818181818181817, 21.642857142857142, 21.363636363636363, 20.75, 24.083333333333332, 24.818181818181817, 25.818181818181817, 19.916666666666668, 19.727272727272727, 21.0625, 22.833333333333332, 21.916666666666668, 24.166666666666668, 20.818181818181817, 21.09090909090909, 23.272727272727273, 20.166666666666668, 20.5, 21.636363636363637, 21.083333333333332, 22.272727272727273] 

ans 22.335885642135644 

4-3 algo
d: 5 w: 3 k: 5
all [96.0, 97.36363636363636, 97.66666666666667, 100.36363636363636, 100.63636363636364, 99.45454545454545, 103.0, 101.63636363636364, 106.27272727272727, 97.83333333333333, 97.63636363636364, 110.72727272727273, 97.72727272727273, 101.75, 103.9090909090909, 100.9090909090909, 102.36363636363636, 107.63636363636364, 104.25, 102.27272727272727, 97.63636363636364, 106.0, 93.72727272727273, 102.27272727272727, 98.0, 98.0909090909091, 105.27272727272727, 111.0, 100.08333333333333, 103.54545454545455] 

ans 101.50126262626264 

4-3 algo
d: 5 w: 6 k: 5
all [42.45454545454545, 47.81818181818182, 43.90909090909091, 43.0, 44.18181818181818, 48.36363636363637, 42.81818181818182, 47.25, 45.833333333333336, 49.5, 52.083333333333336, 45.54545454545455, 40.90909090909091, 45.18181818181818, 43.45454545454545, 48.0, 48.23076923076923, 54.54545454545455, 42.666666666666664, 46.72727272727273, 50.81818181818182, 43.09090909090909, 53.0, 43.09090909090909, 53.45454545454545, 41.583333333333336, 39.36363636363637, 43.27272727272727, 44.0, 47.25] 

ans 46.046581196581194 

4-3 algo
d: 5 w: 9 k: 5
all [23.916666666666668, 24.09090909090909, 20.636363636363637, 24.454545454545453, 21.818181818181817, 24.363636363636363, 23.666666666666668, 23.545454545454547, 32.18181818181818, 25.583333333333332, 21.916666666666668, 26.25, 24.90909090909091, 26.416666666666668, 21.833333333333332, 24.916666666666668, 25.615384615384617, 22.727272727272727, 22.545454545454547, 22.09090909090909, 22.272727272727273, 23.25, 23.333333333333332, 23.0, 30.90909090909091, 27.083333333333332, 22.90909090909091, 20.181818181818183, 23.25, 22.846153846153847] 

ans 24.083818958818956 

4-3 algo
d: 6 w: 9 k: 5
all [20.416666666666668, 19.09090909090909, 22.818181818181817, 21.333333333333332, 20.0, 23.25, 19.90909090909091, 25.727272727272727, 19.583333333333332, 22.583333333333332, 22.46153846153846, 24.25, 22.583333333333332, 21.916666666666668, 21.333333333333332, 24.545454545454547, 22.09090909090909, 20.833333333333332, 21.333333333333332, 22.416666666666668, 23.75, 24.333333333333332, 22.90909090909091, 18.4, 20.153846153846153, 24.0, 23.636363636363637, 23.636363636363637, 20.166666666666668, 22.416666666666668] 

ans 22.06263403263403 

