4-3 base2
d: 5 w: 3 k: 1
all [1452.0, 1356.0, 1634.5, 1802.0, 1806.0, 1774.0, 1382.0, 1450.0, 1380.0, 1589.0, 1574.0, 1327.0, 2775.0, 2953.0, 2761.0, 1415.0, 1628.0, 1373.0, 1455.0, 1464.0, 1558.0, 1638.0, 2029.0, 3924.0, 1535.0, 1791.0, 1647.0, 1629.0, 1401.0, 2713.0] 

ans 1807.1833333333334 

4-3 base2
d: 5 w: 6 k: 1
all [1287.0, 644.0, 733.0, 667.0, 742.0, 878.0, 989.0, 719.0, 758.0, 807.0, 750.0, 713.0, 978.0, 730.0, 1881.0, 756.0, 751.0, 745.0, 929.0, 972.0, 677.0, 774.0, 903.75, 3498.0, 871.0, 2395.0, 689.0, 760.0, 823.0, 641.0] 

ans 982.025 

4-3 base2
d: 5 w: 9 k: 1
all [486.0, 440.0, 553.0, 524.0, 394.0, 447.0, 622.0, 548.0, 413.0, 466.0, 458.0, 418.0, 550.0, 452.0, 674.0, 632.0, 515.0, 493.0, 415.0, 460.0, 361.0, 426.0, 668.0, 454.0, 540.0, 593.0, 537.0, 500.0, 404.0, 582.0] 

ans 500.8333333333333 

4-3 base2
d: 6 w: 9 k: 1
all [445.0, 389.0, 418.0, 415.0, 488.0, 418.0, 339.0, 409.0, 420.0, 408.0, 400.0, 446.0, 437.0, 380.0, 444.0, 526.0, 610.0, 390.0, 340.0, 464.0, 388.0, 385.0, 465.0, 374.0, 442.0, 524.0, 494.0, 476.0, 379.0, 394.0] 

ans 430.23333333333335 

4-3 base2
d: 5 w: 3 k: 3
all [1551.0, 1472.0, 1462.0, 4225.0, 1778.0, 1549.0, 1490.0, 1496.0, 1453.0, 1407.0, 1590.0, 1557.0, 1436.0, 1395.0, 2619.0, 1784.0, 1817.0, 1700.5, 3111.0, 1654.0, 1773.0, 1643.0, 1679.0, 1320.0, 1541.0, 1540.0, 1668.0, 1608.0, 3018.0, 2658.0] 

ans 1833.15 

4-3 base2
d: 5 w: 6 k: 3
all [2233.0, 788.0, 728.6666666666666, 862.0, 2257.0, 713.0, 719.0, 712.0, 696.0, 718.0, 862.0, 1177.6666666666667, 714.0, 1161.0, 1204.3333333333333, 1271.0, 722.0, 777.0, 687.0, 797.0, 1206.6666666666667, 729.0, 2428.0, 735.0, 785.0, 902.0, 690.0, 2231.0, 2273.0, 2260.0] 

ans 1134.6444444444444 

4-3 base2
d: 5 w: 9 k: 3
all [485.0, 527.0, 457.0, 523.0, 562.0, 421.0, 438.0, 389.0, 561.0, 547.0, 500.0, 405.0, 499.0, 543.0, 518.0, 483.0, 425.0, 359.0, 500.0, 424.0, 409.0, 531.0, 698.0, 514.0, 366.0, 537.0, 477.0, 446.0, 547.0, 534.0] 

ans 487.5 

4-3 base2
d: 6 w: 9 k: 3
all [394.0, 516.0, 429.0, 523.0, 370.0, 441.0, 571.0, 426.0, 482.0, 506.0, 422.0, 496.0, 480.0, 425.0, 563.0, 473.0, 475.0, 496.0, 373.0, 421.0, 480.0, 431.0, 397.0, 535.0, 364.0, 314.0, 428.0, 404.0, 544.0, 356.0] 

ans 451.1666666666667 

4-3 base2
d: 5 w: 3 k: 5
all [4330.0, 1473.0, 1739.0, 2674.0, 1921.0, 1338.0, 1622.0, 1359.0, 1590.0, 1678.0, 2736.0, 1365.0, 3112.0, 2659.0, 1506.0, 1384.0, 1465.0, 1487.0, 1828.0, 3898.0, 1415.0, 1576.0, 1282.0, 1435.0, 2843.0, 3019.0, 1477.0, 1593.0, 1599.0, 1417.0] 

ans 1960.6666666666667 

4-3 base2
d: 5 w: 6 k: 5
all [3917.0, 692.0, 1137.0, 805.0, 633.0, 750.0, 792.0, 623.0, 2208.0, 724.0, 775.3333333333334, 650.0, 702.0, 743.0, 2637.0, 873.0, 783.0, 739.0, 733.0, 774.0, 1141.0, 872.0, 722.0, 998.0, 1083.0, 974.0, 693.8, 1050.0, 752.0, 836.0] 

ans 1027.0711111111111 

4-3 base2
d: 5 w: 9 k: 5
all [660.0, 475.0, 501.0, 382.0, 692.0, 565.0, 549.0, 637.0, 616.0, 570.0, 496.0, 358.0, 541.0, 524.0, 400.0, 438.0, 534.0, 530.0, 502.0, 378.0, 487.0, 507.0, 381.0, 455.0, 720.0, 550.0, 440.0, 415.0, 412.0, 484.0] 

ans 506.6333333333333 

4-3 base2
d: 6 w: 9 k: 5
all [551.0, 345.0, 473.0, 461.0, 464.0, 568.0, 443.0, 466.0, 381.0, 450.0, 408.0, 419.0, 426.0, 382.0, 390.0, 515.0, 546.0, 422.0, 559.0, 362.0, 441.0, 350.0, 431.0, 554.0, 407.0, 420.0, 474.0, 377.0, 446.0, 357.0] 

ans 442.93333333333334 

