4-3 base3
d: 5 w: 3 k: 1
all [1270.0, 1229.0, 1286.0, 1006.0, 4069.0, 2142.0, 3965.0, 1423.0, 1165.0, 1393.5, 1420.0, 1274.0, 1166.0, 1631.0, 1220.0, 1247.0, 1872.0, 1940.0, 1173.0, 1125.0, 1090.0, 4009.0, 1243.0, 1182.0, 1081.0, 1417.0, 1920.0, 1286.0, 1443.0, 1473.0] 

ans 1638.6833333333334 

4-3 base3
d: 5 w: 6 k: 1
all [546.0, 535.0, 683.6, 673.0, 654.0, 630.0, 600.0, 622.0, 585.0, 1065.5, 544.0, 684.0, 762.0, 704.0, 763.0, 635.0, 523.0, 622.0, 699.0, 571.0, 581.0, 695.0, 582.0, 663.0, 645.0, 605.0, 572.0, 622.0, 689.0, 772.0] 

ans 650.9033333333333 

4-3 base3
d: 5 w: 9 k: 1
all [492.0, 335.0, 361.0, 379.0, 386.0, 401.0, 430.0, 452.0, 346.0, 326.0, 408.0, 333.0, 340.0, 293.0, 357.0, 407.0, 770.0, 416.0, 464.0, 425.0, 376.0, 616.0, 407.0, 311.0, 368.0, 396.0, 305.0, 410.0, 357.0, 383.0] 

ans 401.6666666666667 

4-3 base3
d: 6 w: 9 k: 1
all [366.0, 293.0, 309.0, 311.0, 273.0, 337.0, 413.0, 562.0, 422.0, 332.0, 325.0, 346.0, 390.0, 358.0, 283.0, 389.0, 394.0, 348.0, 421.0, 283.0, 276.0, 272.0, 441.0, 361.0, 382.0, 283.0, 330.0, 415.0, 351.0, 379.0] 

ans 354.8333333333333 

4-3 base3
d: 5 w: 3 k: 3
all [4206.0, 1172.0, 2061.5, 1483.0, 2636.0, 1361.0, 1123.0, 1173.0, 1214.0, 4169.0, 1807.0, 2973.0, 1243.0, 1616.0, 1124.0, 1197.0, 1102.0, 1458.0, 1234.0, 1163.0, 1134.0, 1196.0, 2582.0, 1275.0, 2617.0, 1493.0, 1165.0, 1283.0, 1441.0, 1565.0] 

ans 1708.8833333333334 

4-3 base3
d: 5 w: 6 k: 3
all [773.0, 612.0, 841.0, 557.0, 654.0, 583.0, 611.0, 558.0, 726.0, 623.0, 702.0, 709.0, 3476.0, 793.0, 662.0, 624.0, 579.0, 750.0, 629.0, 2369.0, 612.0, 832.0, 628.0, 540.0, 788.0, 676.0, 603.0, 787.0, 650.0, 718.0] 

ans 822.1666666666666 

4-3 base3
d: 5 w: 9 k: 3
all [308.0, 272.0, 280.0, 342.0, 306.0, 361.0, 280.0, 401.0, 458.0, 381.0, 323.0, 304.0, 318.0, 465.0, 632.0, 360.0, 405.0, 353.0, 373.0, 302.0, 333.0, 342.0, 306.0, 378.0, 375.0, 344.0, 394.0, 416.0, 417.0, 474.0] 

ans 366.76666666666665 

4-3 base3
d: 6 w: 9 k: 3
all [416.0, 319.0, 309.0, 350.0, 247.0, 323.0, 392.0, 484.0, 297.0, 412.0, 328.0, 354.0, 440.0, 257.0, 400.0, 470.0, 297.0, 347.0, 392.0, 373.0, 283.0, 282.0, 351.0, 393.0, 284.0, 347.0, 273.0, 333.0, 290.0, 340.0] 

ans 346.1 

4-3 base3
d: 5 w: 3 k: 5
all [2419.0, 1275.0, 1376.0, 1128.0, 1318.0, 1124.0, 1204.0, 1426.0, 1275.0, 1246.0, 1246.0, 2749.0, 1305.0, 1166.0, 2716.0, 1369.0, 1444.0, 1137.0, 1220.0, 1168.0, 1500.0, 1401.0, 1462.0, 1328.0, 2921.0, 2926.0, 1112.0, 1135.0, 2696.0, 1168.0] 

ans 1565.3333333333333 

4-3 base3
d: 5 w: 6 k: 5
all [665.0, 623.0, 614.0, 575.0, 619.0, 723.0, 620.0, 553.0, 654.0, 593.0, 715.0, 729.0, 979.0, 565.0, 673.0, 590.0, 752.0, 800.0, 635.0, 1065.0, 756.0, 617.0, 684.0, 672.0, 724.0, 562.0, 625.0, 686.0, 664.0, 3430.0] 

ans 772.0666666666667 

4-3 base3
d: 5 w: 9 k: 5
all [359.0, 412.0, 279.0, 460.0, 415.0, 333.0, 424.0, 424.0, 359.0, 274.0, 336.0, 333.0, 415.0, 290.0, 342.0, 333.0, 337.0, 368.0, 385.0, 326.0, 630.0, 352.0, 372.0, 326.0, 391.0, 450.0, 272.0, 395.0, 386.0, 333.0] 

ans 370.3666666666667 

4-3 base3
d: 6 w: 9 k: 5
all [365.0, 358.0, 407.0, 331.0, 277.0, 284.0, 540.0, 303.0, 296.0, 339.0, 624.0, 365.0, 313.0, 256.0, 373.0, 374.0, 367.0, 275.0, 271.0, 284.0, 292.0, 339.0, 276.0, 322.0, 305.0, 315.0, 351.0, 522.0, 272.0, 340.0] 

ans 344.53333333333336 

