4-1 algo
d: 5 w: 3 k: 1
all [21.25, 22.416666666666668, 22.833333333333332, 27.0, 19.916666666666668, 19.272727272727273, 22.166666666666668, 19.583333333333332, 24.666666666666668, 21.25] 

ans 22.03560606060606 

number 0 switch: 2321
number 1 switch: 69
number 2 switch: 0
2-1 [34.583333333333336, 32.916666666666664, 29.8, 23.833333333333332, 21.61111111111111, 21.321428571428573, 75.67857142857143, 30.181818181818183, 29.666666666666668, 29.666666666666668, 22.583333333333332, 48.833333333333336, 25.733333333333334, 25.5, 25.0, 23.75, 47.666666666666664, 38.833333333333336, 31.642857142857142, 31.666666666666668, 27.09090909090909, 233.53333333333333, 118.4, 105.0909090909091, 46.785714285714285, 31.87323943661972, 29.363636363636363, 26.583333333333332, 26.307692307692307, 24.357142857142858, 24.357142857142858, 23.166666666666668, 22.09090909090909, 21.903225806451612, 20.8, 19.916666666666668, 29.272727272727273, 26.083333333333332, 19.583333333333332, 19.5625, 72.39285714285714, 39.57142857142857, 36.75, 31.61904761904762, 28.46153846153846, 27.26923076923077, 24.916666666666668, 24.272727272727273, 23.214285714285715, 22.857142857142858, 22.210526315789473, 50.5, 29.25, 29.25, 28.333333333333332, 25.5, 25.5, 23.46153846153846, 21.454545454545453, 39.583333333333336, 33.0, 30.818181818181817, 24.90909090909091, 83.5, 77.0, 28.083333333333332, 26.272727272727273, 25.583333333333332, 24.46153846153846]
2-2 [15.416666666666666, 12.916666666666666, 21.25, 15.75, 7.333333333333333, 7.214285714285714, 8.428571428571429, 16.545454545454547, 16.583333333333332, 14.25, 12.75, 17.916666666666668, 14.866666666666667, 14.222222222222221, 17.0, 13.083333333333334, 13.5, 15.25, 27.0, 22.0, 12.636363636363637, 13.4, 9.8, 8.818181818181818, 15.357142857142858, 3.23943661971831, 15.727272727272727, 14.833333333333334, 9.307692307692308, 8.571428571428571, 4.928571428571429, 19.916666666666668, 14.636363636363637, 7.193548387096774, 7.75, 10.416666666666666, 19.272727272727273, 13.166666666666666, 13.5, 10.75, 6.0, 16.857142857142858, 13.333333333333334, 3.761904761904762, 8.461538461538462, 10.192307692307692, 11.5, 16.272727272727273, 7.928571428571429, 10.928571428571429, 8.31578947368421, 18.714285714285715, 11.5, 11.333333333333334, 13.833333333333334, 14.333333333333334, 18.75, 16.0, 13.090909090909092, 13.333333333333334, 10.631578947368421, 15.0, 11.818181818181818, 11.5, 12.423076923076923, 14.333333333333334, 13.181818181818182, 16.083333333333332, 11.615384615384615]
3-1 []
3-2 []
3-3 []
[9.833333333333334, 8.166666666666666, 7.083333333333333] 41.177.194.186 41.177.98.176
4-1 algo
d: 5 w: 6 k: 1
all [6.0, 7.214285714285714, 9.142857142857142, 7.071428571428571, 5.833333333333333, 7.083333333333333, 6.857142857142857, 6.0, 12.416666666666666, 5.7368421052631575] 

ans 7.335588972431077 

number 0 switch: 2296
number 1 switch: 93
number 2 switch: 1
2-1 [16.416666666666668, 12.153846153846153, 10.75, 9.416666666666666, 8.272727272727273, 7.666666666666667, 7.666666666666667, 7.545454545454546, 6.833333333333333, 6.583333333333333, 6.538461538461538, 11.857142857142858, 11.25, 9.666666666666666, 7.416666666666667, 29.9375, 17.266666666666666, 14.15, 10.75, 10.714285714285714, 9.583333333333334, 9.25, 18.071428571428573, 13.923076923076923, 12.75, 7.178571428571429, 7.1, 7.066666666666666, 6.916666666666667, 6.909090909090909, 6.583333333333333, 6.578947368421052, 15.944444444444445, 14.166666666666666, 12.321428571428571, 10.833333333333334, 10.75, 8.307692307692308, 7.083333333333333, 6.7272727272727275, 6.6875, 5.923076923076923, 5.916666666666667, 5.916666666666667, 16.95, 10.133333333333333, 10.0, 9.833333333333334, 8.0, 7.875, 7.857142857142857, 8.166666666666666, 7.833333333333333, 7.722222222222222, 7.125, 32.27272727272727, 24.846153846153847, 17.4375, 10.416666666666666, 10.416666666666666, 9.166666666666666, 8.714285714285714, 8.5, 8.166666666666666, 7.714285714285714, 7.333333333333333, 7.083333333333333, 10.833333333333334, 10.105263157894736, 9.533333333333333, 7.392857142857143, 7.384615384615385, 7.2, 6.833333333333333, 6.1875, 6.0, 6.0, 6.416666666666667, 6.416666666666667, 13.833333333333334, 13.833333333333334, 10.25, 9.571428571428571, 9.545454545454545, 8.666666666666666, 7.95, 6.833333333333333, 6.473684210526316, 6.333333333333333, 6.25, 6.1, 6.0, 6.333333333333333]
2-2 [3.5833333333333335, 5.0, 3.5833333333333335, 4.833333333333333, 5.181818181818182, 5.083333333333333, 5.833333333333333, 4.909090909090909, 4.5, 4.833333333333333, 4.384615384615385, 7.214285714285714, 4.3125, 5.5, 4.166666666666667, 2.9375, 3.533333333333333, 2.15, 1.5, 9.142857142857142, 2.9166666666666665, 4.833333333333333, 7.071428571428571, 3.1538461538461537, 4.833333333333333, 3.5, 3.3, 3.933333333333333, 3.5, 5.7272727272727275, 5.0, 4.947368421052632, 5.166666666666667, 4.333333333333333, 1.6071428571428572, 3.5, 4.0, 4.6923076923076925, 4.666666666666667, 5.363636363636363, 3.9375, 4.153846153846154, 4.083333333333333, 4.583333333333333, 4.3, 4.2, 2.2, 4.583333333333333, 5.2727272727272725, 3.3125, 5.857142857142857, 5.75, 3.9166666666666665, 6.055555555555555, 2.5625, 4.636363636363637, 4.538461538461538, 3.1875, 4.75, 4.083333333333333, 5.833333333333333, 2.5714285714285716, 4.583333333333333, 4.666666666666667, 6.857142857142857, 3.75, 2.5833333333333335, 4.75, 4.7368421052631575, 3.6, 2.0357142857142856, 3.6153846153846154, 4.933333333333334, 5.083333333333333, 3.4375, 5.083333333333333, 5.083333333333333, 3.6666666666666665, 4.0, 12.416666666666666, 4.666666666666667, 3.5, 1.3928571428571428, 4.181818181818182, 2.8333333333333335, 2.4, 3.6666666666666665, 5.7368421052631575, 5.666666666666667, 4.0, 2.75, 5.333333333333333, 5.0]
3-1 [9.833333333333334]
3-2 [8.166666666666666]
3-3 [7.083333333333333]
4-1 algo
d: 5 w: 9 k: 1
all [3.2857142857142856, 3.0, 2.75, 3.5789473684210527, 2.5, 2.9166666666666665, 3.3333333333333335, 2.3684210526315788, 2.272727272727273, 2.7142857142857144] 

ans 2.8720095693779903 

number 0 switch: 2294
number 1 switch: 96
number 2 switch: 0
2-1 [4.466666666666667, 4.428571428571429, 4.25, 3.857142857142857, 3.7222222222222223, 3.6153846153846154, 3.4545454545454546, 5.321428571428571, 4.857142857142857, 3.75, 3.375, 3.25, 3.1818181818181817, 3.1666666666666665, 3.1333333333333333, 3.0833333333333335, 4.16, 4.071428571428571, 3.8947368421052633, 3.230769230769231, 3.090909090909091, 3.066666666666667, 2.933333333333333, 7.7272727272727275, 7.545454545454546, 7.533333333333333, 7.0, 5.090909090909091, 4.666666666666667, 4.5, 3.909090909090909, 3.75, 4.636363636363637, 4.166666666666667, 3.925925925925926, 3.6666666666666665, 3.6363636363636362, 3.269230769230769, 2.9166666666666665, 2.9, 2.8846153846153846, 2.85, 2.85, 2.8333333333333335, 2.8214285714285716, 2.727272727272727, 4.066666666666666, 3.75, 3.7142857142857144, 3.7142857142857144, 3.4166666666666665, 3.3333333333333335, 3.607142857142857, 3.3214285714285716, 3.2857142857142856, 3.2, 3.0833333333333335, 3.0, 3.0, 2.96, 4.0, 3.0625, 21.727272727272727, 4.916666666666667, 4.461538461538462, 4.25, 4.0625, 3.933333333333333, 3.9166666666666665, 3.8666666666666667, 3.7142857142857144, 3.409090909090909, 5.55, 4.066666666666666, 3.7857142857142856, 3.230769230769231, 2.7333333333333334, 2.6785714285714284, 2.625, 2.5454545454545454, 7.583333333333333, 6.7272727272727275, 4.75, 4.2272727272727275, 3.8, 3.25, 2.3333333333333335, 5.153846153846154, 4.428571428571429, 4.173913043478261, 3.5357142857142856, 3.4615384615384617, 2.875, 2.6666666666666665, 2.6363636363636362, 2.625]
2-2 [3.0, 0.5, 2.5, 3.2857142857142856, 2.111111111111111, 1.6923076923076923, 2.1818181818181817, 0.9285714285714286, 1.2857142857142858, 0.8571428571428571, 1.0625, 3.0, 1.7272727272727273, 2.75, 1.4666666666666666, 2.3333333333333335, 0.8, 2.142857142857143, 1.263157894736842, 1.6923076923076923, 1.7272727272727273, 1.6, 1.4, 1.7272727272727273, 1.9545454545454546, 3.1333333333333333, 1.5833333333333333, 1.4545454545454546, 2.8333333333333335, 1.4285714285714286, 1.1818181818181819, 2.25, 1.5454545454545454, 1.6666666666666667, 0.7407407407407407, 1.75, 2.4545454545454546, 1.0, 1.6666666666666667, 0.95, 1.3846153846153846, 0.9, 2.15, 1.5833333333333333, 0.6785714285714286, 1.6363636363636365, 1.2, 1.3125, 0.35714285714285715, 0.7857142857142857, 1.5416666666666667, 2.9166666666666665, 0.9285714285714286, 0.8928571428571429, 1.2857142857142858, 1.0, 1.6666666666666667, 1.5833333333333333, 1.9090909090909092, 1.04, 1.5384615384615385, 1.0625, 1.8181818181818181, 2.0833333333333335, 1.6153846153846154, 2.0833333333333335, 1.375, 1.6, 1.4166666666666667, 1.3333333333333333, 3.0, 1.1818181818181819, 1.25, 1.4666666666666666, 0.9285714285714286, 1.1538461538461537, 2.3333333333333335, 0.6428571428571429, 1.0, 1.6363636363636365, 1.5, 1.9090909090909092, 1.3125, 1.6363636363636365, 1.15, 2.0, 2.0, 1.2307692307692308, 0.6071428571428571, 1.391304347826087, 0.6785714285714286, 1.0769230769230769, 1.5, 1.1666666666666667, 1.9090909090909092, 1.0]
3-1 []
3-2 []
3-3 []
[4.25, 2.8333333333333335, 1.8333333333333333] 41.177.161.164 210.218.218.164
[2.5625, 2.4375, 2.0625] 244.3.185.135 41.177.98.220
[4.454545454545454, 2.909090909090909, 2.4545454545454546] 41.177.26.176 122.39.210.202
4-1 algo
d: 6 w: 9 k: 1
all [2.4166666666666665, 2.3333333333333335, 2.8421052631578947, 2.3333333333333335, 3.0833333333333335, 2.4545454545454546, 2.357142857142857, 2.25, 2.6666666666666665, 2.7142857142857144] 

ans 2.5451412622465255 

number 0 switch: 2281
number 1 switch: 106
number 2 switch: 3
2-1 [5.4, 4.833333333333333, 4.5, 3.2222222222222223, 2.9166666666666665, 2.6, 3.0, 2.5, 6.0625, 4.928571428571429, 4.45, 4.0625, 3.75, 3.5833333333333335, 3.4545454545454546, 3.3333333333333335, 3.25, 3.090909090909091, 2.4615384615384617, 6.454545454545454, 5.25, 4.142857142857143, 4.0, 3.5833333333333335, 3.4, 3.2333333333333334, 3.125, 3.0, 3.0, 3.0, 2.9166666666666665, 4.3076923076923075, 4.291666666666667, 4.125, 3.7333333333333334, 3.4285714285714284, 3.25, 3.25, 3.1818181818181817, 3.0, 2.8, 2.75, 2.5, 2.4166666666666665, 2.3846153846153846, 2.3666666666666667, 3.3846153846153846, 8.363636363636363, 6.857142857142857, 6.333333333333333, 4.166666666666667, 4.166666666666667, 3.4545454545454546, 3.25, 3.0434782608695654, 3.0, 2.892857142857143, 2.7857142857142856, 2.75, 2.6363636363636362, 2.5, 2.4285714285714284, 2.3333333333333335, 3.1666666666666665, 5.125, 5.083333333333333, 4.636363636363637, 3.466666666666667, 2.909090909090909, 2.8666666666666667, 2.75, 2.5833333333333335, 7.857142857142857, 3.8181818181818183, 3.25, 3.1549295774647885, 3.076923076923077, 2.5833333333333335, 2.3684210526315788, 3.8, 3.75, 3.727272727272727, 3.6666666666666665, 3.4285714285714284, 3.5833333333333335, 2.625, 2.5833333333333335, 2.4375, 2.409090909090909, 2.2857142857142856, 7.214285714285714, 6.636363636363637, 5.916666666666667, 5.571428571428571, 4.416666666666667, 4.392857142857143, 4.2727272727272725, 4.115384615384615, 3.5625, 3.3333333333333335, 2.739130434782609, 2.6875, 5.0625, 4.416666666666667, 2.8333333333333335, 2.8214285714285716]
2-2 [0.85, 1.6666666666666667, 1.3333333333333333, 1.6111111111111112, 2.4166666666666665, 1.65, 0.875, 1.4166666666666667, 0.6875, 1.1428571428571428, 0.75, 1.0625, 1.0, 1.3333333333333333, 1.0909090909090908, 1.3333333333333333, 1.0, 2.272727272727273, 1.5384615384615385, 1.5454545454545454, 1.0833333333333333, 1.3214285714285714, 1.25, 1.1666666666666667, 2.05, 0.8, 0.5416666666666666, 0.75, 1.3846153846153846, 0.5, 1.6666666666666667, 1.1538461538461537, 1.0833333333333333, 0.9375, 1.5333333333333334, 1.4285714285714286, 0.7142857142857143, 1.75, 2.1818181818181817, 0.9166666666666666, 0.9, 0.8333333333333334, 1.6666666666666667, 1.0833333333333333, 1.1538461538461537, 0.5666666666666667, 1.2307692307692308, 1.4545454545454546, 0.39285714285714285, 1.4166666666666667, 0.5, 1.1666666666666667, 1.4545454545454546, 1.6666666666666667, 0.6086956521739131, 1.0, 0.6428571428571429, 0.75, 0.9166666666666666, 2.6363636363636362, 1.5833333333333333, 1.6428571428571428, 1.1333333333333333, 3.0833333333333335, 1.0625, 1.9166666666666667, 2.272727272727273, 0.5, 1.7272727272727273, 0.8, 1.75, 1.3333333333333333, 0.5714285714285714, 1.1818181818181819, 1.5, 0.2112676056338028, 1.4615384615384615, 2.1666666666666665, 0.6842105263157895, 0.7, 1.5833333333333333, 1.3636363636363635, 1.0666666666666667, 1.7857142857142858, 2.25, 0.9375, 0.625, 0.8125, 1.6363636363636365, 0.2857142857142857, 2.2142857142857144, 1.3636363636363635, 1.0, 1.1428571428571428, 2.4166666666666665, 0.6071428571428571, 2.4545454545454546, 1.7692307692307692, 1.0625, 2.6666666666666665, 0.8260869565217391, 1.3125, 0.8125, 1.25, 1.4166666666666667, 0.5]
3-1 [4.25, 2.5625, 4.454545454545454]
3-2 [2.8333333333333335, 2.4375, 2.909090909090909]
3-3 [1.8333333333333333, 2.0625, 2.4545454545454546]
4-1 algo
d: 5 w: 3 k: 3
all [17.083333333333332, 18.571428571428573, 18.454545454545453, 18.272727272727273, 21.428571428571427, 19.083333333333332, 18.818181818181817, 19.666666666666668, 20.181818181818183, 18.09090909090909] 

ans 18.965151515151515 

number 0 switch: 2293
number 1 switch: 97
number 2 switch: 0
2-1 [38.90909090909091, 34.642857142857146, 23.95, 23.666666666666668, 22.25, 18.916666666666668, 18.083333333333332, 17.90909090909091, 17.6, 17.333333333333332, 17.25, 17.083333333333332, 35.90909090909091, 26.916666666666668, 22.88235294117647, 22.583333333333332, 22.416666666666668, 22.25, 20.75, 18.615384615384617, 18.27777777777778, 28.0, 24.833333333333332, 23.166666666666668, 20.818181818181817, 20.0, 19.5, 19.333333333333332, 18.545454545454547, 45.18181818181818, 34.416666666666664, 25.733333333333334, 24.833333333333332, 24.0625, 21.75, 21.75, 20.76923076923077, 20.083333333333332, 19.75, 46.7887323943662, 38.357142857142854, 29.61111111111111, 23.153846153846153, 22.166666666666668, 21.25, 24.9375, 24.916666666666668, 22.166666666666668, 22.166666666666668, 21.0, 20.545454545454547, 20.22222222222222, 20.05, 20.416666666666668, 20.416666666666668, 19.8, 19.545454545454547, 19.454545454545453, 37.72727272727273, 28.272727272727273, 28.15, 26.818181818181817, 25.083333333333332, 22.666666666666668, 22.27777777777778, 21.5, 20.789473684210527, 20.75, 20.583333333333332, 20.545454545454547, 41.45454545454545, 38.27272727272727, 29.857142857142858, 29.1, 26.333333333333332, 26.0, 24.666666666666668, 23.842105263157894, 23.77777777777778, 22.846153846153847, 21.333333333333332, 34.875, 25.333333333333332, 25.272727272727273, 23.083333333333332, 22.454545454545453, 21.071428571428573, 31.615384615384617, 25.363636363636363, 23.636363636363637, 23.916666666666668, 19.714285714285715, 19.0625, 18.916666666666668, 18.833333333333332, 18.5, 18.416666666666668]
2-2 [14.272727272727273, 12.214285714285714, 12.15, 13.75, 13.583333333333334, 13.083333333333334, 17.083333333333332, 16.09090909090909, 12.4, 14.333333333333334, 13.083333333333334, 14.333333333333334, 15.181818181818182, 11.916666666666666, 11.0, 11.916666666666666, 16.333333333333332, 14.75, 13.75, 15.615384615384615, 12.444444444444445, 15.25, 14.083333333333334, 13.833333333333334, 17.272727272727273, 11.533333333333333, 8.958333333333334, 13.0, 17.363636363636363, 17.272727272727273, 18.083333333333332, 14.066666666666666, 16.916666666666668, 9.8125, 14.166666666666666, 13.416666666666666, 13.615384615384615, 18.083333333333332, 17.75, 2.056338028169014, 21.428571428571427, 11.61111111111111, 11.307692307692308, 13.666666666666666, 11.8, 10.8125, 13.0, 14.75, 16.916666666666668, 14.25, 16.636363636363637, 8.333333333333334, 11.1, 15.416666666666666, 14.5, 9.866666666666667, 16.363636363636363, 18.181818181818183, 16.454545454545453, 15.272727272727273, 8.3, 18.818181818181817, 14.5, 17.5, 11.333333333333334, 11.666666666666666, 10.68421052631579, 8.4375, 15.583333333333334, 15.636363636363637, 13.454545454545455, 14.0, 16.214285714285715, 11.05, 19.083333333333332, 10.75, 12.583333333333334, 8.368421052631579, 16.22222222222222, 12.076923076923077, 15.5, 9.8125, 13.25, 14.545454545454545, 13.583333333333334, 20.181818181818183, 13.642857142857142, 14.307692307692308, 11.545454545454545, 18.09090909090909, 15.083333333333334, 13.214285714285714, 10.875, 12.666666666666666, 15.166666666666666, 15.083333333333334, 11.0]
3-1 []
3-2 []
3-3 []
[12.416666666666666, 6.416666666666667, 5.583333333333333] 41.177.26.176 77.197.128.223
4-1 algo
d: 5 w: 6 k: 3
all [5.2727272727272725, 5.916666666666667, 5.0, 6.285714285714286, 6.333333333333333, 7.083333333333333, 6.0, 6.363636363636363, 6.416666666666667, 5.666666666666667] 

ans 6.0338744588744575 

number 0 switch: 2257
number 1 switch: 132
number 2 switch: 1
2-1 [17.0, 11.75, 11.916666666666666, 11.307692307692308, 11.071428571428571, 7.181818181818182, 7.0, 5.769230769230769, 5.75, 5.545454545454546, 5.375, 5.333333333333333, 5.3076923076923075, 10.25, 9.714285714285714, 8.25, 8.0, 7.956521739130435, 7.72, 6.916666666666667, 6.833333333333333, 6.666666666666667, 6.611111111111111, 6.230769230769231, 6.1875, 6.142857142857143, 5.923076923076923, 14.25, 10.76923076923077, 10.5, 10.083333333333334, 9.4, 8.05, 7.75, 7.7272727272727275, 7.090909090909091, 6.9375, 6.75, 6.607142857142857, 6.666666666666667, 6.055555555555555, 5.75, 5.666666666666667, 5.555555555555555, 5.555555555555555, 5.5, 5.5, 5.066666666666666, 5.0625, 5.033333333333333, 7.0, 5.956521739130435, 12.090909090909092, 10.166666666666666, 10.0, 9.366666666666667, 8.476190476190476, 8.272727272727273, 7.6875, 7.416666666666667, 6.916666666666667, 6.75, 6.45, 15.272727272727273, 10.833333333333334, 9.75, 9.733333333333333, 9.25, 9.166666666666666, 8.866666666666667, 8.15, 7.954545454545454, 7.12, 6.842105263157895, 6.75, 6.625, 6.416666666666667, 14.166666666666666, 10.411764705882353, 9.75, 9.181818181818182, 9.090909090909092, 8.583333333333334, 8.333333333333334, 7.7272727272727275, 7.4375, 7.1875, 6.636363636363637, 6.571428571428571, 6.285714285714286, 14.083333333333334, 11.214285714285714, 8.333333333333334, 7.916666666666667, 7.166666666666667, 7.083333333333333, 6.846153846153846, 6.454545454545454, 6.363636363636363, 6.25, 6.125, 6.117647058823529, 71.89285714285714, 14.761904761904763, 11.571428571428571, 8.6, 7.545454545454546, 6.75, 6.608695652173913, 6.6, 6.5, 11.818181818181818, 9.75, 8.304347826086957, 8.142857142857142, 7.833333333333333, 7.714285714285714, 7.4, 7.268382352941177, 6.5, 6.461538461538462, 8.578947368421053, 8.583333333333334, 7.666666666666667, 7.384615384615385, 7.3125, 6.933333333333334, 6.833333333333333, 6.666666666666667, 6.2727272727272725, 5.75, 5.733333333333333]
2-2 [4.0, 4.75, 5.083333333333333, 4.3076923076923075, 2.0714285714285716, 4.454545454545454, 3.4375, 4.384615384615385, 5.166666666666667, 3.727272727272727, 3.0, 5.166666666666667, 2.3846153846153846, 3.75, 5.714285714285714, 4.25, 4.0, 2.130434782608696, 2.76, 5.916666666666667, 4.166666666666667, 4.533333333333333, 2.9444444444444446, 4.230769230769231, 4.1875, 2.357142857142857, 3.769230769230769, 3.8333333333333335, 3.076923076923077, 3.9166666666666665, 4.416666666666667, 3.3333333333333335, 2.35, 4.416666666666667, 4.7272727272727275, 4.636363636363637, 2.6875, 4.166666666666667, 1.7857142857142858, 4.416666666666667, 2.7222222222222223, 4.25, 4.0, 2.7777777777777777, 3.0, 2.6, 4.25, 4.466666666666667, 3.3125, 2.2, 4.416666666666667, 2.347826086956522, 4.181818181818182, 4.0, 4.368421052631579, 1.5333333333333334, 2.0, 6.181818181818182, 3.875, 4.75, 4.25, 5.083333333333333, 1.5, 4.0, 4.916666666666667, 4.916666666666667, 2.466666666666667, 6.333333333333333, 3.111111111111111, 2.933333333333333, 5.45, 2.409090909090909, 2.96, 4.2105263157894735, 3.375, 2.6875, 5.0, 5.666666666666667, 3.4705882352941178, 4.916666666666667, 4.181818181818182, 2.772727272727273, 4.416666666666667, 3.75, 5.7272727272727275, 3.875, 3.0, 6.0, 3.2857142857142856, 5.928571428571429, 4.0, 1.75, 5.2, 4.5, 6.0, 5.666666666666667, 5.384615384615385, 4.454545454545454, 4.181818181818182, 3.65, 3.6875, 3.4705882352941178, 1.9642857142857142, 1.7619047619047619, 1.8214285714285714, 2.5, 4.2727272727272725, 3.1, 2.0869565217391304, 4.133333333333334, 4.1875, 4.090909090909091, 3.8333333333333335, 1.5217391304347827, 1.5357142857142858, 3.6666666666666665, 5.428571428571429, 2.5, 0.22058823529411764, 3.0, 3.4615384615384617, 2.6842105263157894, 5.666666666666667, 4.166666666666667, 2.230769230769231, 2.875, 4.133333333333334, 3.25, 4.866666666666666, 4.454545454545454, 5.333333333333333, 3.3333333333333335]
3-1 [12.416666666666666]
3-2 [6.416666666666667]
3-3 [5.583333333333333]
[3.1666666666666665, 2.6666666666666665, 1.6666666666666667] 41.177.155.186 210.218.218.164
4-1 algo
d: 5 w: 9 k: 3
all [2.5, 2.5, 4.583333333333333, 2.642857142857143, 2.4166666666666665, 2.5833333333333335, 2.1818181818181817, 2.090909090909091, 2.3333333333333335, 2.6666666666666665] 

ans 2.6498917748917745 

number 0 switch: 2278
number 1 switch: 111
number 2 switch: 1
2-1 [5.5, 3.769230769230769, 3.8, 3.3076923076923075, 3.25, 3.2, 3.1666666666666665, 3.1, 3.0714285714285716, 2.6666666666666665, 3.4642857142857144, 3.4545454545454546, 3.409090909090909, 3.3333333333333335, 3.2857142857142856, 2.923076923076923, 2.8125, 2.7857142857142856, 2.75, 3.066666666666667, 2.75, 2.6875, 2.6363636363636362, 2.5833333333333335, 2.5, 8.052631578947368, 5.411764705882353, 4.428571428571429, 3.3333333333333335, 3.3333333333333335, 2.9545454545454546, 2.6666666666666665, 10.916666666666666, 6.083333333333333, 4.607142857142857, 3.8333333333333335, 3.5833333333333335, 3.4375, 3.1875, 3.4375, 3.125, 2.9285714285714284, 2.8461538461538463, 2.75, 2.75, 2.7333333333333334, 2.727272727272727, 2.6666666666666665, 2.5454545454545454, 2.4375, 13.941176470588236, 7.0, 6.181818181818182, 4.909090909090909, 4.266666666666667, 4.045454545454546, 3.75, 3.5454545454545454, 3.4615384615384617, 2.8333333333333335, 2.6666666666666665, 2.642857142857143, 4.8125, 3.9, 3.8, 2.9166666666666665, 2.7, 2.5625, 2.5454545454545454, 2.4285714285714284, 2.3333333333333335, 2.3214285714285716, 2.272727272727273, 2.25, 10.5, 5.933333333333334, 5.75, 3.2142857142857144, 2.8333333333333335, 2.6363636363636362, 2.5833333333333335, 2.4166666666666665, 2.4166666666666665, 2.3333333333333335, 2.2857142857142856, 2.230769230769231, 2.1785714285714284, 2.107142857142857, 2.121212121212121, 2.090909090909091, 13.0, 5.25, 3.15, 3.0869565217391304, 3.0833333333333335, 3.0, 2.935483870967742, 2.5, 2.4166666666666665, 2.409090909090909, 2.3333333333333335, 3.8181818181818183, 3.6666666666666665, 3.2830188679245285, 3.0, 2.9166666666666665, 2.8666666666666667, 3.0, 2.75, 2.75, 2.75]
2-2 [0.7857142857142857, 1.6153846153846154, 1.4, 1.3076923076923077, 0.7857142857142857, 1.4666666666666666, 2.4166666666666665, 1.05, 1.5714285714285714, 2.0, 0.7142857142857143, 1.8181818181818181, 1.3636363636363635, 1.5833333333333333, 1.3571428571428572, 1.6923076923076923, 0.9375, 0.6071428571428571, 1.3, 1.3333333333333333, 1.6666666666666667, 1.1875, 1.5454545454545454, 2.5, 1.5833333333333333, 1.4736842105263157, 1.1176470588235294, 1.9285714285714286, 2.5833333333333335, 1.4166666666666667, 0.9090909090909091, 1.9333333333333333, 2.4166666666666665, 1.3333333333333333, 0.6428571428571429, 2.1666666666666665, 2.25, 0.8125, 0.75, 1.25, 1.25, 0.8214285714285714, 2.076923076923077, 2.0, 1.75, 2.2666666666666666, 2.272727272727273, 1.75, 1.5454545454545454, 1.5625, 1.1764705882352942, 0.8333333333333334, 2.0, 1.9090909090909092, 2.1333333333333333, 1.2272727272727273, 1.8333333333333333, 1.8181818181818181, 0.8846153846153846, 1.4166666666666667, 1.9166666666666667, 1.5714285714285714, 1.625, 1.4666666666666666, 1.4666666666666666, 1.4166666666666667, 1.15, 1.4375, 2.1818181818181817, 0.5714285714285714, 1.9166666666666667, 0.6785714285714286, 1.9090909090909092, 1.6666666666666667, 1.25, 1.7333333333333334, 1.5833333333333333, 1.4285714285714286, 1.25, 2.0, 2.0833333333333335, 1.3333333333333333, 1.4166666666666667, 1.3333333333333333, 0.7142857142857143, 1.8461538461538463, 0.8571428571428571, 0.7857142857142857, 0.48484848484848486, 1.9090909090909092, 1.5, 1.6666666666666667, 0.5666666666666667, 0.8260869565217391, 1.5833333333333333, 1.9166666666666667, 0.8064516129032258, 1.8333333333333333, 1.4166666666666667, 1.7272727272727273, 1.6666666666666667, 1.7272727272727273, 2.3333333333333335, 0.14150943396226415, 2.6666666666666665, 1.4166666666666667, 1.3333333333333333, 1.8571428571428572, 1.25, 1.5833333333333333, 1.25]
3-1 [3.1666666666666665]
3-2 [2.6666666666666665]
3-3 [1.6666666666666667]
4-1 algo
d: 6 w: 9 k: 3
all [2.5, 2.9473684210526314, 2.5, 1.9166666666666667, 2.4166666666666665, 2.5454545454545454, 3.8666666666666667, 3.066666666666667, 2.6785714285714284, 2.25] 

ans 2.668806106174527 

number 0 switch: 2307
number 1 switch: 83
number 2 switch: 0
2-1 [5.6923076923076925, 3.7333333333333334, 3.5833333333333335, 3.4516129032258065, 3.4166666666666665, 3.4074074074074074, 3.230769230769231, 2.5833333333333335, 2.5238095238095237, 6.666666666666667, 6.0, 3.5714285714285716, 3.4444444444444446, 3.0357142857142856, 3.0, 7.538461538461538, 5.416666666666667, 5.0625, 4.666666666666667, 4.133333333333334, 3.25, 3.2, 3.142857142857143, 2.9166666666666665, 2.6666666666666665, 2.5714285714285716, 2.9166666666666665, 8.571428571428571, 5.071428571428571, 3.3333333333333335, 3.3333333333333335, 3.272727272727273, 2.9166666666666665, 2.5714285714285716, 2.466666666666667, 2.4642857142857144, 2.25, 2.2, 2.1333333333333333, 2.0625, 2.0, 1.96875, 1.9285714285714286, 1.9166666666666667, 1.9166666666666667, 2.6666666666666665, 8.083333333333334, 3.923076923076923, 3.0, 3.0, 2.5833333333333335, 2.5833333333333335, 2.5357142857142856, 2.5, 3.142857142857143, 2.5, 7.3076923076923075, 5.083333333333333, 3.1666666666666665, 2.6666666666666665, 4.083333333333333, 3.642857142857143, 3.5555555555555554, 8.0, 5.636363636363637, 3.4166666666666665, 3.4166666666666665, 7.153846153846154, 4.785714285714286, 3.25, 3.0, 2.8181818181818183, 2.6956521739130435, 8.6875, 4.636363636363637, 4.25, 3.5, 3.066666666666667, 2.909090909090909, 2.727272727272727, 2.55, 2.533333333333333, 2.3333333333333335]
2-2 [1.3076923076923077, 0.8, 1.4166666666666667, 0.3225806451612903, 2.5, 0.48148148148148145, 1.2307692307692308, 0.4166666666666667, 0.8095238095238095, 1.6666666666666667, 2.2142857142857144, 1.1428571428571428, 1.1111111111111112, 0.5714285714285714, 1.3333333333333333, 1.2307692307692308, 1.3333333333333333, 1.25, 2.5, 1.5333333333333334, 0.6666666666666666, 1.35, 0.5714285714285714, 1.8333333333333333, 1.4166666666666667, 0.8214285714285714, 1.8333333333333333, 1.5714285714285714, 0.8571428571428571, 1.5, 1.1666666666666667, 1.7272727272727273, 1.25, 0.7142857142857143, 0.9333333333333333, 0.4642857142857143, 1.3333333333333333, 0.43333333333333335, 0.6, 1.125, 0.5357142857142857, 0.65625, 0.7142857142857143, 1.4166666666666667, 1.8333333333333333, 1.9166666666666667, 1.1666666666666667, 1.7692307692307692, 0.9375, 1.1538461538461537, 2.4166666666666665, 1.5, 0.75, 1.0, 1.0, 0.8333333333333334, 1.3076923076923077, 1.75, 1.1666666666666667, 1.3333333333333333, 1.3333333333333333, 0.7142857142857143, 2.8333333333333335, 1.6842105263157894, 0.7272727272727273, 1.3333333333333333, 1.0833333333333333, 1.3076923076923077, 0.42857142857142855, 2.6785714285714284, 1.5833333333333333, 1.7272727272727273, 0.6086956521739131, 1.3125, 1.0909090909090908, 2.25, 1.2857142857142858, 1.3333333333333333, 1.9090909090909092, 1.1818181818181819, 0.85, 1.8666666666666667, 1.8333333333333333]
3-1 []
3-2 []
3-3 []
4-1 algo
d: 5 w: 3 k: 5
all [21.357142857142858, 16.181818181818183, 20.333333333333332, 19.071428571428573, 19.166666666666668, 17.416666666666668, 18.333333333333332, 16.181818181818183, 16.916666666666668, 21.928571428571427] 

ans 18.68874458874459 

number 0 switch: 2287
number 1 switch: 103
number 2 switch: 0
2-1 [25.25, 25.15, 25.083333333333332, 37.916666666666664, 26.09090909090909, 22.583333333333332, 20.923076923076923, 19.666666666666668, 19.357142857142858, 18.727272727272727, 17.956521739130434, 17.545454545454547, 17.333333333333332, 17.0, 16.526315789473685, 33.583333333333336, 31.0, 30.416666666666668, 28.545454545454547, 25.666666666666668, 24.6, 22.083333333333332, 21.333333333333332, 20.428571428571427, 37.0, 31.153846153846153, 30.0, 25.125, 22.76923076923077, 21.833333333333332, 21.833333333333332, 21.333333333333332, 21.071428571428573, 20.818181818181817, 20.035714285714285, 19.6, 28.09090909090909, 27.5, 23.333333333333332, 23.333333333333332, 20.916666666666668, 20.833333333333332, 20.44, 28.416666666666668, 25.583333333333332, 22.363636363636363, 21.833333333333332, 20.416666666666668, 18.916666666666668, 18.5625, 18.454545454545453, 18.25, 18.25, 28.266666666666666, 28.076923076923077, 28.0, 27.142857142857142, 26.642857142857142, 26.066666666666666, 24.266666666666666, 23.38888888888889, 20.88888888888889, 19.904761904761905, 19.736842105263158, 19.25, 18.75, 18.666666666666668, 34.0, 26.636363636363637, 24.35, 22.75, 20.307692307692307, 19.5, 19.416666666666668, 19.416666666666668, 17.833333333333332, 17.75, 17.23076923076923, 17.071428571428573, 17.0, 17.0, 16.545454545454547, 31.636363636363637, 22.933333333333334, 22.333333333333332, 21.76923076923077, 18.0625, 17.75, 17.333333333333332, 17.333333333333332, 34.25, 32.25, 31.166666666666668, 30.0, 27.5, 26.38888888888889, 25.25, 25.25, 24.583333333333332, 23.5, 23.272727272727273, 23.133333333333333, 22.25]
2-2 [12.583333333333334, 12.75, 10.083333333333334, 15.666666666666666, 15.181818181818182, 12.5, 9.923076923076923, 11.733333333333333, 15.857142857142858, 16.181818181818183, 5.913043478260869, 12.090909090909092, 13.416666666666666, 16.0, 11.421052631578947, 13.916666666666666, 13.166666666666666, 12.333333333333334, 12.909090909090908, 7.75, 7.12, 20.333333333333332, 13.166666666666666, 14.5, 15.727272727272727, 12.384615384615385, 10.263157894736842, 10.625, 11.461538461538462, 13.833333333333334, 15.666666666666666, 13.833333333333334, 19.071428571428573, 18.09090909090909, 6.642857142857143, 11.266666666666667, 14.818181818181818, 13.666666666666666, 15.5, 15.0, 14.25, 13.833333333333334, 12.8, 12.083333333333334, 16.166666666666668, 15.909090909090908, 12.416666666666666, 14.833333333333334, 17.416666666666668, 10.1875, 13.636363636363637, 14.583333333333334, 15.166666666666666, 14.133333333333333, 13.384615384615385, 13.692307692307692, 12.0, 10.857142857142858, 14.733333333333333, 12.733333333333333, 7.833333333333333, 13.11111111111111, 7.285714285714286, 10.947368421052632, 13.25, 18.333333333333332, 13.5, 15.583333333333334, 16.181818181818183, 11.4, 15.083333333333334, 13.846153846153847, 14.5, 14.916666666666666, 12.833333333333334, 13.333333333333334, 15.083333333333334, 15.846153846153847, 6.035714285714286, 15.083333333333334, 11.4375, 14.454545454545455, 15.181818181818182, 11.866666666666667, 13.333333333333334, 14.692307692307692, 9.75, 13.333333333333334, 16.916666666666668, 14.5, 13.4375, 14.416666666666666, 14.416666666666666, 13.38888888888889, 21.928571428571427, 7.75, 13.833333333333334, 21.916666666666668, 12.333333333333334, 16.833333333333332, 15.090909090909092, 20.266666666666666, 10.0]
3-1 []
3-2 []
3-3 []
4-1 algo
d: 5 w: 6 k: 5
all [6.333333333333333, 5.545454545454546, 5.5, 6.454545454545454, 6.916666666666667, 6.818181818181818, 9.4, 6.333333333333333, 6.416666666666667, 5.583333333333333] 

ans 6.530151515151514 

number 0 switch: 2291
number 1 switch: 99
number 2 switch: 0
2-1 [71.3076923076923, 12.461538461538462, 11.392857142857142, 11.307692307692308, 10.833333333333334, 9.636363636363637, 8.916666666666666, 8.6, 7.583333333333333, 7.090909090909091, 6.954545454545454, 6.888888888888889, 6.416666666666667, 9.666666666666666, 8.0625, 7.454545454545454, 7.0, 6.75, 6.590909090909091, 7.363636363636363, 6.583333333333333, 6.526315789473684, 7.3076923076923075, 5.666666666666667, 11.0, 10.38888888888889, 9.0625, 8.266666666666667, 7.809523809523809, 7.363636363636363, 7.25, 7.0, 7.0, 6.7368421052631575, 6.583333333333333, 6.416666666666667, 6.333333333333333, 6.142857142857143, 5.545454545454546, 13.846153846153847, 10.714285714285714, 7.818181818181818, 7.8, 7.363636363636363, 7.166666666666667, 7.125, 13.227272727272727, 12.533333333333333, 12.5, 11.105263157894736, 10.454545454545455, 8.8, 7.166666666666667, 6.916666666666667, 19.15, 11.466666666666667, 9.727272727272727, 7.25, 7.0, 7.0, 26.166666666666668, 15.338709677419354, 9.933333333333334, 18.130434782608695, 10.933333333333334, 9.028571428571428, 8.486486486486486, 8.454545454545455, 7.95, 7.916666666666667, 7.75, 7.0, 6.538461538461538, 9.928571428571429, 8.6, 8.3, 8.0625, 7.315789473684211, 7.166666666666667, 6.923076923076923, 27.363636363636363, 16.45, 14.75, 13.35, 10.038461538461538, 8.333333333333334, 8.285714285714286, 8.166666666666666, 7.6571428571428575, 7.333333333333333, 6.923076923076923, 6.5, 6.416666666666667, 6.333333333333333, 6.25, 6.25, 5.933333333333334, 5.88, 5.733333333333333]
2-2 [4.461538461538462, 3.5384615384615383, 1.8928571428571428, 4.3076923076923075, 4.0, 3.090909090909091, 4.666666666666667, 3.4, 3.4166666666666665, 5.0, 5.409090909090909, 3.6666666666666665, 4.583333333333333, 4.333333333333333, 4.4375, 4.363636363636363, 3.6666666666666665, 5.416666666666667, 3.1818181818181817, 5.545454545454546, 4.833333333333333, 4.684210526315789, 3.923076923076923, 4.333333333333333, 5.0, 2.6666666666666665, 4.25, 3.2666666666666666, 2.7142857142857144, 5.090909090909091, 3.75, 5.5, 4.7272727272727275, 3.1052631578947367, 5.0, 4.0, 4.916666666666667, 4.357142857142857, 4.0, 3.3846153846153846, 6.071428571428571, 6.363636363636363, 4.933333333333334, 6.454545454545454, 4.5, 3.375, 2.8181818181818183, 3.2666666666666666, 2.0, 3.4210526315789473, 5.090909090909091, 2.6, 4.666666666666667, 5.0, 2.45, 2.933333333333333, 3.727272727272727, 3.6875, 3.9166666666666665, 4.166666666666667, 4.5, 0.5241935483870968, 9.4, 2.0434782608695654, 5.133333333333334, 1.8857142857142857, 2.054054054054054, 4.090909090909091, 2.85, 3.75, 4.166666666666667, 5.285714285714286, 3.4615384615384617, 4.285714285714286, 1.5, 3.2, 4.0, 2.8947368421052633, 3.8333333333333335, 2.923076923076923, 5.2727272727272725, 2.35, 4.916666666666667, 5.1, 2.3846153846153846, 4.4, 1.7142857142857142, 5.5, 2.857142857142857, 5.0, 5.230769230769231, 5.166666666666667, 4.25, 4.75, 1.34375, 4.25, 3.933333333333333, 3.04, 3.3333333333333335]
3-1 []
3-2 []
3-3 []
[3.4285714285714284, 3.4285714285714284, 3.357142857142857] 244.3.41.84 244.3.167.79
4-1 algo
d: 5 w: 9 k: 5
all [2.7142857142857144, 2.642857142857143, 2.933333333333333, 3.111111111111111, 2.3636363636363638, 2.5789473684210527, 2.727272727272727, 2.7333333333333334, 3.357142857142857, 3.5] 

ans 2.8661919951393635 

number 0 switch: 2268
number 1 switch: 121
number 2 switch: 1
2-1 [9.714285714285714, 8.909090909090908, 6.090909090909091, 5.0, 4.916666666666667, 4.0, 3.1333333333333333, 3.0357142857142856, 2.857142857142857, 2.8, 2.769230769230769, 2.736842105263158, 2.730769230769231, 8.090909090909092, 5.285714285714286, 4.0, 3.75, 3.6666666666666665, 3.6666666666666665, 3.6, 3.5454545454545454, 3.5, 3.411764705882353, 3.1818181818181817, 2.9166666666666665, 2.75, 2.7, 2.65, 6.333333333333333, 5.62, 5.15, 4.916666666666667, 4.7272727272727275, 4.636363636363637, 4.166666666666667, 3.6785714285714284, 3.652173913043478, 3.5, 3.3333333333333335, 3.2857142857142856, 3.272727272727273, 3.1538461538461537, 3.142857142857143, 5.416666666666667, 4.5, 4.230769230769231, 3.857142857142857, 3.2142857142857144, 4.857142857142857, 4.55, 4.416666666666667, 4.357142857142857, 3.769230769230769, 3.6923076923076925, 3.2, 3.0, 3.0, 2.9166666666666665, 2.9166666666666665, 2.75, 3.0, 2.4705882352941178, 2.4166666666666665, 7.916666666666667, 7.818181818181818, 5.214285714285714, 4.666666666666667, 4.428571428571429, 4.0, 3.6923076923076925, 3.5, 3.4285714285714284, 2.9166666666666665, 2.6666666666666665, 2.625, 2.6, 8.066666666666666, 6.4, 6.4, 5.333333333333333, 4.066666666666666, 3.75, 3.3333333333333335, 3.0, 3.0, 5.0, 4.433333333333334, 4.333333333333333, 4.0, 3.892857142857143, 3.8666666666666667, 3.6666666666666665, 3.5833333333333335, 3.533333333333333, 3.5, 3.0, 3.0, 2.9166666666666665, 2.8333333333333335, 2.95, 9.25, 6.857142857142857, 5.416666666666667, 4.833333333333333, 4.5, 4.25, 3.8333333333333335, 3.6153846153846154, 3.5833333333333335, 3.5555555555555554, 3.4, 3.25, 3.1923076923076925, 6.666666666666667, 4.083333333333333, 3.8125, 3.5, 3.466666666666667, 3.4615384615384617, 3.1333333333333333, 3.0833333333333335]
2-2 [0.7142857142857143, 1.6363636363636365, 1.0, 1.3333333333333333, 1.4166666666666667, 2.6666666666666665, 1.6666666666666667, 0.6785714285714286, 2.7142857142857144, 0.9, 1.3076923076923077, 2.6315789473684212, 0.7692307692307693, 2.090909090909091, 1.2857142857142858, 1.2142857142857142, 0.6428571428571429, 1.5, 2.6, 1.6, 2.272727272727273, 2.642857142857143, 0.8823529411764706, 1.8181818181818181, 1.75, 1.4166666666666667, 1.0, 1.05, 0.6666666666666666, 0.32, 2.3, 1.9166666666666667, 1.3636363636363635, 1.4545454545454546, 1.3333333333333333, 0.6428571428571429, 0.6956521739130435, 1.6666666666666667, 1.0, 0.6785714285714286, 1.5454545454545454, 0.9230769230769231, 0.5357142857142857, 1.5, 1.0, 1.8461538461538463, 2.7857142857142856, 0.7142857142857143, 0.5357142857142857, 0.95, 1.4166666666666667, 1.2142857142857142, 1.3076923076923077, 1.6153846153846154, 2.066666666666667, 0.5714285714285714, 1.1666666666666667, 1.5833333333333333, 1.5, 1.0625, 2.3636363636363638, 1.1764705882352942, 1.75, 0.9166666666666666, 1.8636363636363635, 2.142857142857143, 1.8333333333333333, 0.42857142857142855, 1.9166666666666667, 2.0, 1.3571428571428572, 0.5714285714285714, 1.5, 2.0833333333333335, 0.7916666666666666, 0.75, 1.2666666666666666, 2.2, 1.2, 2.0, 1.6666666666666667, 0.42857142857142855, 1.5833333333333333, 1.3333333333333333, 2.727272727272727, 1.8333333333333333, 0.4, 1.0, 1.3076923076923077, 0.9285714285714286, 1.0, 1.5833333333333333, 1.6666666666666667, 2.7333333333333334, 2.0833333333333335, 1.375, 1.75, 1.25, 2.5833333333333335, 1.1, 1.4166666666666667, 1.0714285714285714, 2.0, 1.8888888888888888, 1.75, 2.0, 1.5833333333333333, 1.4615384615384615, 1.6666666666666667, 0.9444444444444444, 1.8, 1.4166666666666667, 2.1538461538461537, 1.5, 1.5, 2.5625, 3.5, 1.1333333333333333, 1.4615384615384615, 1.9333333333333333, 2.75]
3-1 [3.4285714285714284]
3-2 [3.4285714285714284]
3-3 [3.357142857142857]
[11.181818181818182, 3.090909090909091, 2.727272727272727] 244.3.176.149 41.177.3.224
[4.0, 1.9333333333333333, 1.6666666666666667] 164.247.105.218 41.177.26.15
4-1 algo
d: 6 w: 9 k: 5
all [3.6363636363636362, 3.5, 2.4166666666666665, 3.5454545454545454, 1.8333333333333333, 2.727272727272727, 2.5, 2.95, 1.9090909090909092, 2.1666666666666665] 

ans 2.7184848484848487 

number 0 switch: 2274
number 1 switch: 114
number 2 switch: 2
2-1 [5.833333333333333, 5.230769230769231, 5.214285714285714, 4.75, 3.909090909090909, 3.769230769230769, 3.6785714285714284, 7.7272727272727275, 4.5, 3.5, 3.5, 3.1538461538461537, 3.142857142857143, 3.076923076923077, 2.8333333333333335, 2.6666666666666665, 8.142857142857142, 7.533333333333333, 6.0, 3.727272727272727, 3.6363636363636362, 4.583333333333333, 4.0, 3.1666666666666665, 2.892857142857143, 2.533333333333333, 2.5, 2.4705882352941178, 2.3, 2.1666666666666665, 2.142857142857143, 2.0833333333333335, 2.0, 2.0, 2.0, 1.8461538461538463, 1.8333333333333333, 2.1333333333333333, 1.8333333333333333, 5.333333333333333, 4.666666666666667, 4.636363636363637, 4.0, 3.5, 2.5789473684210527, 2.5, 2.357142857142857, 2.730769230769231, 11.083333333333334, 7.454545454545454, 6.266666666666667, 6.230769230769231, 6.153846153846154, 5.214285714285714, 5.041666666666667, 4.428571428571429, 4.25, 4.0, 3.8333333333333335, 3.8333333333333335, 3.25, 3.0, 3.0, 2.85, 3.4285714285714284, 2.875, 2.5833333333333335, 2.5357142857142856, 5.8, 4.384615384615385, 4.066666666666666, 3.9545454545454546, 3.727272727272727, 3.5454545454545454, 3.3214285714285716, 3.25, 11.4375, 5.785714285714286, 4.625, 4.166666666666667, 4.0, 2.8181818181818183, 2.55, 2.5, 2.3157894736842106, 2.2, 2.4166666666666665, 2.1875, 2.15, 2.090909090909091, 2.0833333333333335, 2.0952380952380953, 1.9166666666666667, 8.083333333333334, 6.818181818181818, 4.583333333333333, 4.25, 4.076923076923077, 3.2777777777777777, 2.6818181818181817, 3.1538461538461537, 2.933333333333333, 2.35, 2.3333333333333335, 2.2, 2.1538461538461537, 2.0833333333333335, 2.066666666666667, 2.027027027027027, 2.75, 2.0, 2.1666666666666665, 2.0, 3.4166666666666665]
2-2 [1.75, 2.1538461538461537, 1.6428571428571428, 1.1875, 3.6363636363636362, 1.9230769230769231, 0.6428571428571429, 1.1818181818181819, 2.4166666666666665, 1.4166666666666667, 1.8333333333333333, 1.3846153846153846, 1.7857142857142858, 1.2307692307692308, 1.1666666666666667, 1.6666666666666667, 1.0, 0.6, 0.75, 3.5454545454545454, 1.5454545454545454, 1.1666666666666667, 1.3333333333333333, 1.6666666666666667, 0.6428571428571429, 1.3333333333333333, 0.875, 1.4705882352941178, 0.4666666666666667, 1.6666666666666667, 1.2857142857142858, 1.25, 0.5714285714285714, 1.8333333333333333, 1.4, 1.1538461538461537, 0.75, 1.1333333333333333, 1.5833333333333333, 1.3333333333333333, 1.3333333333333333, 0.8181818181818182, 1.1, 1.1428571428571428, 1.2105263157894737, 0.7692307692307693, 0.7142857142857143, 0.6153846153846154, 2.0833333333333335, 1.4545454545454546, 1.1333333333333333, 1.0, 0.8461538461538461, 0.6428571428571429, 0.875, 2.5, 1.25, 1.8181818181818181, 0.3, 1.25, 1.4166666666666667, 0.9444444444444444, 1.5, 0.95, 1.0714285714285714, 1.125, 1.5833333333333333, 0.7142857142857143, 2.95, 1.2307692307692308, 2.8, 1.0, 1.4545454545454546, 1.2727272727272727, 0.5357142857142857, 0.5, 0.875, 0.8571428571428571, 0.9583333333333334, 1.25, 1.0, 1.1818181818181819, 0.85, 0.5, 1.263157894736842, 1.8, 1.3333333333333333, 1.125, 0.85, 1.9090909090909092, 1.3333333333333333, 0.8095238095238095, 1.5833333333333333, 1.1666666666666667, 1.7272727272727273, 1.4166666666666667, 0.6785714285714286, 1.2307692307692308, 0.8333333333333334, 1.4545454545454546, 1.4615384615384615, 1.2, 1.05, 1.6666666666666667, 0.75, 1.5384615384615385, 1.6666666666666667, 1.0, 1.837837837837838, 0.8571428571428571, 0.5714285714285714, 1.6666666666666667, 0.8260869565217391, 1.3333333333333333]
3-1 [11.181818181818182, 4.0]
3-2 [3.090909090909091, 1.9333333333333333]
3-3 [2.727272727272727, 1.6666666666666667]
