[107.54545454545455, 100.72727272727273, 99.9090909090909] 244.3.176.149 41.177.3.224
4-3 algo
d: 5 w: 3 k: 1
all [108.0, 97.16666666666667, 100.72727272727273, 106.45454545454545, 106.83333333333333, 98.36363636363636, 105.9090909090909, 104.45454545454545, 116.27272727272727, 103.27272727272727] 

ans 104.74545454545455 

number 0 switch: 2339
number 1 switch: 50
number 2 switch: 1
2-1 [126.81818181818181, 126.81818181818181, 126.08333333333333, 115.91666666666667, 111.81818181818181, 130.63636363636363, 126.08333333333333, 105.54545454545455, 103.91666666666667, 103.91666666666667, 99.75, 99.18181818181819, 98.15384615384616, 103.45454545454545, 103.45454545454545, 101.16666666666667, 144.6153846153846, 127.5, 125.2, 109.18181818181819, 106.45454545454545, 200.0, 123.9090909090909, 116.23076923076923, 115.66666666666667, 113.25, 106.83333333333333, 106.83333333333333, 118.91666666666667, 107.33333333333333, 102.45454545454545, 102.38461538461539, 99.76923076923077, 147.45454545454547, 113.54545454545455, 112.36363636363636, 108.84615384615384, 108.83333333333333, 106.2, 174.7391304347826, 108.0, 104.0, 121.5, 120.72727272727273, 120.72727272727273, 119.18181818181819, 121.08333333333333, 110.25, 110.0, 108.36363636363636]
2-2 [108.0, 90.27272727272727, 87.91666666666667, 81.0, 89.0, 87.72727272727273, 80.33333333333333, 96.45454545454545, 92.25, 88.33333333333333, 88.33333333333333, 94.27272727272727, 69.53846153846153, 94.72727272727273, 100.72727272727273, 92.41666666666667, 89.23076923076923, 67.625, 72.8, 106.45454545454545, 96.9090909090909, 72.14285714285714, 96.36363636363636, 79.84615384615384, 106.83333333333333, 88.25, 85.41666666666667, 85.41666666666667, 94.0, 89.41666666666667, 97.63636363636364, 82.46153846153847, 75.61538461538461, 96.18181818181819, 97.0909090909091, 105.9090909090909, 84.23076923076923, 80.0, 71.2, 37.30434782608695, 104.45454545454545, 92.25, 93.41666666666667, 97.36363636363636, 97.36363636363636, 116.27272727272727, 99.25, 102.33333333333333, 103.27272727272727, 101.0]
3-1 [107.54545454545455]
3-2 [100.72727272727273]
3-3 [99.9090909090909]
4-3 algo
d: 5 w: 6 k: 1
all [50.333333333333336, 45.36363636363637, 44.09090909090909, 44.833333333333336, 43.63636363636363, 47.27272727272727, 43.45454545454545, 51.90909090909091, 47.25, 51.36363636363637] 

ans 46.95075757575758 

number 0 switch: 2340
number 1 switch: 50
number 2 switch: 0
2-1 [69.45454545454545, 55.92307692307692, 157.46666666666667, 155.46666666666667, 79.58333333333333, 55.416666666666664, 53.875, 48.61538461538461, 48.61538461538461, 80.66666666666667, 60.5, 60.0, 58.083333333333336, 45.083333333333336, 65.06666666666666, 51.45454545454545, 50.416666666666664, 50.416666666666664, 49.75, 47.84615384615385, 47.333333333333336, 68.72727272727273, 58.69230769230769, 53.75, 50.13333333333333, 49.63636363636363, 48.875, 45.416666666666664, 45.09090909090909, 44.4, 51.666666666666664, 49.916666666666664, 49.916666666666664, 49.53846153846154, 66.0, 46.25, 44.166666666666664, 66.63636363636364, 60.785714285714285, 53.23076923076923, 62.75, 58.75, 58.75, 57.25, 57.25, 51.18181818181818, 48.09090909090909, 47.333333333333336, 52.63636363636363, 51.166666666666664]
2-2 [42.72727272727273, 35.84615384615385, 23.866666666666667, 23.866666666666667, 39.916666666666664, 26.75, 19.8125, 30.53846153846154, 40.30769230769231, 35.0, 37.583333333333336, 35.0, 37.583333333333336, 40.75, 34.266666666666666, 34.36363636363637, 44.833333333333336, 44.833333333333336, 26.3125, 30.692307692307693, 35.916666666666664, 42.45454545454545, 34.84615384615385, 39.583333333333336, 30.066666666666666, 43.63636363636363, 28.125, 30.083333333333332, 38.36363636363637, 34.666666666666664, 37.25, 36.0, 39.166666666666664, 29.76923076923077, 31.833333333333332, 32.8125, 38.0, 51.90909090909091, 30.857142857142858, 39.15384615384615, 41.833333333333336, 43.583333333333336, 37.75, 37.25, 40.75, 42.09090909090909, 47.18181818181818, 45.333333333333336, 51.36363636363637, 41.0]
3-1 []
3-2 []
3-3 []
[28.636363636363637, 26.90909090909091, 19.454545454545453] 41.177.26.176 122.39.210.202
4-3 algo
d: 5 w: 9 k: 1
all [25.76923076923077, 25.90909090909091, 29.25, 25.25, 23.75, 23.166666666666668, 26.363636363636363, 25.583333333333332, 22.454545454545453, 23.25] 

ans 25.07465034965035 

number 0 switch: 2331
number 1 switch: 58
number 2 switch: 1
2-1 [32.333333333333336, 26.083333333333332, 26.0, 25.833333333333332, 25.833333333333332, 30.454545454545453, 26.333333333333332, 26.333333333333332, 35.90909090909091, 33.583333333333336, 31.565217391304348, 29.4375, 29.384615384615383, 28.642857142857142, 28.583333333333332, 39.0, 27.818181818181817, 27.75, 42.666666666666664, 35.583333333333336, 31.75, 29.727272727272727, 28.11111111111111, 27.666666666666668, 27.333333333333332, 26.916666666666668, 28.25, 28.25, 27.0, 26.583333333333332, 24.6, 24.333333333333332, 24.166666666666668, 23.916666666666668, 23.4375, 33.0, 27.846153846153847, 27.0, 31.583333333333332, 27.25, 27.09090909090909, 34.833333333333336, 32.09090909090909, 27.833333333333332, 26.666666666666668, 23.666666666666668, 23.25, 22.8125, 22.5, 23.166666666666668, 30.5, 26.666666666666668, 25.0, 24.8, 24.636363636363637, 25.384615384615383, 23.666666666666668, 23.25]
2-2 [22.583333333333332, 20.666666666666668, 20.5, 22.25, 16.916666666666668, 24.181818181818183, 15.5, 15.466666666666667, 14.818181818181818, 29.25, 8.304347826086957, 17.8125, 14.538461538461538, 16.714285714285715, 13.5, 20.833333333333332, 20.363636363636363, 16.416666666666668, 15.25, 17.25, 18.75, 16.454545454545453, 14.61111111111111, 18.583333333333332, 22.666666666666668, 19.666666666666668, 13.25, 23.083333333333332, 20.416666666666668, 12.416666666666666, 13.733333333333333, 19.416666666666668, 16.416666666666668, 15.833333333333334, 11.625, 21.916666666666668, 21.153846153846153, 17.818181818181817, 25.583333333333332, 16.125, 15.545454545454545, 17.416666666666668, 21.90909090909091, 20.583333333333332, 18.733333333333334, 18.0, 18.333333333333332, 12.8125, 20.583333333333332, 19.083333333333332, 20.666666666666668, 21.25, 22.818181818181817, 12.55, 22.181818181818183, 15.846153846153847, 18.5, 16.0]
3-1 [28.636363636363637]
3-2 [26.90909090909091]
3-3 [19.454545454545453]
4-3 algo
d: 6 w: 9 k: 1
all [23.90909090909091, 23.25, 22.545454545454547, 22.583333333333332, 22.833333333333332, 25.363636363636363, 22.916666666666668, 22.5, 21.25, 32.75] 

ans 23.990151515151513 

number 0 switch: 2335
number 1 switch: 55
number 2 switch: 0
2-1 [27.666666666666668, 25.866666666666667, 25.181818181818183, 45.75, 24.0, 23.916666666666668, 24.5, 24.181818181818183, 23.545454545454547, 22.846153846153847, 22.833333333333332, 22.545454545454547, 38.785714285714285, 30.363636363636363, 25.533333333333335, 25.181818181818183, 23.75, 22.583333333333332, 38.63636363636363, 33.083333333333336, 32.666666666666664, 32.63636363636363, 31.333333333333332, 31.083333333333332, 29.0, 27.666666666666668, 25.181818181818183, 41.25, 33.166666666666664, 30.727272727272727, 29.833333333333332, 28.818181818181817, 28.333333333333332, 30.533333333333335, 30.416666666666668, 28.5, 27.5, 24.818181818181817, 23.4, 23.333333333333332, 29.416666666666668, 25.416666666666668, 25.416666666666668, 24.727272727272727, 32.166666666666664, 26.866666666666667, 25.09090909090909, 24.0, 24.571428571428573, 22.833333333333332, 22.666666666666668, 22.166666666666668, 22.533333333333335, 50.0, 35.666666666666664]
2-2 [17.5, 14.333333333333334, 23.90909090909091, 19.916666666666668, 21.0, 16.75, 18.333333333333332, 14.090909090909092, 22.545454545454547, 18.307692307692307, 12.833333333333334, 18.636363636363637, 13.071428571428571, 16.363636363636363, 15.466666666666667, 18.363636363636363, 19.5, 16.666666666666668, 15.818181818181818, 19.333333333333332, 17.583333333333332, 19.0, 22.833333333333332, 20.083333333333332, 17.0, 15.916666666666666, 22.818181818181817, 23.166666666666668, 19.083333333333332, 20.545454545454547, 14.916666666666666, 20.181818181818183, 19.25, 12.266666666666667, 19.833333333333332, 22.916666666666668, 12.75, 19.09090909090909, 17.466666666666665, 22.333333333333332, 12.166666666666666, 22.5, 12.666666666666666, 21.545454545454547, 12.916666666666666, 15.733333333333333, 17.818181818181817, 18.333333333333332, 15.5, 20.833333333333332, 20.666666666666668, 21.25, 14.466666666666667, 16.5, 32.75]
3-1 []
3-2 []
3-3 []
4-3 algo
d: 5 w: 3 k: 3
all [106.27272727272727, 102.0909090909091, 98.0, 102.54545454545455, 107.9090909090909, 97.91666666666667, 106.54545454545455, 109.72727272727273, 89.0909090909091, 96.72727272727273] 

ans 101.68257575757576 

number 0 switch: 2303
number 1 switch: 87
number 2 switch: 0
2-1 [127.0, 119.63636363636364, 116.33333333333333, 112.0, 111.0, 108.27272727272727, 115.83333333333333, 106.84615384615384, 106.35714285714286, 105.58333333333333, 105.58333333333333, 104.0, 104.0, 103.81818181818181, 102.63636363636364, 102.63636363636364, 185.5625, 126.0, 123.375, 119.6923076923077, 119.6923076923077, 118.25, 110.33333333333333, 106.25, 106.03571428571429, 103.36363636363636, 103.08333333333333, 301.46666666666664, 125.0, 118.25, 109.5, 104.53333333333333, 104.0909090909091, 103.75, 141.54545454545453, 132.91666666666666, 129.66666666666666, 110.66666666666667, 108.18181818181819, 107.9090909090909, 130.91666666666666, 116.72727272727273, 111.91666666666667, 106.91666666666667, 105.73333333333333, 105.73333333333333, 106.9090909090909, 102.41666666666667, 101.75, 100.72727272727273, 99.33333333333333, 99.33333333333333, 98.61538461538461, 125.81818181818181, 124.18181818181819, 117.66666666666667, 117.27272727272727, 108.4375, 107.41666666666667, 107.0, 113.25, 112.72727272727273, 111.72727272727273, 110.5, 166.07692307692307, 164.1818181818182, 110.125, 105.16666666666667, 105.16666666666667, 105.16666666666667, 101.16666666666667, 99.45454545454545, 94.16666666666667, 93.33333333333333, 93.33333333333333, 91.0909090909091, 153.40740740740742, 118.0, 112.63636363636364, 109.58333333333333, 107.84615384615384, 104.0909090909091, 101.66666666666667, 100.0, 100.0, 97.4, 97.0]
2-2 [103.0, 103.0, 91.16666666666667, 97.75, 100.36363636363636, 103.0909090909091, 93.0, 88.0, 79.57142857142857, 93.16666666666667, 93.0, 88.33333333333333, 94.0, 96.45454545454545, 102.0909090909091, 96.45454545454545, 70.8125, 42.130434782608695, 40.333333333333336, 82.76923076923077, 82.76923076923077, 89.58333333333333, 81.66666666666667, 89.08333333333333, 38.785714285714285, 97.0, 89.58333333333333, 74.93333333333334, 67.25, 93.91666666666667, 65.5625, 71.06666666666666, 102.54545454545455, 87.75, 97.27272727272727, 92.58333333333333, 97.58333333333333, 84.83333333333333, 107.9090909090909, 92.63636363636364, 97.91666666666667, 84.18181818181819, 84.0, 96.41666666666667, 79.53333333333333, 78.13333333333334, 84.18181818181819, 96.41666666666667, 77.08333333333333, 91.72727272727273, 77.08333333333333, 84.0, 83.0, 98.0, 98.54545454545455, 89.25, 106.54545454545455, 55.125, 90.25, 90.25, 83.83333333333333, 109.72727272727273, 91.54545454545455, 88.0, 77.38461538461539, 88.36363636363636, 58.5, 83.91666666666667, 81.58333333333333, 80.91666666666667, 80.91666666666667, 89.0909090909091, 78.33333333333333, 78.33333333333333, 78.33333333333333, 88.36363636363636, 38.925925925925924, 87.25, 96.0, 87.25, 87.92307692307692, 96.36363636363636, 88.25, 87.91666666666667, 88.25, 70.66666666666667, 87.25]
3-1 []
3-2 []
3-3 []
4-3 algo
d: 5 w: 6 k: 3
all [46.5, 44.166666666666664, 42.72727272727273, 45.36363636363637, 41.5, 41.45454545454545, 42.583333333333336, 40.81818181818182, 39.81818181818182, 44.81818181818182] 

ans 42.974999999999994 

number 0 switch: 2307
number 1 switch: 83
number 2 switch: 0
2-1 [81.1, 47.90909090909091, 47.18181818181818, 60.333333333333336, 50.45454545454545, 48.90909090909091, 47.666666666666664, 47.583333333333336, 46.833333333333336, 46.166666666666664, 46.166666666666664, 56.916666666666664, 52.916666666666664, 45.0, 45.0, 43.27272727272727, 42.4375, 42.13333333333333, 42.45454545454545, 41.81818181818182, 52.083333333333336, 50.916666666666664, 48.666666666666664, 47.75, 47.45454545454545, 47.07692307692308, 47.07692307692308, 46.38461538461539, 217.9375, 53.36363636363637, 53.0, 52.27272727272727, 50.0, 47.833333333333336, 44.75, 44.666666666666664, 41.875, 41.8, 234.8, 62.583333333333336, 52.666666666666664, 52.0, 45.8125, 50.785714285714285, 50.5, 47.0, 45.81818181818182, 45.45454545454545, 44.583333333333336, 43.833333333333336, 43.083333333333336, 42.583333333333336, 201.0, 56.166666666666664, 47.0, 45.583333333333336, 44.75, 41.0, 111.5, 74.76923076923077, 70.0, 66.4, 66.2, 62.0, 60.53333333333333, 49.46666666666667, 48.166666666666664, 46.3125, 44.0, 41.05555555555556, 40.90909090909091, 40.54545454545455, 64.5, 64.5, 59.46153846153846, 48.916666666666664, 46.666666666666664, 46.666666666666664, 46.333333333333336, 46.27272727272727, 45.90909090909091, 45.27272727272727, 44.833333333333336]
2-2 [13.133333333333333, 45.63636363636363, 35.0, 22.0, 39.0, 36.27272727272727, 44.166666666666664, 36.75, 35.666666666666664, 39.5, 36.75, 37.333333333333336, 37.333333333333336, 32.833333333333336, 28.833333333333332, 42.72727272727273, 28.0625, 30.866666666666667, 41.27272727272727, 41.0, 37.416666666666664, 42.416666666666664, 41.583333333333336, 35.416666666666664, 44.36363636363637, 32.07692307692308, 32.61538461538461, 32.92307692307692, 25.125, 37.27272727272727, 29.0, 41.36363636363637, 34.916666666666664, 41.5, 36.916666666666664, 32.25, 28.4375, 33.0, 27.533333333333335, 35.75, 35.75, 41.45454545454545, 33.375, 36.285714285714285, 37.166666666666664, 25.333333333333332, 32.72727272727273, 38.09090909090909, 34.5, 42.583333333333336, 34.833333333333336, 36.916666666666664, 33.69230769230769, 26.5, 35.916666666666664, 34.333333333333336, 35.916666666666664, 39.27272727272727, 33.666666666666664, 31.384615384615383, 31.0, 27.066666666666666, 26.733333333333334, 25.75, 21.533333333333335, 21.533333333333335, 36.416666666666664, 25.0, 34.75, 22.77777777777778, 39.09090909090909, 39.81818181818182, 34.333333333333336, 34.333333333333336, 30.76923076923077, 37.0, 0.0, 40.416666666666664, 34.333333333333336, 40.63636363636363, 44.81818181818182, 43.27272727272727, 35.916666666666664]
3-1 []
3-2 []
3-3 []
[26.818181818181817, 24.272727272727273, 0.0] 41.177.241.46 151.77.15.40
4-3 algo
d: 5 w: 9 k: 3
all [25.416666666666668, 26.363636363636363, 23.75, 25.818181818181817, 24.181818181818183, 21.846153846153847, 21.916666666666668, 22.5, 21.583333333333332, 22.09090909090909] 

ans 23.546736596736597 

number 0 switch: 2314
number 1 switch: 75
number 2 switch: 1
2-1 [28.333333333333332, 27.454545454545453, 27.23076923076923, 26.866666666666667, 26.666666666666668, 25.916666666666668, 36.666666666666664, 32.333333333333336, 30.933333333333334, 29.133333333333333, 28.857142857142858, 28.181818181818183, 27.307692307692307, 26.875, 38.5, 32.36363636363637, 25.916666666666668, 25.916666666666668, 25.615384615384617, 25.46153846153846, 23.75, 23.916666666666668, 34.166666666666664, 31.25, 26.25, 26.0, 25.636363636363637, 25.25, 24.583333333333332, 24.25, 36.90909090909091, 28.916666666666668, 26.615384615384617, 23.75, 23.0, 22.38888888888889, 28.75, 29.272727272727273, 28.666666666666668, 26.454545454545453, 24.583333333333332, 23.727272727272727, 23.0, 23.0, 22.0, 22.0, 21.875, 21.5, 21.294117647058822, 30.916666666666668, 30.90909090909091, 30.083333333333332, 29.90909090909091, 26.916666666666668, 26.583333333333332, 26.0625, 23.9375, 22.73913043478261, 22.375, 29.272727272727273, 29.0, 27.666666666666668, 23.307692307692307, 22.583333333333332, 21.833333333333332, 21.833333333333332, 21.833333333333332, 30.272727272727273, 26.25, 24.75, 22.833333333333332, 22.666666666666668, 22.09090909090909, 22.09090909090909, 21.833333333333332]
2-2 [14.0, 20.90909090909091, 16.307692307692307, 17.2, 25.416666666666668, 20.5, 24.833333333333332, 22.0, 15.133333333333333, 13.4, 17.5, 26.363636363636363, 17.76923076923077, 13.625, 17.666666666666668, 15.818181818181818, 18.416666666666668, 17.5, 16.615384615384617, 16.923076923076923, 14.1875, 19.333333333333332, 15.083333333333334, 15.333333333333334, 19.916666666666668, 17.333333333333332, 24.181818181818183, 16.166666666666668, 17.166666666666668, 20.0, 21.636363636363637, 16.25, 21.846153846153847, 18.333333333333332, 19.75, 12.11111111111111, 20.5, 19.181818181818183, 18.833333333333332, 20.0, 21.916666666666668, 18.0, 16.46153846153846, 14.923076923076923, 0.0, 21.0, 14.0, 18.416666666666668, 14.058823529411764, 17.75, 21.363636363636363, 17.083333333333332, 20.454545454545453, 22.5, 19.5, 16.5, 18.875, 9.304347826086957, 16.625, 17.181818181818183, 18.636363636363637, 20.75, 14.384615384615385, 17.0, 21.583333333333332, 19.75, 18.25, 21.09090909090909, 20.333333333333332, 21.333333333333332, 17.916666666666668, 21.083333333333332, 22.09090909090909, 18.818181818181817, 20.75]
3-1 [26.818181818181817]
3-2 [24.272727272727273]
3-3 [0.0]
4-3 algo
d: 6 w: 9 k: 3
all [22.083333333333332, 20.916666666666668, 22.25, 21.0, 20.916666666666668, 22.166666666666668, 19.916666666666668, 20.692307692307693, 26.272727272727273, 20.916666666666668] 

ans 21.71317016317016 

number 0 switch: 2291
number 1 switch: 99
number 2 switch: 0
2-1 [33.36363636363637, 28.25, 27.25, 25.083333333333332, 25.0, 23.866666666666667, 23.5625, 23.166666666666668, 22.363636363636363, 22.666666666666668, 22.166666666666668, 31.5, 29.25, 27.333333333333332, 26.733333333333334, 25.0, 23.846153846153847, 23.363636363636363, 22.09090909090909, 21.583333333333332, 21.466666666666665, 21.208333333333332, 21.333333333333332, 21.2, 48.916666666666664, 35.916666666666664, 35.8, 28.375, 27.53846153846154, 27.5, 26.916666666666668, 23.833333333333332, 22.357142857142858, 32.92307692307692, 29.545454545454547, 29.5, 25.928571428571427, 25.636363636363637, 23.416666666666668, 23.416666666666668, 24.0, 22.357142857142858, 22.083333333333332, 22.076923076923077, 21.90909090909091, 21.53846153846154, 21.333333333333332, 21.076923076923077, 32.75, 32.23076923076923, 27.166666666666668, 26.105263157894736, 25.916666666666668, 23.6, 23.0, 23.0, 22.166666666666668, 21.666666666666668, 30.25, 30.181818181818183, 27.25, 24.583333333333332, 23.533333333333335, 24.4, 21.916666666666668, 30.8, 28.0, 23.416666666666668, 22.2, 21.09090909090909, 20.75, 21.416666666666668, 38.083333333333336, 35.46153846153846, 30.466666666666665, 28.25, 24.09090909090909, 21.416666666666668, 20.875, 20.76923076923077, 34.72727272727273, 34.18181818181818, 32.0, 31.25, 29.466666666666665, 27.071428571428573, 28.666666666666668, 26.0, 25.545454545454547, 24.583333333333332, 23.666666666666668, 23.0, 22.90909090909091, 23.0, 22.454545454545453, 22.083333333333332, 22.083333333333332, 21.454545454545453, 21.416666666666668]
2-2 [19.90909090909091, 17.0, 17.833333333333332, 18.166666666666668, 17.0, 14.0, 13.875, 20.416666666666668, 14.636363636363637, 17.083333333333332, 17.583333333333332, 13.3125, 17.916666666666668, 17.0, 14.533333333333333, 19.416666666666668, 14.076923076923077, 19.90909090909091, 19.363636363636363, 18.166666666666668, 10.333333333333334, 7.625, 17.583333333333332, 14.333333333333334, 16.083333333333332, 20.083333333333332, 14.4, 11.4375, 17.0, 13.5, 22.25, 15.833333333333334, 17.285714285714285, 15.76923076923077, 20.0, 16.75, 15.285714285714286, 20.272727272727273, 17.333333333333332, 20.083333333333332, 18.583333333333332, 13.571428571428571, 19.583333333333332, 18.23076923076923, 18.363636363636363, 15.923076923076923, 21.0, 18.53846153846154, 18.666666666666668, 20.0, 20.916666666666668, 13.31578947368421, 17.666666666666668, 10.533333333333333, 19.583333333333332, 17.333333333333332, 17.333333333333332, 19.333333333333332, 22.166666666666668, 16.90909090909091, 15.166666666666666, 16.083333333333332, 12.666666666666666, 13.8, 15.333333333333334, 12.466666666666667, 19.916666666666668, 16.5, 15.6, 17.272727272727273, 15.8125, 13.083333333333334, 17.833333333333332, 15.846153846153847, 14.466666666666667, 18.75, 16.636363636363637, 19.083333333333332, 14.5625, 15.923076923076923, 17.181818181818183, 24.09090909090909, 14.333333333333334, 22.25, 14.6, 15.642857142857142, 20.916666666666668, 20.166666666666668, 16.363636363636363, 16.416666666666668, 13.2, 20.5, 17.363636363636363, 20.916666666666668, 18.727272727272727, 17.583333333333332, 17.583333333333332, 16.363636363636363, 17.833333333333332]
3-1 []
3-2 []
3-3 []
4-3 algo
d: 5 w: 3 k: 5
all [97.54545454545455, 103.45454545454545, 97.9090909090909, 98.75, 97.0909090909091, 99.0, 100.58333333333333, 98.33333333333333, 102.45454545454545, 93.91666666666667] 

ans 98.90378787878788 

number 0 switch: 2306
number 1 switch: 84
number 2 switch: 0
2-1 [119.08333333333333, 115.9090909090909, 108.5, 104.14285714285714, 103.16666666666667, 102.81818181818181, 102.41666666666667, 102.41666666666667, 101.63636363636364, 99.25, 99.25, 99.25, 100.0, 135.27272727272728, 114.3076923076923, 106.0909090909091, 105.63636363636364, 343.0833333333333, 105.36363636363636, 104.18181818181819, 104.16666666666667, 98.08333333333333, 97.6923076923077, 127.75, 111.92307692307692, 111.0909090909091, 109.91666666666667, 108.18181818181819, 106.45454545454545, 106.14285714285714, 102.13333333333334, 99.91666666666667, 99.08333333333333, 99.08333333333333, 99.08333333333333, 99.08333333333333, 98.75, 98.75, 146.78571428571428, 132.72727272727272, 124.36363636363636, 116.0, 116.0, 112.0, 109.5, 105.83333333333333, 105.83333333333333, 101.66666666666667, 101.66666666666667, 100.53846153846153, 97.0909090909091, 122.81818181818181, 115.91666666666667, 114.38461538461539, 109.41666666666667, 108.36363636363636, 105.36363636363636, 114.5, 113.66666666666667, 110.63636363636364, 107.16666666666667, 101.53333333333333, 101.33333333333333, 101.33333333333333, 101.33333333333333, 101.33333333333333, 100.58333333333333, 100.58333333333333, 188.36363636363637, 118.3076923076923, 118.3076923076923, 101.72727272727273, 101.45454545454545, 101.08333333333333, 98.83333333333333, 98.83333333333333, 115.58333333333333, 112.32142857142857, 105.9090909090909, 230.21052631578948, 117.25, 104.08333333333333, 103.45454545454545, 97.0]
2-2 [93.08333333333333, 97.54545454545455, 95.5, 80.0, 90.75, 92.9090909090909, 86.83333333333333, 90.75, 92.9090909090909, 88.5, 90.75, 89.33333333333333, 72.4, 91.36363636363636, 83.6923076923077, 103.45454545454545, 92.27272727272727, 89.66666666666667, 92.27272727272727, 84.45454545454545, 84.5, 77.33333333333333, 82.6923076923077, 90.0, 79.07692307692308, 95.63636363636364, 87.58333333333333, 95.63636363636364, 97.36363636363636, 74.92857142857143, 69.86666666666666, 98.75, 90.0, 87.58333333333333, 91.0, 80.75, 87.58333333333333, 91.0, 38.714285714285715, 92.36363636363636, 88.18181818181819, 92.33333333333333, 92.5, 72.35714285714286, 88.91666666666667, 92.5, 80.75, 92.5, 85.16666666666667, 78.0, 92.36363636363636, 99.0, 85.75, 88.07692307692308, 82.08333333333333, 96.54545454545455, 89.63636363636364, 92.75, 99.83333333333333, 94.18181818181819, 85.66666666666667, 71.66666666666667, 87.08333333333333, 86.25, 81.83333333333333, 100.58333333333333, 89.25, 85.66666666666667, 90.18181818181819, 74.3076923076923, 74.3076923076923, 96.54545454545455, 96.54545454545455, 89.75, 91.75, 82.58333333333333, 88.91666666666667, 38.5, 102.45454545454545, 50.78947368421053, 83.66666666666667, 81.0, 88.45454545454545, 81.0]
3-1 []
3-2 []
3-3 []
4-3 algo
d: 5 w: 6 k: 5
all [45.90909090909091, 44.45454545454545, 48.25, 48.63636363636363, 42.36363636363637, 44.0, 41.63636363636363, 44.54545454545455, 44.36363636363637, 39.583333333333336] 

ans 44.374242424242425 

number 0 switch: 2327
number 1 switch: 63
number 2 switch: 0
2-1 [143.25, 67.33333333333333, 53.09090909090909, 49.45454545454545, 48.40277777777778, 48.09090909090909, 116.1, 60.76923076923077, 75.6, 55.333333333333336, 54.92307692307692, 54.25, 55.166666666666664, 55.09090909090909, 50.416666666666664, 49.90909090909091, 49.72727272727273, 51.0625, 47.6875, 47.53333333333333, 46.45454545454545, 45.166666666666664, 43.81818181818182, 43.36363636363637, 43.30769230769231, 201.75, 68.81818181818181, 51.18181818181818, 47.72727272727273, 47.0, 46.833333333333336, 47.416666666666664, 45.93333333333333, 76.25, 57.72727272727273, 56.3125, 55.46153846153846, 48.54545454545455, 46.916666666666664, 45.642857142857146, 44.416666666666664, 42.416666666666664, 42.23076923076923, 75.66666666666667, 48.916666666666664, 47.833333333333336, 53.333333333333336, 47.09090909090909, 46.6, 45.25, 44.5, 142.73333333333332, 77.14285714285714, 62.18181818181818, 55.0, 49.583333333333336, 48.0, 43.8, 42.0, 41.54545454545455, 41.416666666666664, 41.333333333333336, 40.75]
2-2 [24.9375, 31.75, 45.90909090909091, 38.81818181818182, 4.763888888888889, 37.09090909090909, 10.5, 36.30769230769231, 26.333333333333332, 48.25, 29.923076923076923, 38.666666666666664, 41.583333333333336, 43.45454545454545, 41.583333333333336, 45.45454545454545, 32.81818181818182, 26.6875, 30.3125, 30.6, 40.90909090909091, 34.583333333333336, 39.27272727272727, 42.36363636363637, 33.07692307692308, 28.166666666666668, 44.0, 43.18181818181818, 28.90909090909091, 31.0, 37.916666666666664, 38.0, 0.0, 26.3125, 41.09090909090909, 25.6875, 33.69230769230769, 41.27272727272727, 41.583333333333336, 32.5, 41.166666666666664, 36.5, 33.69230769230769, 29.2, 35.666666666666664, 41.416666666666664, 32.333333333333336, 44.36363636363637, 18.55, 31.583333333333332, 37.083333333333336, 29.133333333333333, 15.535714285714286, 34.18181818181818, 36.666666666666664, 31.166666666666668, 33.833333333333336, 34.0, 37.0, 36.90909090909091, 33.833333333333336, 33.75, 34.75]
3-1 []
3-2 []
3-3 []
[28.181818181818183, 23.09090909090909, 22.272727272727273] 244.3.176.149 41.177.3.224
4-3 algo
d: 5 w: 9 k: 5
all [24.545454545454547, 22.25, 20.615384615384617, 23.333333333333332, 22.363636363636363, 23.333333333333332, 22.083333333333332, 25.833333333333332, 23.0, 29.166666666666668] 

ans 23.65244755244755 

number 0 switch: 2308
number 1 switch: 81
number 2 switch: 1
2-1 [32.666666666666664, 28.0, 28.0, 27.181818181818183, 26.666666666666668, 26.5, 26.363636363636363, 26.09090909090909, 25.181818181818183, 35.5, 30.25, 25.4, 23.454545454545453, 23.166666666666668, 22.666666666666668, 22.666666666666668, 31.214285714285715, 30.733333333333334, 29.416666666666668, 26.583333333333332, 25.53846153846154, 24.636363636363637, 23.666666666666668, 23.0, 22.75, 22.583333333333332, 22.333333333333332, 21.466666666666665, 21.181818181818183, 20.916666666666668, 33.45454545454545, 30.583333333333332, 30.5, 26.833333333333332, 24.727272727272727, 24.363636363636363, 24.307692307692307, 23.916666666666668, 23.583333333333332, 23.5, 23.333333333333332, 33.666666666666664, 33.46153846153846, 27.545454545454547, 25.88888888888889, 25.733333333333334, 24.76923076923077, 24.545454545454547, 24.416666666666668, 22.76923076923077, 22.75, 22.5, 33.61538461538461, 30.833333333333332, 29.5, 29.166666666666668, 27.875, 27.75, 37.583333333333336, 32.5, 30.416666666666668, 26.916666666666668, 23.272727272727273, 22.818181818181817, 33.083333333333336, 29.23076923076923, 27.166666666666668, 25.636363636363637, 25.416666666666668, 25.272727272727273, 25.0, 25.416666666666668, 25.0, 28.916666666666668, 27.916666666666668, 25.583333333333332, 25.0, 23.857142857142858, 23.272727272727273, 23.272727272727273, 30.0]
2-2 [22.416666666666668, 16.2, 13.933333333333334, 23.09090909090909, 19.166666666666668, 19.416666666666668, 24.545454545454547, 21.454545454545453, 21.545454545454547, 21.416666666666668, 17.25, 11.133333333333333, 19.09090909090909, 18.166666666666668, 0.0, 22.25, 13.571428571428571, 15.066666666666666, 18.0, 18.0, 20.615384615384617, 0.0, 19.333333333333332, 17.5, 13.1875, 18.5, 17.083333333333332, 14.933333333333334, 17.545454545454547, 18.333333333333332, 19.09090909090909, 18.416666666666668, 19.833333333333332, 20.833333333333332, 17.545454545454547, 21.181818181818183, 14.615384615384615, 18.416666666666668, 17.833333333333332, 23.333333333333332, 19.833333333333332, 17.833333333333332, 18.23076923076923, 20.454545454545453, 15.277777777777779, 15.666666666666666, 19.692307692307693, 22.0, 18.666666666666668, 18.0, 19.75, 21.166666666666668, 18.0, 22.416666666666668, 15.214285714285714, 20.0, 14.75, 15.5, 17.166666666666668, 22.083333333333332, 17.416666666666668, 16.25, 21.09090909090909, 21.272727272727273, 23.583333333333332, 19.307692307692307, 25.833333333333332, 21.90909090909091, 24.0, 19.363636363636363, 19.307692307692307, 17.333333333333332, 23.0, 18.75, 18.916666666666668, 21.833333333333332, 20.833333333333332, 8.464285714285714, 16.636363636363637, 23.0, 19.363636363636363]
3-1 [28.181818181818183]
3-2 [23.09090909090909]
3-3 [22.272727272727273]
4-3 algo
d: 6 w: 9 k: 5
all [20.416666666666668, 20.583333333333332, 21.454545454545453, 21.636363636363637, 24.0, 25.75, 20.363636363636363, 19.363636363636363, 21.818181818181817, 19.545454545454547] 

ans 21.493181818181817 

number 0 switch: 2311
number 1 switch: 79
number 2 switch: 0
2-1 [30.833333333333332, 25.818181818181817, 23.166666666666668, 21.384615384615383, 21.25, 33.733333333333334, 26.692307692307693, 26.636363636363637, 26.545454545454547, 25.923076923076923, 24.666666666666668, 23.416666666666668, 23.0, 21.083333333333332, 20.916666666666668, 20.916666666666668, 30.615384615384617, 28.666666666666668, 27.416666666666668, 26.5, 24.833333333333332, 24.25, 23.916666666666668, 23.545454545454547, 23.363636363636363, 22.928571428571427, 22.363636363636363, 21.833333333333332, 21.533333333333335, 40.0, 35.666666666666664, 28.53846153846154, 26.25, 26.25, 22.333333333333332, 22.083333333333332, 21.8125, 31.272727272727273, 29.727272727272727, 28.583333333333332, 34.93333333333333, 27.5, 27.071428571428573, 26.357142857142858, 28.25, 28.09090909090909, 25.636363636363637, 24.083333333333332, 23.416666666666668, 22.076923076923077, 21.916666666666668, 21.666666666666668, 21.0, 20.9375, 20.9375, 20.416666666666668, 33.72727272727273, 25.833333333333332, 25.055555555555557, 22.875, 20.923076923076923, 20.5, 19.75, 19.545454545454547, 33.36363636363637, 28.083333333333332, 24.583333333333332, 24.545454545454547, 24.25, 24.0, 23.23076923076923, 27.3125, 26.181818181818183, 22.5, 20.833333333333332, 20.363636363636363, 20.25, 20.25, 19.733333333333334]
2-2 [14.416666666666666, 17.181818181818183, 17.75, 13.153846153846153, 19.416666666666668, 18.4, 15.153846153846153, 20.454545454545453, 20.272727272727273, 14.615384615384615, 20.0, 18.5, 16.272727272727273, 17.25, 20.0, 18.333333333333332, 15.692307692307692, 11.8, 18.333333333333332, 17.083333333333332, 17.416666666666668, 16.75, 15.0, 20.636363636363637, 15.909090909090908, 14.928571428571429, 21.454545454545453, 17.166666666666668, 13.466666666666667, 17.181818181818183, 16.166666666666668, 16.46153846153846, 17.416666666666668, 15.25, 18.583333333333332, 13.75, 11.875, 20.727272727272727, 20.636363636363637, 18.0, 13.933333333333334, 18.0, 14.571428571428571, 15.642857142857142, 15.416666666666666, 16.545454545454547, 20.363636363636363, 15.666666666666666, 17.666666666666668, 17.53846153846154, 20.25, 18.583333333333332, 19.90909090909091, 12.5625, 15.0, 18.25, 18.454545454545453, 13.583333333333334, 12.444444444444445, 11.8125, 12.23076923076923, 14.666666666666666, 16.666666666666668, 19.363636363636363, 18.545454545454547, 18.583333333333332, 19.583333333333332, 19.0, 15.666666666666666, 16.083333333333332, 18.0, 14.6875, 18.09090909090909, 18.333333333333332, 17.333333333333332, 10.636363636363637, 14.6875, 18.333333333333332, 12.866666666666667]
3-1 []
3-2 []
3-3 []
