4 base3
d: 5 w: 3 k: 1
all [428.0] 

ans 428.0 

4_baseline3_switch_ 0 = 313
4_baseline3_switch_ 1 = 250
4_baseline3_switch_ 2 = 211
4_baseline3_switch_ 3 = 271
4_baseline3_switch_ 4 = 198
4_baseline3_switch_ 5 = 198
4_baseline3_switch_ 6 = 238
4_baseline3_switch_ 7 = 225
4_baseline3_switch_ 8 = 552
4_baseline3_switch_ 9 = 552
4_baseline3_switch_ 10 = 498
4_baseline3_switch_ 11 = 476
4_baseline3_switch_ 12 = 432
4_baseline3_switch_ 13 = 414
4_baseline3_switch_ 14 = 476
4_baseline3_switch_ 15 = 486
4_baseline3_switch_ 16 = 498
4_baseline3_switch_ 17 = 498
4_baseline3_switch_ 18 = 494
4_baseline3_switch_ 19 = 492
pass through [313, 250, 211, 271, 198, 198, 238, 225, 552, 552, 498, 476, 432, 414, 476, 486, 498, 498, 494, 492]
num_of_flow_store_in_switch [10, 10, 9, 10, 14, 11, 11, 10, 13, 15, 12, 14, 11, 12, 13, 13, 14, 11, 14, 12]
switch 0 are [0.125, 0.07348242811501597, 0.26732673267326734, 0.14453125, 0.10194174757281553, 0.034934497816593885, 12.583333333333334, 5.52, 4.433333333333334, 1.2638888888888888]
switch 1 are [0.2863247863247863, 0.9464285714285714, 0.8717948717948718, 0.13748378728923477, 11.181818181818182, 0.07941176470588235, 6.266666666666667, 2.25, 7.384615384615385, 3.3225806451612905]
switch 2 are [0.7391304347826086, 0.58, 4.035714285714286, 10.75, 8.0, 1.9615384615384615, 2.2790697674418605, 7.8125, 0.7837837837837838]
switch 3 are [0.4666666666666667, 2.8214285714285716, 1.4056603773584906, 8.421052631578947, 2.8214285714285716, 8.107142857142858, 3.6956521739130435, 0.09180327868852459, 1.2424242424242424, 0.7142857142857143]
switch 4 are [4.884615384615385, 3.909090909090909, 8.083333333333334, 2.028169014084507, 0.5764705882352941, 1.5, 2.0277777777777777, 3.5416666666666665, 2.1142857142857143, 7.5, 3.1538461538461537, 2.272727272727273, 10.0, 6.785714285714286]
switch 5 are [1.0303030303030303, 1.0119047619047619, 1.36, 1.7647058823529411, 0.9011857707509882, 0.49606299212598426, 1.0206185567010309, 8.833333333333334, 0.4927536231884058, 8.833333333333334, 4.9]
switch 6 are [0.7294117647058823, 0.5645161290322581, 5.928571428571429, 7.642857142857143, 0.3375, 2.361111111111111, 0.5615384615384615, 2.5833333333333335, 10.0, 2.909090909090909, 7.066666666666666]
switch 7 are [1.140625, 5.5, 2.9285714285714284, 1.391304347826087, 2.2666666666666666, 0.5569620253164557, 3.4, 0.7, 9.25, 1.9622641509433962]
switch 8 are [2.9642857142857144, 3.607142857142857, 3.0357142857142856, 4.607142857142857, 11.272727272727273, 9.3125, 0.6948051948051948, 2.7, 3.8260869565217392, 1.5866666666666667, 9.916666666666666, 3.607142857142857, 2.857142857142857]
switch 9 are [11.285714285714286, 4.285714285714286, 3.9285714285714284, 0.9107142857142857, 5.892857142857143, 3.9285714285714284, 6.4, 18.25, 10.5, 0.3904761904761905, 11.866666666666667, 0.40441176470588236, 4.3076923076923075, 9.615384615384615, 0.4325581395348837]
switch 10 are [1.9464285714285714, 3.107142857142857, 3.857142857142857, 1.018181818181818, 2.8857142857142857, 6.4, 0.1827956989247312, 0.8333333333333334, 4.285714285714286, 8.583333333333334, 6.0, 3.7419354838709675]
switch 11 are [0.2074688796680498, 0.6370967741935484, 2.53125, 3.3666666666666667, 4.65, 1.4042553191489362, 7.4, 9.916666666666666, 12.555555555555555, 4.25, 6.411764705882353, 4.038461538461538, 6.875, 0.29896907216494845]
switch 12 are [5.6875, 4.15, 2.933333333333333, 0.47191011235955055, 6.133333333333334, 4.421052631578948, 0.6451612903225806, 4.944444444444445, 14.083333333333334, 7.583333333333333, 1.0337078651685394]
switch 13 are [2.892857142857143, 2.9285714285714284, 3.75, 4.4375, 0.6111111111111112, 2.892857142857143, 3.488372093023256, 2.575, 8.166666666666666, 4.190476190476191, 0.7471264367816092, 3.782608695652174]
switch 14 are [0.5, 1.8604651162790697, 3.392857142857143, 2.8214285714285716, 6.133333333333334, 11.461538461538462, 12.416666666666666, 8.727272727272727, 7.916666666666667, 2.962962962962963, 6.413793103448276, 0.6304347826086957, 1.1]
switch 15 are [0.9354838709677419, 4.214285714285714, 2.1785714285714284, 3.5714285714285716, 3.2857142857142856, 3.1785714285714284, 6.3125, 1.7234042553191489, 6.611111111111111, 3.68, 2.522727272727273, 3.189189189189189, 5.4]
switch 16 are [7.45, 3.34375, 0.2977346278317152, 4.1, 7.230769230769231, 7.230769230769231, 3.6333333333333333, 2.1470588235294117, 0.8571428571428571, 7.916666666666667, 4.464285714285714, 3.0238095238095237, 0.8947368421052632, 7.916666666666667]
switch 17 are [3.6774193548387095, 5.64, 6.333333333333333, 13.0625, 0.03984938813931597, 0.11044286495352652, 1.75, 1.7108433734939759, 10.0, 0.8125, 0.8278688524590164]
switch 18 are [5.708333333333333, 2.4074074074074074, 0.585820895522388, 2.675, 1.1, 7.866666666666666, 9.166666666666666, 2.911764705882353, 9.166666666666666, 2.935483870967742, 2.0166666666666666, 7.3125, 1.2325581395348837, 10.083333333333334]
switch 19 are [14.5, 0.2844311377245509, 7.285714285714286, 0.37735849056603776, 18.916666666666668, 0.8412698412698413, 7.2, 3.92, 4.125, 7.551724137931035, 12.277777777777779, 1.5212765957446808]
switch_ARE_with_trim_mean [1.4911880475729153, 2.683236839160101, 4.104637414806778, 2.6593361468310195, 3.983435542678501, 2.368679369719119, 3.371899660767466, 2.4111789492509472, 4.365499247129682, 5.673758180855939, 3.4075593492528973, 4.315010895265388, 4.170207359057168, 3.1685369130218946, 4.856432078945082, 3.5687629223460946, 4.357693518534269, 3.429156419897618, 4.541642843649365, 5.960012112900366]
switch_ARE_not with_trim_mean [2.454777221173325, 3.2727124659804874, 4.104637414806778, 2.978754508491563, 4.169835507169807, 2.7858364803630735, 3.6985997224461085, 2.9096393619324035, 4.614463398919921, 6.15995550277356, 3.5701435437322537, 4.610225369886305, 4.735191788837036, 3.371928908999726, 5.102878425774043, 3.600229779068145, 4.3219088226364, 3.9967961061107165, 4.654919168046293, 6.566768244449573]
4 base3
d: 5 w: 6 k: 1
all [87.0] 

ans 87.0 

4_baseline3_switch_ 0 = 317
4_baseline3_switch_ 1 = 266
4_baseline3_switch_ 2 = 207
4_baseline3_switch_ 3 = 271
4_baseline3_switch_ 4 = 204
4_baseline3_switch_ 5 = 216
4_baseline3_switch_ 6 = 218
4_baseline3_switch_ 7 = 225
4_baseline3_switch_ 8 = 584
4_baseline3_switch_ 9 = 574
4_baseline3_switch_ 10 = 488
4_baseline3_switch_ 11 = 474
4_baseline3_switch_ 12 = 460
4_baseline3_switch_ 13 = 452
4_baseline3_switch_ 14 = 458
4_baseline3_switch_ 15 = 452
4_baseline3_switch_ 16 = 512
4_baseline3_switch_ 17 = 512
4_baseline3_switch_ 18 = 496
4_baseline3_switch_ 19 = 498
pass through [317, 266, 207, 271, 204, 216, 218, 225, 584, 574, 488, 474, 460, 452, 458, 452, 512, 512, 496, 498]
num_of_flow_store_in_switch [13, 11, 18, 9, 11, 10, 13, 11, 15, 12, 13, 14, 11, 12, 12, 16, 9, 10, 10, 9]
switch 0 are [0.28, 0.0, 0.0, 0.0, 0.0, 0.0, 0.32051282051282054, 0.5978260869565217, 0.5714285714285714, 2.933333333333333, 1.5294117647058822, 1.6666666666666667, 2.3076923076923075]
switch 1 are [0.0, 0.0, 0.01556420233463035, 35.54545454545455, 0.020588235294117647, 0.25833333333333336, 0.7142857142857143, 0.17857142857142858, 2.0833333333333335, 0.5483870967741935, 0.6486486486486487]
switch 2 are [0.16, 0.839622641509434, 1.631578947368421, 3.7857142857142856, 0.8461538461538461, 0.782608695652174, 1.1818181818181819, 0.3380281690140845, 0.25882352941176473, 3.7142857142857144, 1.1076923076923078, 1.375, 0.19444444444444445, 0.6595744680851063, 1.5, 1.380952380952381, 1.3870967741935485, 2.1666666666666665]
switch 3 are [0.3333333333333333, 0.14285714285714285, 0.08235294117647059, 0.0967741935483871, 0.32142857142857145, 0.2857142857142857, 0.32142857142857145, 0.7692307692307693, 0.5862068965517241]
switch 4 are [0.515625, 1.25, 0.35714285714285715, 1.6428571428571428, 0.35714285714285715, 0.017857142857142856, 0.0, 0.5357142857142857, 0.7142857142857143, 0.8529411764705882, 3.4375]
switch 5 are [0.10714285714285714, 0.4642857142857143, 0.5714285714285714, 0.2857142857142857, 0.25, 1.25, 0.7816091954022989, 1.75, 3.25, 0.23684210526315788]
switch 6 are [0.5272727272727272, 0.13278008298755187, 0.5806451612903226, 1.6, 0.1875, 0.03333333333333333, 0.3333333333333333, 1.09375, 1.2666666666666666, 0.7777777777777778, 1.303030303030303, 0.8571428571428571, 0.6428571428571429]
switch 7 are [1.0, 2.3214285714285716, 0.21428571428571427, 0.0625, 0.037037037037037035, 0.08064516129032258, 1.0, 1.0, 0.5535714285714286, 0.1875, 0.33707865168539325]
switch 8 are [0.1111111111111111, 0.023255813953488372, 0.14285714285714285, 0.42857142857142855, 1.6785714285714286, 1.6785714285714286, 1.25, 0.16828478964401294, 0.23333333333333334, 2.0714285714285716, 0.2702702702702703, 0.07246376811594203, 2.3333333333333335, 3.909090909090909, 2.857142857142857]
switch 9 are [0.5714285714285714, 1.3333333333333333, 0.6451612903225806, 3.4615384615384617, 0.4, 0.4074074074074074, 0.1044776119402985, 5.266666666666667, 0.22950819672131148, 0.26881720430107525, 1.55, 2.4166666666666665]
switch 10 are [1.2916666666666667, 1.380952380952381, 2.4375, 0.16766467065868262, 0.175, 0.34782608695652173, 0.4117647058823529, 3.597938144329897, 0.10638297872340426, 0.7777777777777778, 0.696969696969697, 0.08934707903780069, 1.75]
switch 11 are [1.8333333333333333, 0.08852459016393442, 0.56, 6.2727272727272725, 0.35, 2.1875, 0.9534883720930233, 0.1949685534591195, 1.8333333333333333, 0.12186379928315412, 0.4444444444444444, 0.24509803921568626, 3.6363636363636362, 1.7]
switch 12 are [2.0714285714285716, 1.6875, 0.525, 0.16853932584269662, 1.3333333333333333, 1.3333333333333333, 1.5833333333333333, 0.325, 2.2777777777777777, 2.3333333333333335, 0.21014492753623187]
switch 13 are [2.1538461538461537, 1.25, 0.007530593034201443, 0.5, 1.75, 0.3492063492063492, 1.0285714285714285, 0.92, 0.8846153846153846, 1.608695652173913, 0.35, 0.5094339622641509]
switch 14 are [0.011481683980317113, 3.9166666666666665, 0.6724137931034483, 3.0, 0.1111111111111111, 1.6666666666666667, 0.92, 0.5517241379310345, 0.1375, 0.04411764705882353, 0.13488372093023257, 1.7333333333333334]
switch 15 are [0.6212121212121212, 2.576923076923077, 0.2222222222222222, 0.0, 0.85, 0.3, 3.3076923076923075, 0.4411764705882353, 0.45569620253164556, 2.0833333333333335, 0.6285714285714286, 3.6363636363636362, 3.0952380952380953, 0.84, 2.769230769230769, 3.25]
switch 16 are [0.07509881422924901, 0.3191489361702128, 0.22380952380952382, 0.4375, 0.2289156626506024, 4.916666666666667, 0.6666666666666666, 2.75, 0.7714285714285715]
switch 17 are [0.25396825396825395, 0.6111111111111112, 0.6190476190476191, 0.3611111111111111, 0.11428571428571428, 0.17333333333333334, 0.3023255813953488, 1.1666666666666667, 1.9166666666666667, 0.26744186046511625]
switch 18 are [0.8260869565217391, 0.2916666666666667, 1.6, 1.6666666666666667, 1.4375, 0.8888888888888888, 0.8076923076923077, 1.8333333333333333, 0.4, 1.375]
switch 19 are [2.0, 2.066666666666667, 1.125, 0.13385826771653545, 1.6842105263157894, 0.8, 0.9333333333333333, 3.25, 0.8709677419354839]
switch_ARE_with_trim_mean [0.6612307470875245, 0.4964124436194889, 1.2102716729530045, 0.3265918561410284, 0.6937295751633987, 0.6987349840117536, 0.7002505502144257, 0.4928423284258731, 1.0227645740731433, 1.1283861131719408, 0.867591360417044, 1.171699459293811, 1.2607612529713978, 0.9150522776831227, 0.897175041013465, 1.5315211448245167, 1.1543594268468325, 0.46937569213732006, 1.1252293524712003, 1.4293373928853121]
switch_ARE_not with_trim_mean [0.7851439654843156, 3.637560594366359, 1.2950033918312422, 0.3265918561410285, 0.8800969251336898, 0.8947022729236884, 0.7181607219763089, 0.6176405967544062, 1.148552412399684, 1.3879171175271978, 1.0177530913811679, 1.4586889553154954, 1.2589749032653281, 0.9426582936426317, 1.0749915633984692, 1.5673537289941797, 1.1543594268468327, 0.5785957918050941, 1.1126834819769602, 1.429337392885312]
4 base3
d: 5 w: 9 k: 1
all [269.0] 

ans 269.0 

4_baseline3_switch_ 0 = 333
4_baseline3_switch_ 1 = 264
4_baseline3_switch_ 2 = 177
4_baseline3_switch_ 3 = 281
4_baseline3_switch_ 4 = 194
4_baseline3_switch_ 5 = 210
4_baseline3_switch_ 6 = 238
4_baseline3_switch_ 7 = 245
4_baseline3_switch_ 8 = 602
4_baseline3_switch_ 9 = 578
4_baseline3_switch_ 10 = 476
4_baseline3_switch_ 11 = 472
4_baseline3_switch_ 12 = 428
4_baseline3_switch_ 13 = 432
4_baseline3_switch_ 14 = 522
4_baseline3_switch_ 15 = 488
4_baseline3_switch_ 16 = 526
4_baseline3_switch_ 17 = 524
4_baseline3_switch_ 18 = 504
4_baseline3_switch_ 19 = 502
pass through [333, 264, 177, 281, 194, 210, 238, 245, 602, 578, 476, 472, 428, 432, 522, 488, 526, 524, 504, 502]
num_of_flow_store_in_switch [18, 18, 13, 16, 18, 13, 13, 13, 13, 13, 13, 9, 9, 9, 9, 9, 8, 7, 7, 11]
switch 0 are [0.335, 0.09584664536741214, 0.0, 0.0, 0.021367521367521368, 0.0, 0.0, 0.0, 0.0, 0.09090909090909091, 0.010869565217391304, 0.08, 0.0, 0.1792452830188679, 4.526315789473684, 0.014084507042253521, 0.5, 0.08139534883720931]
switch 1 are [0.0, 0.05, 0.2833333333333333, 0.8214285714285714, 2.4, 1.0714285714285714, 0.7857142857142857, 1.1153846153846154, 0.0, 0.0, 0.0, 0.0, 0.12941176470588237, 0.05952380952380952, 0.0, 0.0, 0.0, 0.0]
switch 2 are [0.011764705882352941, 0.0, 0.21428571428571427, 0.0, 0.17857142857142858, 0.0, 0.05357142857142857, 0.0, 0.0, 0.0, 0.07468879668049792, 0.05555555555555555, 0.75]
switch 3 are [0.0, 0.017857142857142856, 0.10714285714285714, 1.0357142857142858, 0.03571428571428571, 0.05454545454545454, 0.4, 0.24193548387096775, 0.0, 2.2, 0.0, 0.11627906976744186, 0.11290322580645161, 0.0, 0.25, 0.3333333333333333]
switch 4 are [0.125, 0.875, 1.1428571428571428, 0.5357142857142857, 0.5, 0.0, 0.0, 0.3425925925925926, 0.0, 0.14285714285714285, 0.5, 0.0, 0.0, 0.0, 0.0, 0.06451612903225806, 0.07692307692307693, 0.0]
switch 5 are [0.5357142857142857, 0.1, 0.003236245954692557, 0.06666666666666667, 0.0, 1.0476190476190477, 0.033582089552238806, 0.05, 0.04, 0.043478260869565216, 0.05555555555555555, 0.2608695652173913, 0.1509433962264151]
switch 6 are [0.0, 0.0, 0.0718562874251497, 0.35714285714285715, 0.0, 0.036065573770491806, 0.0, 0.18181818181818182, 1.0714285714285714, 0.4375, 0.050314465408805034, 0.29545454545454547, 0.5833333333333334]
switch 7 are [0.0125, 1.6875, 0.3488372093023256, 1.35, 0.23076923076923078, 0.3125, 0.5, 0.0, 0.031746031746031744, 1.0, 1.3529411764705883, 1.0, 0.9090909090909091]
switch 8 are [0.0018826482585503608, 0.0038272279934390375, 0.13333333333333333, 0.6666666666666666, 0.3484848484848485, 0.09615384615384616, 0.6444444444444445, 0.6571428571428571, 0.2222222222222222, 0.2903225806451613, 0.2702702702702703, 0.8285714285714286, 0.8333333333333334]
switch 9 are [0.06493506493506493, 0.16666666666666666, 0.05, 0.0, 0.0, 0.0, 0.0, 0.0, 0.14285714285714285, 0.06349206349206349, 0.9090909090909091, 0.003676470588235294, 0.75]
switch 10 are [0.16666666666666666, 0.0, 0.03333333333333333, 0.015625, 1.1666666666666667, 0.25, 0.189873417721519, 0.8142857142857143, 0.08333333333333333, 0.2857142857142857, 0.08602150537634409, 0.39285714285714285, 0.3225806451612903]
switch 11 are [0.08695652173913043, 0.0, 0.0, 0.75, 0.041237113402061855, 0.5384615384615384, 0.20689655172413793, 0.3333333333333333, 0.5]
switch 12 are [0.3333333333333333, 0.625, 0.0, 0.14173228346456693, 0.9166666666666666, 0.04918032786885246, 0.18181818181818182, 0.024054982817869417, 0.8333333333333334]
switch 13 are [0.3333333333333333, 0.5333333333333333, 0.2, 0.10526315789473684, 0.13953488372093023, 0.0, 0.875, 0.10112359550561797, 0.4]
switch 14 are [1.1666666666666667, 0.26666666666666666, 0.36, 0.4857142857142857, 0.1566265060240964, 0.5, 0.08, 0.2, 0.5333333333333333]
switch 15 are [0.08243727598566308, 1.5833333333333333, 0.2, 0.125, 0.09195402298850575, 0.24, 0.07971014492753623, 1.25, 0.8461538461538461]
switch 16 are [1.1818181818181819, 0.3448275862068966, 0.4166666666666667, 0.2916666666666667, 0.11538461538461539, 0.14285714285714285, 0.26666666666666666, 0.06140350877192982]
switch 17 are [0.4375, 0.0125, 0.4166666666666667, 0.036231884057971016, 0.12121212121212122, 0.7857142857142857, 0.25806451612903225]
switch 18 are [0.19444444444444445, 0.23333333333333334, 0.3333333333333333, 0.3333333333333333, 0.6153846153846154, 0.2647058823529412, 0.38095238095238093]
switch 19 are [0.06756756756756757, 0.07446808510638298, 0.0625, 0.037037037037037035, 0.06862745098039216, 0.05555555555555555, 0.15384615384615385, 0.02127659574468085, 0.027906976744186046, 0.35, 0.21428571428571427]
switch_ARE_with_trim_mean [0.08804487260998414, 0.26976405946994186, 0.05349432995881617, 0.19324465276801575, 0.19766270169495975, 0.12182236961425552, 0.18304411312303312, 0.6407622324890078, 0.37831270235713793, 0.11287521895810665, 0.24002645858632993, 0.2729872287400224, 0.3450132343669782, 0.29862092264310575, 0.41655638426722763, 0.4998431803765427, 0.35266137937984576, 0.29541278196858245, 0.33649818901919737, 0.08464383790255439]
switch_ARE_not with_trim_mean [0.32972409729074614, 0.373123608417726, 0.10295674073438292, 0.30658907117201384, 0.23919224277647214, 0.18366654718275832, 0.23730106275245658, 0.6719911197983912, 0.3843581313477232, 0.16543987058692944, 0.29284290085509973, 0.2729872287400224, 0.34501323436697817, 0.2986209226431058, 0.4165563842672277, 0.4998431803765427, 0.3526613793798458, 0.2954127819685824, 0.33649818901919737, 0.10300646698797002]
4 base3
d: 6 w: 9 k: 1
all [74.0] 

ans 74.0 

4_baseline3_switch_ 0 = 331
4_baseline3_switch_ 1 = 276
4_baseline3_switch_ 2 = 197
4_baseline3_switch_ 3 = 279
4_baseline3_switch_ 4 = 206
4_baseline3_switch_ 5 = 218
4_baseline3_switch_ 6 = 220
4_baseline3_switch_ 7 = 233
4_baseline3_switch_ 8 = 606
4_baseline3_switch_ 9 = 600
4_baseline3_switch_ 10 = 490
4_baseline3_switch_ 11 = 482
4_baseline3_switch_ 12 = 454
4_baseline3_switch_ 13 = 456
4_baseline3_switch_ 14 = 462
4_baseline3_switch_ 15 = 462
4_baseline3_switch_ 16 = 514
4_baseline3_switch_ 17 = 514
4_baseline3_switch_ 18 = 512
4_baseline3_switch_ 19 = 512
pass through [331, 276, 197, 279, 206, 218, 220, 233, 606, 600, 490, 482, 454, 456, 462, 462, 514, 514, 512, 512]
num_of_flow_store_in_switch [20, 15, 19, 15, 18, 13, 14, 14, 12, 6, 13, 6, 9, 10, 10, 10, 3, 10, 11, 11]
switch 0 are [0.06, 0.4728434504792332, 0.017326732673267328, 0.0, 0.0, 0.13592233009708737, 0.013100436681222707, 0.0, 0.0641025641025641, 0.0, 0.0, 0.03529411764705882, 0.025, 0.006666666666666667, 0.14285714285714285, 0.0, 0.0, 0.0, 0.0, 0.5833333333333334]
switch 1 are [0.0, 1.1333333333333333, 0.1792452830188679, 0.39285714285714285, 0.391304347826087, 1.6363636363636365, 0.0, 0.16901408450704225, 0.030303030303030304, 0.0, 0.39285714285714285, 0.0, 0.07142857142857142, 0.016597510373443983, 0.03333333333333333]
switch 2 are [0.08870967741935484, 0.3125, 1.5357142857142858, 2.0, 0.32142857142857145, 1.2857142857142858, 1.1071428571428572, 0.07142857142857142, 0.39285714285714285, 0.0, 0.5, 0.10714285714285714, 0.35714285714285715, 0.07142857142857142, 0.01818181818181818, 0.0, 1.8666666666666667, 0.25806451612903225, 0.2903225806451613]
switch 3 are [0.07142857142857142, 0.14285714285714285, 0.14285714285714285, 0.6, 0.04032258064516129, 0.125, 0.09375, 0.06666666666666667, 0.0, 0.09302325581395349, 0.0, 0.22580645161290322, 0.06666666666666667, 0.5, 0.07017543859649122]
switch 4 are [1.0, 0.0, 0.0, 0.25925925925925924, 0.12037037037037036, 0.0, 1.0, 0.0, 0.0, 0.0, 0.0, 0.0, 1.3333333333333333, 0.07142857142857142, 0.0, 0.0, 0.0, 0.09090909090909091]
switch 5 are [0.0, 0.08090614886731391, 0.06451612903225806, 0.06666666666666667, 0.4, 0.05555555555555555, 0.8125, 0.14285714285714285, 0.44, 0.25, 1.0, 2.3636363636363638, 0.42857142857142855]
switch 6 are [0.4166666666666667, 0.0, 0.05389221556886228, 0.0, 0.5, 0.013114754098360656, 3.272727272727273, 1.0, 0.0, 0.06976744186046512, 0.05, 0.6923076923076923, 0.0, 0.8333333333333334]
switch 7 are [0.6304347826086957, 0.21568627450980393, 0.5, 0.3125, 0.004079071226859115, 0.005467468562055768, 1.1666666666666667, 0.0, 0.1346153846153846, 0.19101123595505617, 0.3076923076923077, 0.23529411764705882, 0.21621621621621623, 0.8333333333333334]
switch 8 are [1.0666666666666667, 0.6666666666666666, 0.0, 0.19047619047619047, 0.06666666666666667, 0.34285714285714286, 0.16666666666666666, 0.0, 0.26666666666666666, 0.0, 0.014705882352941176, 0.13636363636363635]
switch 9 are [0.05844155844155844, 0.027777777777777776, 0.019762845849802372, 0.1276595744680851, 0.05714285714285714, 0.20833333333333334]
switch 10 are [0.0, 0.0, 0.19047619047619047, 0.0, 0.0, 0.0, 0.5714285714285714, 0.34782608695652173, 0.24, 0.0, 0.0, 0.08695652173913043, 0.014492753623188406]
switch 11 are [0.3888888888888889, 0.5, 0.16666666666666666, 0.75, 0.25, 0.16666666666666666]
switch 12 are [1.4375, 0.0, 0.0, 0.061855670103092786, 1.0, 0.03278688524590164, 0.25287356321839083, 0.5, 0.20754716981132076]
switch 13 are [0.8333333333333334, 0.0, 0.7333333333333333, 0.8, 0.13333333333333333, 0.10526315789473684, 0.4186046511627907, 0.8125, 0.4166666666666667, 0.17142857142857143]
switch 14 are [0.08, 0.7142857142857143, 0.0, 0.03225806451612903, 0.2, 0.6, 0.16666666666666666, 0.29411764705882354, 0.2692307692307692, 0.4166666666666667]
switch 15 are [0.8333333333333334, 0.45454545454545453, 0.28, 0.4166666666666667, 0.2222222222222222, 0.053763440860215055, 0.10465116279069768, 0.6666666666666666, 0.4, 0.45454545454545453]
switch 16 are [0.06896551724137931, 0.043478260869565216, 0.1]
switch 17 are [0.13333333333333333, 0.5625, 0.3888888888888889, 0.72, 0.3076923076923077, 0.2692307692307692, 0.375, 0.0898876404494382, 0.8571428571428571, 0.38095238095238093]
switch 18 are [0.21621621621621623, 0.07446808510638298, 0.0125, 0.2625, 0.09523809523809523, 0.0, 0.3333333333333333, 0.5172413793103449, 0.13829787234042554, 0.23076923076923078, 0.013745704467353952]
switch 19 are [0.0392156862745098, 0.3888888888888889, 0.3888888888888889, 0.027777777777777776, 0.16666666666666666, 0.2222222222222222, 0.6071428571428571, 0.06060606060606061, 0.4166666666666667, 0.018604651162790697, 0.39285714285714285]
switch_ARE_with_trim_mean [0.03126687442031312, 0.21617490614138424, 0.504967368178943, 0.12604260901113074, 0.15887295574795576, 0.3401430065045787, 0.30242350865294837, 0.2988608493638976, 0.18510695187165777, 0.08318632450223569, 0.07997741389045737, 0.3703703703703704, 0.388062587597634, 0.44889121422742906, 0.2573674767673819, 0.37491220342964526, 0.07081459270364818, 0.39219971001221, 0.15300761527455978, 0.23375444453875824]
switch_ARE_not with_trim_mean [0.07782233872687883, 0.2964424944134421, 0.5570760662653701, 0.14923692780964662, 0.21529447918336808, 0.4696314950143638, 0.4929863840401895, 0.3394997756452455, 0.24314468211527032, 0.08318632450223569, 0.11162924032489249, 0.3703703703703703, 0.388062587597634, 0.4424463047152766, 0.2773225528424769, 0.38863944016307106, 0.07081459270364818, 0.4084628177689975, 0.17220999243467117, 0.24813977355949746]
4 base3
d: 5 w: 3 k: 3
all [380.0] 

ans 380.0 

4_baseline3_switch_ 0 = 295
4_baseline3_switch_ 1 = 246
4_baseline3_switch_ 2 = 215
4_baseline3_switch_ 3 = 273
4_baseline3_switch_ 4 = 210
4_baseline3_switch_ 5 = 214
4_baseline3_switch_ 6 = 224
4_baseline3_switch_ 7 = 243
4_baseline3_switch_ 8 = 512
4_baseline3_switch_ 9 = 574
4_baseline3_switch_ 10 = 488
4_baseline3_switch_ 11 = 500
4_baseline3_switch_ 12 = 430
4_baseline3_switch_ 13 = 452
4_baseline3_switch_ 14 = 446
4_baseline3_switch_ 15 = 500
4_baseline3_switch_ 16 = 476
4_baseline3_switch_ 17 = 476
4_baseline3_switch_ 18 = 514
4_baseline3_switch_ 19 = 516
pass through [295, 246, 215, 273, 210, 214, 224, 243, 512, 574, 488, 500, 430, 452, 446, 500, 476, 476, 514, 516]
num_of_flow_store_in_switch [6, 10, 11, 12, 15, 11, 10, 10, 13, 14, 14, 9, 11, 14, 13, 11, 12, 14, 17, 12]
switch 0 are [1.17, 0.0, 0.0, 1.578125, 0.0, 0.0]
switch 1 are [0.2314410480349345, 1.4642857142857142, 0.6410256410256411, 10.636363636363637, 0.14705882352941177, 1.5625, 5.222222222222222, 2.393939393939394, 3.0588235294117645, 6.0]
switch 2 are [0.055771725032425425, 0.4891304347826087, 3.892857142857143, 11.083333333333334, 0.6853932584269663, 2.3142857142857145, 4.37037037037037, 3.8461538461538463, 2.6, 8.666666666666666, 4.8]
switch 3 are [0.5416666666666666, 0.31333333333333335, 8.466666666666667, 0.7452830188679245, 3.9642857142857144, 3.1785714285714284, 7.357142857142857, 1.78, 6.3125, 5.5, 4.85, 3.4838709677419355]
switch 4 are [13.142857142857142, 5.052631578947368, 3.423076923076923, 4.0, 2.0869565217391304, 1.2641509433962264, 5.805555555555555, 0.8300395256916996, 12.0, 11.8, 3.6, 0.8795180722891566, 0.8418604651162791, 1.1573033707865168, 15.0]
switch 5 are [5.318181818181818, 10.583333333333334, 0.9577464788732394, 1.1818181818181819, 1.2619047619047619, 0.43934426229508194, 0.21428571428571427, 6.194444444444445, 1.7553191489361701, 10.583333333333334, 11.0]
switch 6 are [1.2117647058823529, 1.3764705882352941, 0.9365079365079365, 10.090909090909092, 11.583333333333334, 0.7553191489361702, 5.777777777777778, 0.735632183908046, 0.6344086021505376, 7.388888888888889]
switch 7 are [0.8145161290322581, 2.71875, 1.4901960784313726, 3.7142857142857144, 11.533333333333333, 7.466666666666667, 0.95, 5.0, 1.9833333333333334, 2.72972972972973]
switch 8 are [5.214285714285714, 3.0, 6.321428571428571, 4.821428571428571, 14.818181818181818, 7.5, 6.0, 1.6046511627906976, 0.8888888888888888, 1.1733333333333333, 0.6804123711340206, 9.1875, 0.7049180327868853]
switch 9 are [3.107142857142857, 3.107142857142857, 3.6785714285714284, 3.6785714285714284, 1.8928571428571428, 0.66875, 2.8333333333333335, 1.0793650793650793, 8.583333333333334, 6.277777777777778, 9.833333333333334, 8.357142857142858, 2.8095238095238093, 9.833333333333334]
switch 10 are [1.5892857142857142, 3.0357142857142856, 3.7142857142857144, 3.7142857142857144, 3.25, 6.4375, 0.03263256981487292, 1.1730769230769231, 9.153846153846153, 3.9583333333333335, 2.116279069767442, 10.0, 2.606060606060606, 8.692307692307692]
switch 11 are [5.142857142857143, 5.107142857142857, 1.4727272727272727, 0.14522821576763487, 2.430379746835443, 0.5615384615384615, 6.434782608695652, 3.3870967741935485, 1.75]
switch 12 are [4.8, 0.8790322580645161, 8.8125, 7.9375, 0.7575757575757576, 1.7333333333333334, 0.24025974025974026, 0.7571428571428571, 0.8031496062992126, 4.107142857142857, 8.666666666666666]
switch 13 are [5.7, 3.1875, 4.678571428571429, 3.1875, 3.8, 10.166666666666666, 4.36, 1.1486486486486487, 0.5882352941176471, 12.25, 5.380952380952381, 5.380952380952381, 2.2641509433962264, 1.1403508771929824]
switch 14 are [3.7666666666666666, 3.2666666666666666, 3.5714285714285716, 3.0, 0.2777777777777778, 0.8703703703703703, 1.697674418604651, 2.8666666666666667, 7.782608695652174, 9.666666666666666, 0.9, 3.64, 9.666666666666666]
switch 15 are [1.0806451612903225, 3.25, 3.107142857142857, 3.25, 3.107142857142857, 0.05467468562055768, 6.666666666666667, 5.0, 5.095238095238095, 1.430232558139535, 8.6]
switch 16 are [4.892857142857143, 1.7321428571428572, 3.107142857142857, 3.107142857142857, 6.733333333333333, 4.7, 8.666666666666666, 2.411764705882353, 2.9310344827586206, 1.4861111111111112, 0.27147766323024053, 8.5]
switch 17 are [5.03125, 0.255663430420712, 5.225806451612903, 4.666666666666667, 9.923076923076923, 6.1, 11.866666666666667, 9.3125, 14.0, 0.4007352941176471, 5.538461538461538, 2.75, 11.909090909090908, 3.5806451612903225]
switch 18 are [8.923076923076923, 4.36, 4.375, 5.380952380952381, 7.1875, 9.75, 3.234042553191489, 16.933333333333334, 0.37992831541218636, 3.0833333333333335, 3.3, 4.458333333333333, 3.5172413793103448, 10.307692307692308, 0.9492753623188406, 7.5625, 3.892857142857143]
switch 19 are [2.5, 0.39925373134328357, 0.6407185628742516, 2.1, 12.0, 1.2413793103448276, 2.138888888888889, 9.333333333333334, 4.947368421052632, 3.96, 6.294117647058823, 2.971014492753623]
switch_ARE_with_trim_mean [0.4580208333333333, 2.5717796936149586, 3.518317492615924, 3.7713320653276527, 5.004146967212638, 4.2528250847911515, 3.534158790130695, 3.256620190305852, 4.2196758431766055, 4.603174603174604, 4.120081267246965, 2.936861453306446, 3.3823937040250223, 4.199607777198393, 3.7298862475202212, 3.5541186884022595, 3.9601529347371134, 6.358741634248631, 5.352120314404406, 3.6126820656306378]
switch_ARE_not with_trim_mean [0.4580208333333333, 3.1357660008812718, 3.891269317446279, 3.8744433877730446, 5.392263339963733, 4.49906467976419, 4.049101225652943, 3.840081098481241, 4.762694497250653, 4.695727040816327, 4.248114841198461, 2.936861453306446, 3.590391188771358, 4.516680615749882, 3.9210148590128364, 3.6947038982946268, 4.044972806439004, 6.468611645814592, 5.740886256753624, 4.04383953230414]
4 base3
d: 5 w: 6 k: 3
all [119.0] 

ans 119.0 

4_baseline3_switch_ 0 = 329
4_baseline3_switch_ 1 = 252
4_baseline3_switch_ 2 = 209
4_baseline3_switch_ 3 = 291
4_baseline3_switch_ 4 = 206
4_baseline3_switch_ 5 = 212
4_baseline3_switch_ 6 = 220
4_baseline3_switch_ 7 = 229
4_baseline3_switch_ 8 = 572
4_baseline3_switch_ 9 = 602
4_baseline3_switch_ 10 = 490
4_baseline3_switch_ 11 = 512
4_baseline3_switch_ 12 = 450
4_baseline3_switch_ 13 = 450
4_baseline3_switch_ 14 = 468
4_baseline3_switch_ 15 = 474
4_baseline3_switch_ 16 = 510
4_baseline3_switch_ 17 = 506
4_baseline3_switch_ 18 = 528
4_baseline3_switch_ 19 = 526
pass through [329, 252, 209, 291, 206, 212, 220, 229, 572, 602, 490, 512, 450, 450, 468, 474, 510, 506, 528, 526]
num_of_flow_store_in_switch [13, 13, 14, 9, 12, 13, 12, 13, 15, 10, 12, 11, 11, 12, 14, 11, 11, 12, 11, 10]
switch 0 are [0.075, 0.0, 0.5099009900990099, 0.0, 0.0, 0.0, 0.8076923076923077, 0.17120622568093385, 6.545454545454546, 0.03773584905660377, 1.135135135135135, 2.761904761904762, 0.5660377358490566]
switch 1 are [0.2663755458515284, 0.07142857142857142, 0.061764705882352944, 0.40217391304347827, 0.41333333333333333, 0.8214285714285714, 1.2857142857142858, 0.07142857142857142, 0.13636363636363635, 1.8333333333333333, 2.5, 0.26666666666666666, 2.5]
switch 2 are [0.09166666666666666, 2.1785714285714284, 1.8, 1.263157894736842, 0.46153846153846156, 0.5217391304347826, 4.5, 0.2112676056338028, 0.09090909090909091, 2.375, 2.909090909090909, 0.3333333333333333, 1.2692307692307692, 2.230769230769231]
switch 3 are [0.16470588235294117, 0.27380952380952384, 0.2, 0.0, 0.35714285714285715, 0.35714285714285715, 0.8928571428571429, 0.2318840579710145, 2.25]
switch 4 are [0.359375, 1.2142857142857142, 0.0, 0.8928571428571429, 0.21428571428571427, 0.5714285714285714, 0.046153846153846156, 0.8148148148148148, 0.7878787878787878, 0.5, 0.5476190476190477, 2.0833333333333335]
switch 5 are [1.0, 0.0, 0.0, 0.03571428571428571, 1.0357142857142858, 1.2142857142857142, 0.0, 0.75, 1.2, 0.9375, 2.6666666666666665, 0.8846153846153846, 0.8064516129032258]
switch 6 are [0.16363636363636364, 1.85, 0.5357142857142857, 0.28125, 1.1785714285714286, 2.4166666666666665, 1.0555555555555556, 1.2413793103448276, 0.2978723404255319, 0.8571428571428571, 1.25, 2.5833333333333335]
switch 7 are [0.17012448132780084, 0.1935483870967742, 1.125, 1.1666666666666667, 0.35714285714285715, 0.06481481481481481, 0.7258064516129032, 0.30357142857142855, 1.2142857142857142, 1.8, 0.8666666666666667, 0.8888888888888888, 0.8]
switch 8 are [0.0, 1.34375, 0.25925925925925924, 0.0, 0.0, 0.0, 12.928571428571429, 0.0, 0.42857142857142855, 0.28125, 0.10032362459546926, 0.967741935483871, 0.26666666666666666, 0.16766467065868262, 0.25196850393700787]
switch 9 are [1.8666666666666667, 1.5384615384615385, 1.8, 1.0476190476190477, 0.3333333333333333, 0.08582089552238806, 0.34, 0.0, 0.07526881720430108, 1.4166666666666667]
switch 10 are [1.5833333333333333, 0.2, 2.4285714285714284, 1.1666666666666667, 2.2, 0.4578313253012048, 1.1875, 0.3194444444444444, 0.6363636363636364, 0.4418604651162791, 1.75, 1.3]
switch 11 are [0.875, 0.009836065573770493, 0.2608695652173913, 3.3636363636363638, 1.6428571428571428, 1.0, 0.17525773195876287, 1.5833333333333333, 0.7222222222222222, 0.7777777777777778, 3.0]
switch 12 are [0.4117647058823529, 1.3125, 0.32558139534883723, 0.85, 1.9230769230769231, 1.0625, 0.012237213680577345, 1.368421052631579, 0.3888888888888889, 0.14754098360655737, 0.15217391304347827]
switch 13 are [0.01366867140513942, 6.233333333333333, 0.36477987421383645, 1.4166666666666667, 1.4166666666666667, 0.1896551724137931, 0.12698412698412698, 2.9166666666666665, 0.4418604651162791, 1.588235294117647, 0.9047619047619048, 1.1071428571428572]
switch 14 are [0.4393939393939394, 0.25, 0.6222222222222222, 0.6571428571428571, 0.39325842696629215, 3.8333333333333335, 8.266666666666667, 3.8333333333333335, 1.0588235294117647, 0.16279069767441862, 0.11683848797250859, 2.9166666666666665, 0.34831460674157305, 3.272727272727273]
switch 15 are [0.05194805194805195, 1.95, 0.6111111111111112, 0.09486166007905138, 1.911764705882353, 1.6428571428571428, 2.3076923076923075, 0.8181818181818182, 0.8709677419354839, 3.2142857142857144, 0.8064516129032258]
switch 16 are [1.4333333333333333, 0.3617021276595745, 2.8461538461538463, 0.047619047619047616, 1.1333333333333333, 1.5333333333333334, 0.9375, 0.5172413793103449, 2.1818181818181817, 1.2916666666666667, 0.20175438596491227]
switch 17 are [0.140625, 0.6190476190476191, 0.027777777777777776, 0.4126984126984127, 0.21428571428571427, 0.2608695652173913, 0.041666666666666664, 1.1333333333333333, 1.08, 0.4375, 0.0967741935483871, 1.0]
switch 18 are [1.4444444444444444, 0.759493670886076, 1.7333333333333334, 1.5833333333333333, 0.48, 1.1428571428571428, 2.125, 0.24324324324324326, 0.1702127659574468, 1.2777777777777777, 1.68]
switch 19 are [0.28, 1.2, 3.5833333333333335, 0.25, 0.8571428571428571, 0.125, 0.13793103448275862, 0.782608695652174, 1.4375, 1.3333333333333333]
switch_ARE_with_trim_mean [0.5513284550379827, 0.733476948053816, 1.3037804525005192, 0.5252824801418152, 0.594869863932364, 0.7149346621120815, 1.0964152444421154, 0.7101546856599729, 0.312861237628645, 0.8296462873509094, 1.1042999871225565, 1.1152575303740702, 0.6688189932668549, 1.0473419694750445, 1.482333907134473, 1.2237653445158325, 1.065742526824409, 0.43034671714641914, 1.1493869939861503, 0.7848144900763904]
switch_ARE_not with_trim_mean [0.9700051962209503, 0.8176931641903331, 1.4454481800653798, 0.5252824801418152, 0.6693359977214145, 0.8100729192230433, 1.142593511782571, 0.7443474120826552, 1.1330511678495876, 0.8503836965473941, 1.1392976083164164, 1.2191627456887968, 0.723153188741745, 1.3933684749574098, 1.8693937171609178, 1.2981928969887508, 1.135041421381143, 0.45538152354794187, 1.1490632465302542, 0.9986849253944458]
4 base3
d: 5 w: 9 k: 3
all [49.0] 

ans 49.0 

4_baseline3_switch_ 0 = 327
4_baseline3_switch_ 1 = 282
4_baseline3_switch_ 2 = 193
4_baseline3_switch_ 3 = 275
4_baseline3_switch_ 4 = 206
4_baseline3_switch_ 5 = 208
4_baseline3_switch_ 6 = 222
4_baseline3_switch_ 7 = 235
4_baseline3_switch_ 8 = 602
4_baseline3_switch_ 9 = 600
4_baseline3_switch_ 10 = 492
4_baseline3_switch_ 11 = 498
4_baseline3_switch_ 12 = 424
4_baseline3_switch_ 13 = 442
4_baseline3_switch_ 14 = 480
4_baseline3_switch_ 15 = 460
4_baseline3_switch_ 16 = 516
4_baseline3_switch_ 17 = 512
4_baseline3_switch_ 18 = 512
4_baseline3_switch_ 19 = 510
pass through [327, 282, 193, 275, 206, 208, 222, 235, 602, 600, 492, 498, 424, 442, 480, 460, 516, 512, 512, 510]
num_of_flow_store_in_switch [21, 15, 13, 15, 17, 17, 12, 14, 16, 12, 8, 11, 9, 9, 8, 13, 9, 5, 8, 7]
switch 0 are [1.11, 0.5686900958466453, 0.2623762376237624, 0.0, 0.021367521367521368, 1.0485436893203883, 0.8995633187772926, 0.19642857142857142, 1.1794871794871795, 0.0622568093385214, 5.090909090909091, 0.058823529411764705, 0.0, 0.041666666666666664, 0.13333333333333333, 0.0, 0.0, 0.0, 0.0, 0.0, 0.25]
switch 1 are [0.03571428571428571, 0.47368421052631576, 0.9285714285714286, 0.8461538461538461, 0.5652173913043478, 0.045454545454545456, 2.25, 0.09859154929577464, 0.0, 0.023809523809523808, 0.03529411764705882, 1.0, 0.10714285714285714, 0.10714285714285714, 0.2903225806451613]
switch 2 are [0.0, 0.0625, 0.0, 1.0, 0.07142857142857142, 0.0, 0.0, 0.5357142857142857, 0.7142857142857143, 0.05, 0.1774193548387097, 0.2222222222222222, 0.043478260869565216]
switch 3 are [0.5, 0.9642857142857143, 0.0, 1.0, 0.0, 0.0, 0.0, 0.0, 0.0625, 0.3, 0.09375, 0.0, 0.1111111111111111, 0.09090909090909091, 0.5454545454545454]
switch 4 are [0.0, 1.0, 0.0, 0.7857142857142857, 0.4642857142857143, 0.5625, 0.25925925925925924, 0.4186046511627907, 0.0, 1.0535714285714286, 0.0, 0.03125, 0.005988023952095809, 0.6111111111111112, 0.28, 2.4166666666666665, 0.12903225806451613]
switch 5 are [0.25925925925925924, 0.3225806451612903, 0.07142857142857142, 0.07142857142857142, 0.0, 0.8666666666666667, 0.0, 0.0, 0.0, 3.064516129032258, 0.5333333333333333, 0.07692307692307693, 0.0, 0.0, 1.5625, 0.05, 0.06451612903225806]
switch 6 are [0.0, 0.2857142857142857, 0.03731343283582089, 0.2, 1.0833333333333333, 0.03278688524590164, 0.21739130434782608, 0.0, 0.9285714285714286, 0.36363636363636365, 0.5, 0.3225806451612903]
switch 7 are [1.0, 0.12, 1.8181818181818181, 0.9375, 4.5, 0.09302325581395349, 0.125, 0.6031746031746031, 0.0392156862745098, 0.1111111111111111, 0.25287356321839083, 0.16666666666666666, 0.031914893617021274, 0.6666666666666666]
switch 8 are [0.23076923076923078, 1.1875, 0.05145905240037653, 0.0065609622744669215, 1.0333333333333334, 0.006289308176100629, 0.9166666666666666, 2.6666666666666665, 0.044444444444444446, 0.5428571428571428, 0.15584415584415584, 0.3333333333333333, 0.011235955056179775, 1.0909090909090908, 0.027906976744186046, 0.03436426116838488]
switch 9 are [0.20689655172413793, 0.15151515151515152, 0.057692307692307696, 0.25, 0.05555555555555555, 0.36666666666666664, 0.0, 0.0, 0.0, 0.06666666666666667, 0.3076923076923077, 0.3333333333333333]
switch 10 are [0.047619047619047616, 0.47058823529411764, 0.09375, 0.047619047619047616, 0.3611111111111111, 0.4444444444444444, 0.0, 0.10666666666666667]
switch 11 are [0.23809523809523808, 0.32857142857142857, 0.34782608695652173, 0.25, 1.9166666666666667, 0.13333333333333333, 0.2222222222222222, 1.1666666666666667, 0.3, 0.18867924528301888, 0.06140350877192982]
switch 12 are [1.0, 0.08461538461538462, 0.015748031496062992, 0.6666666666666666, 1.4615384615384615, 0.6470588235294118, 0.24324324324324326, 0.375, 0.5833333333333334]
switch 13 are [0.061855670103092786, 0.5833333333333334, 1.6666666666666667, 0.12, 0.05714285714285714, 0.0, 0.2571428571428571, 0.5, 0.32142857142857145]
switch 14 are [0.0, 0.0, 0.7333333333333333, 0.5263157894736842, 0.13953488372093023, 0.2, 0.3076923076923077, 0.1]
switch 15 are [0.2289156626506024, 0.75, 0.2, 1.5833333333333333, 0.06896551724137931, 0.16666666666666666, 1.3333333333333333, 0.5294117647058824, 2.0, 0.8333333333333334, 0.5625, 0.23809523809523808, 0.75]
switch 16 are [0.36363636363636365, 0.16666666666666666, 0.28, 0.8214285714285714, 0.7916666666666666, 0.14285714285714285, 0.06521739130434782, 0.15151515151515152, 0.3333333333333333]
switch 17 are [0.4166666666666667, 0.24324324324324326, 0.8260869565217391, 0.6666666666666666, 0.5]
switch 18 are [0.2777777777777778, 0.26666666666666666, 0.25, 0.0125, 0.0661764705882353, 0.22131147540983606, 0.11538461538461539, 0.056179775280898875]
switch 19 are [0.1702127659574468, 0.0875, 0.3333333333333333, 0.2222222222222222, 0.1724137931034483, 0.6153846153846154, 0.05813953488372093]
switch_ARE_with_trim_mean [0.273708810183204, 0.3505460918006156, 0.17064076448718807, 0.20523157398157396, 0.37342111547474677, 0.25857575021553514, 0.2887994345512917, 0.4944511142589767, 0.40479890041435657, 0.14293518741794603, 0.1964748190943044, 0.3528215801253811, 0.5641337716025071, 0.39639666175748656, 0.2508595392775319, 0.6523263029198535, 0.3462579208231382, 0.5305327066196631, 0.15824959763850377, 0.23702946641211242]
switch_ARE_not with_trim_mean [0.5201640973100351, 0.45380661289386676, 0.22131141610454375, 0.24453403078403077, 0.4716460822816393, 0.40842072836854615, 0.33094397323718755, 0.7475234474803384, 0.5212587862902348, 0.14966821173717726, 0.1964748190943044, 0.4684967633242751, 0.5641337716025071, 0.39639666175748656, 0.2508595392775319, 0.7111196037969052, 0.34625792082313817, 0.5305327066196631, 0.15824959763850374, 0.23702946641211245]
4 base3
d: 6 w: 9 k: 3
all [60.0] 

ans 60.0 

4_baseline3_switch_ 0 = 323
4_baseline3_switch_ 1 = 264
4_baseline3_switch_ 2 = 219
4_baseline3_switch_ 3 = 283
4_baseline3_switch_ 4 = 208
4_baseline3_switch_ 5 = 214
4_baseline3_switch_ 6 = 214
4_baseline3_switch_ 7 = 243
4_baseline3_switch_ 8 = 586
4_baseline3_switch_ 9 = 592
4_baseline3_switch_ 10 = 524
4_baseline3_switch_ 11 = 494
4_baseline3_switch_ 12 = 468
4_baseline3_switch_ 13 = 454
4_baseline3_switch_ 14 = 476
4_baseline3_switch_ 15 = 474
4_baseline3_switch_ 16 = 530
4_baseline3_switch_ 17 = 530
4_baseline3_switch_ 18 = 518
4_baseline3_switch_ 19 = 522
pass through [323, 264, 219, 283, 208, 214, 214, 243, 586, 592, 524, 494, 468, 454, 476, 474, 530, 530, 518, 522]
num_of_flow_store_in_switch [21, 15, 15, 14, 20, 14, 14, 12, 13, 10, 12, 6, 8, 11, 9, 10, 5, 14, 7, 9]
switch 0 are [0.0, 0.2939297124600639, 0.06435643564356436, 0.24609375, 0.5726495726495726, 0.0, 0.10043668122270742, 0.19642857142857142, 3.282051282051282, 0.03631647211413749, 0.0, 0.5176470588235295, 0.2826086956521739, 0.6, 0.0, 0.0, 0.0, 0.0, 0.0, 0.0, 0.08333333333333333]
switch 1 are [0.0, 0.0, 0.21428571428571427, 0.0, 0.3181818181818182, 5.5, 0.0, 0.0, 0.16470588235294117, 0.0, 0.03225806451612903, 0.35714285714285715, 0.4909090909090909, 0.21428571428571427, 0.13043478260869565]
switch 2 are [0.484375, 0.07142857142857142, 0.42857142857142855, 2.107142857142857, 0.07142857142857142, 0.21428571428571427, 0.6785714285714286, 0.2857142857142857, 1.0714285714285714, 0.0, 0.10714285714285714, 0.1, 0.10344827586206896, 0.17647058823529413, 0.22580645161290322]
switch 3 are [0.08928571428571429, 0.017857142857142856, 0.0, 0.0, 1.1428571428571428, 0.0, 0.012448132780082987, 0.03225806451612903, 0.25, 0.0, 0.021739130434782608, 0.1590909090909091, 3.0476190476190474, 0.06140350877192982]
switch 4 are [2.0, 0.05, 0.0, 1.0, 0.14285714285714285, 0.5, 0.03125, 0.23148148148148148, 0.18518518518518517, 0.0, 0.5, 1.0, 0.07142857142857142, 1.1428571428571428, 0.03571428571428571, 0.0, 0.003236245954692557, 0.0, 0.6666666666666666, 0.0]
switch 5 are [0.24193548387096775, 0.0, 0.32142857142857145, 0.0, 0.07142857142857142, 0.9354838709677419, 0.2, 1.2307692307692308, 0.38095238095238093, 0.0, 0.03731343283582089, 0.02694610778443114, 0.05, 0.0]
switch 6 are [0.375, 0.03278688524590164, 1.14, 0.13043478260869565, 0.11764705882352941, 0.0, 1.4285714285714286, 0.0, 1.1875, 0.0, 0.0, 0.0, 0.0, 0.00819672131147541]
switch 7 are [1.375, 1.3076923076923077, 1.9375, 0.004373974849644614, 0.3, 0.12121212121212122, 0.2222222222222222, 1.0, 0.014705882352941176, 0.5384615384615384, 0.5, 0.6666666666666666]
switch 8 are [0.012578616352201259, 0.0, 0.3333333333333333, 0.20689655172413793, 0.047619047619047616, 0.28846153846153844, 0.2571428571428571, 0.4166666666666667, 0.0, 0.1111111111111111, 0.0, 0.0425531914893617, 0.2903225806451613]
switch 9 are [0.55, 1.2, 0.5384615384615384, 0.1619047619047619, 0.2647058823529412, 0.0, 0.031746031746031744, 0.0, 0.0, 0.2692307692307692]
switch 10 are [0.8888888888888888, 0.07936507936507936, 0.12857142857142856, 0.13043478260869565, 0.7916666666666666, 0.05333333333333334, 1.2, 1.7333333333333334, 0.0, 0.20833333333333334, 0.23529411764705882, 0.21212121212121213]
switch 11 are [0.5, 0.4166666666666667, 0.05154639175257732, 0.5, 0.3, 0.75]
switch 12 are [0.5625, 0.2204724409448819, 0.42105263157894735, 0.09302325581395349, 0.053763440860215055, 0.0625, 0.22857142857142856, 0.14285714285714285]
switch 13 are [0.061855670103092786, 0.25, 0.0, 0.26666666666666666, 0.4666666666666667, 0.0, 0.08, 0.05714285714285714, 0.034482758620689655, 0.5, 0.5625]
switch 14 are [0.24096385542168675, 0.76, 0.75, 0.0, 0.034482758620689655, 0.6, 0.5833333333333334, 0.11702127659574468, 0.46153846153846156]
switch 15 are [0.0, 0.4166666666666667, 0.010752688172043012, 0.038461538461538464, 0.25, 0.18181818181818182, 0.12903225806451613, 0.06666666666666667, 0.3, 0.06976744186046512]
switch 16 are [0.5, 0.375, 0.4166666666666667, 0.4, 0.6363636363636364]
switch 17 are [0.2222222222222222, 0.5333333333333333, 0.1625, 0.22549019607843138, 0.8333333333333334, 0.12, 0.07692307692307693, 0.3333333333333333, 0.25, 0.10810810810810811, 0.3707865168539326, 0.42857142857142855, 0.5833333333333334, 0.17857142857142858]
switch 18 are [0.04054054054054054, 0.010638297872340425, 0.0375, 0.3333333333333333, 0.08333333333333333, 0.1111111111111111, 0.11666666666666667]
switch 19 are [0.2222222222222222, 0.6111111111111112, 0.7222222222222222, 0.8333333333333334, 0.0, 0.028985507246376812, 0.25, 0.04186046511627907, 0.18867924528301888]
switch_ARE_with_trim_mean [0.14081178137221495, 0.1478618403294585, 0.30912859571397655, 0.1489116454661528, 0.2761137237055016, 0.1887907016057071, 0.24929712066580015, 0.6045960738607797, 0.14454716617079544, 0.22700612296200534, 0.3928008842535696, 0.41970217640320734, 0.22309254257832115, 0.19075717991110813, 0.39414885394554616, 0.13081234688042642, 0.46560606060606063, 0.29302082503379595, 0.10473189755104648, 0.32204601183717374]
switch_ARE_not with_trim_mean [0.298850074541854, 0.4948135949521974, 0.40838764009497014, 0.3453256280866344, 0.3780338361072584, 0.24973268928840833, 0.31572406261150215, 0.6656528927881201, 0.15436042265733974, 0.3016048983696042, 0.47177851465575243, 0.41970217640320734, 0.22309254257832115, 0.20721041992727027, 0.3941488539455463, 0.14631654417100776, 0.46560606060606063, 0.3161790221901402, 0.1047318975510465, 0.32204601183717374]
4 base3
d: 5 w: 3 k: 5
all [275.0] 

ans 275.0 

4_baseline3_switch_ 0 = 297
4_baseline3_switch_ 1 = 240
4_baseline3_switch_ 2 = 215
4_baseline3_switch_ 3 = 283
4_baseline3_switch_ 4 = 212
4_baseline3_switch_ 5 = 224
4_baseline3_switch_ 6 = 216
4_baseline3_switch_ 7 = 221
4_baseline3_switch_ 8 = 546
4_baseline3_switch_ 9 = 534
4_baseline3_switch_ 10 = 518
4_baseline3_switch_ 11 = 504
4_baseline3_switch_ 12 = 446
4_baseline3_switch_ 13 = 450
4_baseline3_switch_ 14 = 448
4_baseline3_switch_ 15 = 450
4_baseline3_switch_ 16 = 502
4_baseline3_switch_ 17 = 500
4_baseline3_switch_ 18 = 496
4_baseline3_switch_ 19 = 490
pass through [297, 240, 215, 283, 212, 224, 216, 221, 546, 534, 518, 504, 446, 450, 448, 450, 502, 500, 496, 490]
num_of_flow_store_in_switch [6, 12, 13, 14, 17, 10, 12, 10, 14, 16, 12, 10, 11, 10, 15, 12, 12, 10, 11, 12]
switch 0 are [1.28, 0.65814696485623, 0.0, 0.0, 0.0, 0.0]
switch 1 are [0.37117903930131, 3.517857142857143, 0.9871794871794872, 33.54545454545455, 5.325, 23.23076923076923, 0.6428571428571429, 0.5, 0.29133858267716534, 4.52, 2.942857142857143, 1.6037735849056605]
switch 2 are [0.0648508430609598, 0.49411764705882355, 2.0760869565217392, 1.2416666666666667, 1.0933333333333333, 7.2, 12.25, 3.730769230769231, 5.115384615384615, 4.129032258064516, 6.6875, 10.333333333333334, 7.5]
switch 3 are [2.9285714285714284, 2.7857142857142856, 0.6320754716981132, 3.857142857142857, 0.2798507462686567, 11.357142857142858, 8.75, 1.303370786516854, 6.066666666666666, 0.2939068100358423, 5.111111111111111, 4.888888888888889, 6.555555555555555, 3.3870967741935485]
switch 4 are [5.631578947368421, 4.928571428571429, 4.346153846153846, 4.7272727272727275, 14.083333333333334, 1.5151515151515151, 0.19672131147540983, 1.180722891566265, 9.5, 7.142857142857143, 4.03030303030303, 3.088235294117647, 8.692307692307692, 10.583333333333334, 3.064516129032258, 5.107142857142857, 9.5]
switch 5 are [5.6521739130434785, 0.7183098591549296, 0.9764705882352941, 2.06, 6.947368421052632, 8.8125, 8.2, 6.476190476190476, 4.666666666666667, 2.5952380952380953]
switch 6 are [1.7142857142857142, 1.2, 2.5869565217391304, 0.05647944775651083, 5.266666666666667, 14.583333333333334, 6.666666666666667, 1.6744186046511629, 1.2916666666666667, 15.0, 1.021505376344086, 6.68]
switch 7 are [0.33064516129032256, 0.640625, 3.9642857142857144, 1.7254901960784315, 1.2698412698412698, 3.7777777777777777, 8.833333333333334, 2.933333333333333, 1.1702127659574468, 4.45]
switch 8 are [2.857142857142857, 2.7857142857142856, 4.428571428571429, 3.642857142857143, 3.607142857142857, 8.818181818181818, 5.75, 0.047566976489885185, 2.6944444444444446, 7.833333333333333, 9.833333333333334, 7.833333333333333, 8.5, 8.0]
switch 9 are [4.035714285714286, 3.5, 1.0535714285714286, 4.535714285714286, 5.321428571428571, 8.583333333333334, 10.666666666666666, 8.583333333333334, 9.5, 12.833333333333334, 4.25, 0.8829787234042553, 3.7916666666666665, 9.76923076923077, 1.4166666666666667, 2.6]
switch 10 are [1.9107142857142858, 3.9642857142857144, 3.4285714285714284, 2.857142857142857, 3.107142857142857, 0.9636363636363636, 6.1875, 0.3, 2.8333333333333335, 6.666666666666667, 8.583333333333334, 1.5166666666666666]
switch 11 are [7.714285714285714, 1.4285714285714286, 8.909090909090908, 2.7586206896551726, 0.9054054054054054, 10.090909090909092, 5.777777777777778, 3.769230769230769, 3.413793103448276, 4.304347826086956]
switch 12 are [4.65, 0.2821576763485477, 0.5806451612903226, 6.0625, 8.416666666666666, 4.944444444444445, 0.8379446640316206, 6.723404255319149, 2.576923076923077, 2.4242424242424243, 0.24742268041237114]
switch 13 are [5.875, 16.85, 4.75, 2.566666666666667, 2.9285714285714284, 0.9166666666666666, 0.4810126582278481, 3.28, 0.3125, 0.3333333333333333]
switch 14 are [5.533333333333333, 4.5, 3.8125, 4.4375, 1.6944444444444444, 1.9767441860465116, 2.0161290322580645, 3.046511627906977, 1.0317460317460319, 7.0, 5.96, 9.705882352941176, 1.0919540229885059, 1.101123595505618, 13.0]
switch 15 are [6.5, 6.5, 8.535714285714286, 4.928571428571429, 1.5757575757575757, 2.1923076923076925, 15.76923076923077, 1.3714285714285714, 1.625, 8.857142857142858, 0.5217391304347826, 0.5395348837209303]
switch 16 are [3.0, 1.0178571428571428, 3.6785714285714284, 6.0, 2.7857142857142856, 4.6, 1.2586206896551724, 3.375, 10.6, 5.625, 1.837837837837838, 0.7807017543859649]
switch 17 are [4.3125, 0.12944983818770225, 7.923076923076923, 3.48, 1.488888888888889, 1.3866666666666667, 1.125, 0.6078431372549019, 3.0681818181818183, 13.916666666666666]
switch 18 are [3.0, 2.966666666666667, 5.375, 2.176470588235294, 0.84375, 3.4347826086956523, 0.5670103092783505, 2.3055555555555554, 4.777777777777778, 5.5, 7.5]
switch 19 are [11.166666666666666, 8.904761904761905, 2.8518518518518516, 0.26646706586826346, 3.55, 0.8364779874213837, 2.5714285714285716, 9.416666666666666, 11.133333333333333, 1.1147540983606556, 1.1162790697674418, 4.9523809523809526]
switch_ARE_with_trim_mean [0.323024494142705, 4.364147277072712, 4.509202185557478, 3.880008386341263, 5.535876455678545, 4.69676352005333, 4.2685499550353425, 2.491445757159247, 5.562560125060124, 5.543380429094715, 3.343566017316017, 4.759464777268375, 3.231362411399954, 2.6414063441832427, 3.9904709688788174, 4.262545729464334, 3.317860138463587, 2.9240196792586497, 3.375555910770105, 4.644793443597276]
switch_ARE_not with_trim_mean [0.323024494142705, 6.456522158238236, 4.762774991091786, 4.156935302821905, 5.724600087058053, 4.710491801958157, 4.811831583175828, 2.9095544551897627, 5.473687272181766, 5.707727379003975, 3.526582792207792, 4.90720327144615, 3.431486459061693, 3.8293750753465945, 4.393857908478044, 4.909702266192408, 3.7132752615851525, 3.7438273938923565, 3.4951830460190276, 4.823422347375641]
4 base3
d: 5 w: 6 k: 5
all [122.0] 

ans 122.0 

4_baseline3_switch_ 0 = 325
4_baseline3_switch_ 1 = 264
4_baseline3_switch_ 2 = 195
4_baseline3_switch_ 3 = 281
4_baseline3_switch_ 4 = 204
4_baseline3_switch_ 5 = 216
4_baseline3_switch_ 6 = 212
4_baseline3_switch_ 7 = 219
4_baseline3_switch_ 8 = 594
4_baseline3_switch_ 9 = 584
4_baseline3_switch_ 10 = 500
4_baseline3_switch_ 11 = 476
4_baseline3_switch_ 12 = 450
4_baseline3_switch_ 13 = 456
4_baseline3_switch_ 14 = 460
4_baseline3_switch_ 15 = 438
4_baseline3_switch_ 16 = 520
4_baseline3_switch_ 17 = 522
4_baseline3_switch_ 18 = 500
4_baseline3_switch_ 19 = 500
pass through [325, 264, 195, 281, 204, 216, 212, 219, 594, 584, 500, 476, 450, 456, 460, 438, 520, 522, 500, 500]
num_of_flow_store_in_switch [14, 11, 11, 14, 9, 11, 14, 9, 15, 13, 13, 15, 11, 16, 13, 11, 11, 11, 12, 5]
switch 0 are [0.16, 0.003194888178913738, 0.0, 0.0859375, 0.004273504273504274, 0.7564102564102564, 0.05188067444876784, 4.454545454545454, 0.05, 0.25, 0.4090909090909091, 1.7058823529411764, 1.3076923076923077, 1.0769230769230769]
switch 1 are [0.0, 0.039301310043668124, 0.35714285714285715, 0.13043478260869565, 0.35714285714285715, 0.42857142857142855, 0.7368421052631579, 0.391304347826087, 1.6111111111111112, 1.1904761904761905, 1.35]
switch 2 are [0.0, 1.6666666666666667, 0.08490566037735849, 0.32142857142857145, 0.35714285714285715, 0.6923076923076923, 0.056338028169014086, 0.047058823529411764, 0.425, 1.064516129032258, 1.5625]
switch 3 are [2.6666666666666665, 0.4090909090909091, 0.047058823529411764, 0.18548387096774194, 0.734375, 1.7142857142857142, 1.9333333333333333, 0.9375, 3.25, 0.4444444444444444, 0.4722222222222222, 0.3707865168539326, 2.0833333333333335, 1.1071428571428572]
switch 4 are [0.08333333333333333, 0.7857142857142857, 0.17857142857142858, 1.1428571428571428, 0.9285714285714286, 1.1428571428571428, 0.17857142857142858, 0.1927710843373494, 1.75]
switch 5 are [1.6071428571428572, 0.07142857142857142, 0.125, 0.2857142857142857, 2.0714285714285716, 0.32142857142857145, 0.32142857142857145, 1.5, 0.32142857142857145, 2.3076923076923075, 0.13402061855670103]
switch 6 are [0.2545454545454545, 1.1, 0.0995850622406639, 1.1875, 1.1, 0.8333333333333334, 0.42857142857142855, 0.7142857142857143, 2.0344827586206895, 0.22950819672131148, 0.9117647058823529, 0.8918918918918919, 1.9166666666666667, 1.4]
switch 7 are [0.016129032258064516, 0.09375, 0.0, 0.14285714285714285, 1.15625, 0.037037037037037035, 0.0, 0.42857142857142855, 0.038461538461538464]
switch 8 are [0.9375, 0.027777777777777776, 0.32558139534883723, 0.07142857142857142, 0.7142857142857143, 0.48214285714285715, 2.0, 1.6666666666666667, 0.39285714285714285, 1.45, 1.8666666666666667, 1.6666666666666667, 1.5, 0.660377358490566, 0.9354838709677419]
switch 9 are [0.2857142857142857, 0.84375, 0.009708737864077669, 2.5483870967741935, 1.8461538461538463, 1.36, 0.4166666666666667, 0.8095238095238095, 0.07407407407407407, 0.16044776119402984, 0.225, 0.7222222222222222, 1.4583333333333333]
switch 10 are [1.5625, 0.15868263473053892, 0.85, 2.2142857142857144, 1.75, 0.68, 3.090909090909091, 1.72, 3.5833333333333335, 0.9310344827586207, 1.0909090909090908, 1.9166666666666667, 0.5714285714285714]
switch 11 are [0.07868852459016394, 0.14, 1.108695652173913, 0.9019607843137255, 1.2142857142857142, 1.875, 0.04375, 8.5625, 0.004392845936617509, 0.05511811023622047, 1.5833333333333333, 2.9166666666666665, 0.7586206896551724, 1.72, 2.8333333333333335]
switch 12 are [3.0, 0.5116279069767442, 0.025, 2.6923076923076925, 1.8125, 1.0625, 1.3333333333333333, 4.0, 2.6923076923076925, 3.3333333333333335, 0.3023255813953488]
switch 13 are [0.09130672498633133, 0.23333333333333334, 0.13836477987421383, 3.6666666666666665, 12.583333333333334, 0.06896551724137931, 0.9523809523809523, 0.6391752577319587, 1.457142857142857, 0.84, 1.4324324324324325, 1.8494623655913978, 0.18115942028985507, 1.1666666666666667, 4.384615384615385, 1.0]
switch 14 are [0.48484848484848486, 0.4423076923076923, 0.2, 1.9428571428571428, 2.8333333333333335, 0.32558139534883723, 1.5333333333333334, 0.2186046511627907, 3.0, 1.3333333333333333, 2.1818181818181817, 2.6666666666666665, 1.064516129032258]
switch 15 are [0.045454545454545456, 0.5, 0.0898876404494382, 0.3888888888888889, 0.3404255319148936, 2.25, 0.7777777777777778, 1.3333333333333333, 1.0, 0.2608695652173913, 0.23684210526315788]
switch 16 are [0.4, 0.05138339920948617, 1.9230769230769231, 0.07142857142857142, 0.1, 1.4, 2.933333333333333, 0.6, 0.21568627450980393, 6.25, 0.45]
switch 17 are [0.4411764705882353, 0.2222222222222222, 0.9722222222222222, 0.21739130434782608, 2.5, 1.5333333333333334, 2.909090909090909, 0.8214285714285714, 2.0833333333333335, 0.8695652173913043, 2.0]
switch 18 are [0.09375, 0.6507936507936508, 0.3333333333333333, 0.22784810126582278, 0.625, 1.6666666666666667, 1.9473684210526316, 0.010752688172043012, 0.7083333333333334, 0.14893617021276595, 1.9523809523809523, 2.0833333333333335]
switch 19 are [0.4266666666666667, 0.09558823529411764, 0.23404255319148937, 0.8484848484848485, 0.8636363636363636]
switch_ARE_with_trim_mean [0.48844045582990936, 0.5534684310083269, 0.5123553068874627, 1.0882220723617628, 0.7092496972015044, 0.7430657830142366, 0.9140056159915128, 0.2125617976872457, 0.9745889931170331, 0.7456259998983881, 1.488884874268887, 1.1714963698914032, 1.8600261710726826, 1.2880504886937179, 1.3661091221856414, 0.5475583158716534, 0.8992805669276256, 1.2714757078354693, 0.8354410629039156, 0.4936837334546972]
switch_ARE_not with_trim_mean [0.7368450660360262, 0.5993024536532776, 0.5707149480594391, 1.168265977990755, 0.7092496972015045, 0.8242466296590006, 0.9358668009113933, 0.2125617976872457, 0.9798289792199473, 0.8276909102708108, 1.5476730450016638, 1.5864230436349906, 1.8877486854231038, 1.9178128557679228, 1.402092334157081, 0.6566799443908569, 1.3086280455961925, 1.324523962177996, 0.8707080542120443, 0.4936837334546972]
4 base3
d: 5 w: 9 k: 5
all [77.0] 

ans 77.0 

4_baseline3_switch_ 0 = 329
4_baseline3_switch_ 1 = 268
4_baseline3_switch_ 2 = 195
4_baseline3_switch_ 3 = 281
4_baseline3_switch_ 4 = 206
4_baseline3_switch_ 5 = 212
4_baseline3_switch_ 6 = 230
4_baseline3_switch_ 7 = 231
4_baseline3_switch_ 8 = 608
4_baseline3_switch_ 9 = 574
4_baseline3_switch_ 10 = 514
4_baseline3_switch_ 11 = 482
4_baseline3_switch_ 12 = 458
4_baseline3_switch_ 13 = 430
4_baseline3_switch_ 14 = 486
4_baseline3_switch_ 15 = 462
4_baseline3_switch_ 16 = 536
4_baseline3_switch_ 17 = 534
4_baseline3_switch_ 18 = 496
4_baseline3_switch_ 19 = 496
pass through [329, 268, 195, 281, 206, 212, 230, 231, 608, 574, 514, 482, 458, 430, 486, 462, 536, 534, 496, 496]
num_of_flow_store_in_switch [19, 15, 12, 14, 17, 17, 14, 13, 13, 8, 12, 10, 12, 9, 10, 9, 7, 5, 13, 10]
switch 0 are [0.77, 0.0, 0.04207920792079208, 0.890625, 0.0, 0.5388349514563107, 0.0, 2.4464285714285716, 0.0, 0.0, 0.18181818181818182, 0.0, 0.0, 3.7857142857142856, 0.0, 1.2173913043478262, 0.0, 0.14285714285714285, 0.06140350877192982]
switch 1 are [0.18478260869565216, 0.05, 0.17857142857142858, 0.0, 2.1052631578947367, 0.0, 0.39285714285714285, 2.0, 1.9545454545454546, 0.028169014084507043, 0.011764705882352941, 0.011904761904761904, 0.0, 0.0, 0.03571428571428571]
switch 2 are [0.16666666666666666, 0.10588235294117647, 0.03125, 0.14285714285714285, 0.7142857142857143, 0.07142857142857142, 0.17857142857142858, 0.2857142857142857, 0.07142857142857142, 0.21428571428571427, 0.5, 0.38095238095238093]
switch 3 are [0.07142857142857142, 0.07142857142857142, 1.1428571428571428, 0.0, 1.0, 1.0, 0.07142857142857142, 0.0, 0.058091286307053944, 0.1774193548387097, 0.10714285714285714, 0.0, 0.05555555555555555, 0.5833333333333334]
switch 4 are [2.0, 0.0, 1.53125, 0.0, 0.06666666666666667, 0.17857142857142858, 0.0, 0.5, 0.1574074074074074, 0.18604651162790697, 0.016129032258064516, 0.0, 0.0, 0.10714285714285714, 0.0, 0.1891891891891892, 0.6428571428571429]
switch 5 are [0.17592592592592593, 0.0, 1.7857142857142858, 0.9642857142857143, 0.6071428571428571, 1.5333333333333334, 0.05, 0.0, 0.02912621359223301, 0.25806451612903225, 1.5384615384615385, 1.88, 0.16666666666666666, 0.047619047619047616, 0.0037313432835820895, 1.0625, 0.6296296296296297]
switch 6 are [0.14814814814814814, 0.125, 0.029940119760479042, 0.575, 0.14285714285714285, 1.1666666666666667, 0.06557377049180328, 0.22, 0.0, 1.4545454545454546, 0.13125, 0.5238095238095238, 0.29411764705882354, 0.5625]
switch 7 are [0.0, 0.42857142857142855, 0.25, 0.27906976744186046, 0.4, 1.3076923076923077, 0.4375, 0.0009413241292751804, 0.0010934937124111536, 0.4666666666666667, 0.0, 0.9166666666666666, 0.11594202898550725]
switch 8 are [0.012578616352201259, 0.08333333333333333, 0.8333333333333334, 0.017241379310344827, 0.3181818181818182, 0.07692307692307693, 0.3111111111111111, 0.0, 0.05194805194805195, 0.25, 0.05555555555555555, 0.11627906976744186, 0.8333333333333334]
switch 9 are [0.2, 0.033707865168539325, 0.06666666666666667, 0.019762845849802372, 0.19148936170212766, 0.004761904761904762, 0.03125, 0.031914893617021274]
switch 10 are [0.3076923076923077, 0.4117647058823529, 0.0, 0.3055555555555556, 0.015873015873015872, 0.19444444444444445, 0.08860759493670886, 0.13333333333333333, 0.014705882352941176, 0.25, 0.3333333333333333, 0.42857142857142855]
switch 11 are [0.014285714285714285, 0.0, 0.9583333333333334, 0.75, 0.2777777777777778, 0.5, 0.27586206896551724, 0.027491408934707903, 0.3225806451612903, 0.2857142857142857]
switch 12 are [1.0666666666666667, 0.5333333333333333, 0.0, 0.0, 0.041237113402061855, 0.2916666666666667, 1.5, 0.25806451612903225, 0.13333333333333333, 1.1538461538461537, 0.0898876404494382, 0.22580645161290322]
switch 13 are [0.13076923076923078, 0.08333333333333333, 0.08333333333333333, 0.0, 0.06666666666666667, 0.05263157894736842, 0.0, 0.5, 0.7272727272727273]
switch 14 are [0.2, 0.7333333333333333, 0.04, 0.32558139534883723, 0.007168458781362007, 1.75, 0.5, 0.14285714285714285, 0.5625, 0.1320754716981132]
switch 15 are [0.4, 0.04, 0.06666666666666667, 0.4583333333333333, 0.4782608695652174, 0.3076923076923077, 0.027906976744186046, 0.3, 0.4]
switch 16 are [0.45454545454545453, 0.25, 0.27586206896551724, 0.12, 0.5, 0.21212121212121213, 0.45454545454545453]
switch 17 are [0.04918032786885246, 0.29411764705882354, 0.21212121212121213, 0.5833333333333334, 0.23809523809523808]
switch 18 are [0.1111111111111111, 0.16666666666666666, 0.6875, 0.0851063829787234, 0.09195402298850575, 0.3225806451612903, 0.5555555555555556, 0.36, 0.2692307692307692, 0.3333333333333333, 0.06521739130434782, 0.2727272727272727, 0.9166666666666666]
switch 19 are [0.08108108108108109, 0.125, 0.1375, 0.12745098039215685, 4.0, 0.19230769230769232, 0.3076923076923077, 0.06666666666666667, 0.4166666666666667, 0.75]
switch_ARE_with_trim_mean [0.37008458050592674, 0.37294687709658353, 0.21177871148459385, 0.2663190084552687, 0.23835068238137758, 0.5901467381189232, 0.33207191823271565, 0.2996773978339833, 0.19331684961966075, 0.07244419222075776, 0.20553101734039933, 0.30671398760491164, 0.3793841875439589, 0.1826674300358511, 0.32954341790467834, 0.2754289060001901, 0.32386774145394837, 0.27536955169549193, 0.29597870543211163, 0.2672123410174881]
switch_ARE_not with_trim_mean [0.5303764291744758, 0.4635715040100215, 0.23861023576097104, 0.3099060888800262, 0.3279564844541567, 0.6313059453990497, 0.388529176667003, 0.3541648987589326, 0.2276783599345848, 0.07244419222075776, 0.20699013349795178, 0.34120452341726265, 0.4411534896199658, 0.1826674300358511, 0.4393515802018789, 0.2754289060001901, 0.32386774145394837, 0.27536955169549193, 0.3259730629018648, 0.6204365394806571]
4 base3
d: 6 w: 9 k: 5
all [90.0] 

ans 90.0 

4_baseline3_switch_ 0 = 337
4_baseline3_switch_ 1 = 268
4_baseline3_switch_ 2 = 199
4_baseline3_switch_ 3 = 293
4_baseline3_switch_ 4 = 204
4_baseline3_switch_ 5 = 210
4_baseline3_switch_ 6 = 230
4_baseline3_switch_ 7 = 235
4_baseline3_switch_ 8 = 618
4_baseline3_switch_ 9 = 574
4_baseline3_switch_ 10 = 508
4_baseline3_switch_ 11 = 488
4_baseline3_switch_ 12 = 438
4_baseline3_switch_ 13 = 436
4_baseline3_switch_ 14 = 486
4_baseline3_switch_ 15 = 478
4_baseline3_switch_ 16 = 526
4_baseline3_switch_ 17 = 524
4_baseline3_switch_ 18 = 500
4_baseline3_switch_ 19 = 500
pass through [337, 268, 199, 293, 204, 210, 230, 235, 618, 574, 508, 488, 438, 436, 486, 478, 526, 524, 500, 500]
num_of_flow_store_in_switch [20, 18, 15, 14, 21, 15, 16, 15, 13, 14, 10, 6, 8, 10, 7, 3, 7, 7, 9, 11]
switch 0 are [1.22, 0.0926517571884984, 0.0, 0.30859375, 0.0, 0.03398058252427184, 0.03056768558951965, 0.5892857142857143, 0.08974358974358974, 0.05188067444876784, 0.36363636363636365, 0.16470588235294117, 0.0, 0.0, 1.1071428571428572, 0.07142857142857142, 0.0, 3.090909090909091, 0.36363636363636365, 0.1590909090909091]
switch 1 are [0.06666666666666667, 0.0, 0.0, 0.009433962264150943, 1.6842105263157894, 0.8846153846153846, 2.130434782608696, 3.0833333333333335, 0.8732394366197183, 0.03529411764705882, 0.0, 0.18548387096774194, 0.203125, 0.0, 3.392857142857143, 0.0, 0.014705882352941176, 0.22580645161290322]
switch 2 are [0.0, 0.6071428571428571, 0.03571428571428571, 0.10714285714285714, 1.0, 1.2857142857142858, 1.0, 0.0, 1.0, 1.0, 0.2857142857142857, 0.12727272727272726, 0.010752688172043012, 0.06666666666666667, 0.25806451612903225]
switch 3 are [0.0, 0.2857142857142857, 0.10714285714285714, 0.03571428571428571, 0.4, 0.016597510373443983, 1.4375, 0.15625, 0.0, 0.13333333333333333, 0.018518518518518517, 0.0, 0.4166666666666667, 0.4166666666666667]
switch 4 are [0.0, 1.6, 0.0, 0.0, 0.40625, 0.125, 0.5555555555555556, 0.0, 0.11290322580645161, 2.2857142857142856, 1.0714285714285714, 0.14285714285714285, 0.14285714285714285, 0.25, 0.0, 1.4, 0.0, 0.12962962962962962, 0.0, 0.04, 0.15384615384615385]
switch 5 are [0.8666666666666667, 0.53125, 0.03225806451612903, 0.03333333333333333, 1.1538461538461537, 0.4, 0.16666666666666666, 0.047619047619047616, 0.5625, 0.325, 0.0, 0.21739130434782608, 0.15, 0.5625, 0.11428571428571428]
switch 6 are [0.03592814371257485, 0.6428571428571429, 0.06229508196721312, 0.32, 0.1568627450980392, 0.7272727272727273, 1.2142857142857142, 2.6875, 0.00625, 3.1875, 0.09302325581395349, 0.9375, 2.0, 0.057971014492753624, 0.1276595744680851, 0.15]
switch 7 are [0.5384615384615384, 0.015688735487919672, 0.0, 0.0, 0.08176100628930817, 0.6666666666666666, 3.3333333333333335, 0.17142857142857143, 1.7083333333333333, 0.011494252873563218, 0.06896551724137931, 0.014492753623188406, 0.023255813953488372, 0.5454545454545454, 0.1935483870967742]
switch 8 are [0.29310344827586204, 1.106060606060606, 0.015873015873015872, 0.3076923076923077, 0.044444444444444446, 0.012987012987012988, 0.08333333333333333, 0.25, 0.2808988764044944, 0.0, 0.0, 0.42857142857142855, 0.32142857142857145]
switch 9 are [0.2222222222222222, 0.2, 0.0, 2.0, 0.02857142857142857, 0.2647058823529412, 0.19047619047619047, 0.0, 0.08571428571428572, 0.16666666666666666, 0.19230769230769232, 1.5, 0.3076923076923077, 0.5]
switch 10 are [0.09375, 0.0, 0.06329113924050633, 0.7391304347826086, 0.05333333333333334, 0.6666666666666666, 0.3333333333333333, 0.4375, 0.34615384615384615, 0.35]
switch 11 are [0.4666666666666667, 0.007692307692307693, 0.06299212598425197, 0.16666666666666666, 0.00819672131147541, 0.3333333333333333]
switch 12 are [0.9166666666666666, 0.030927835051546393, 0.3333333333333333, 0.6, 0.024096385542168676, 0.007168458781362007, 0.09090909090909091, 0.16666666666666666]
switch 13 are [0.4, 0.26666666666666666, 0.0, 0.08, 0.4857142857142857, 0.5813953488372093, 0.0, 0.9166666666666666, 0.13333333333333333, 0.2222222222222222]
switch 14 are [0.4375, 0.18181818181818182, 0.2413793103448276, 0.23076923076923078, 0.08333333333333333, 0.55, 0.1509433962264151]
switch 15 are [0.3333333333333333, 0.16, 0.25]
switch 16 are [0.2222222222222222, 0.13333333333333333, 0.5, 0.25, 0.024054982817869417, 0.056179775280898875, 0.2857142857142857]
switch 17 are [0.05405405405405406, 0.0125, 0.6666666666666666, 0.18181818181818182, 0.6666666666666666, 0.3333333333333333, 0.05263157894736842]
switch 18 are [0.010638297872340425, 0.0125, 0.09523809523809523, 0.16666666666666666, 0.8333333333333334, 0.047619047619047616, 0.391304347826087, 0.08108108108108109, 0.06976744186046512]
switch 19 are [0.058823529411764705, 0.06944444444444445, 1.0555555555555556, 0.9444444444444444, 0.8333333333333334, 1.0, 0.14285714285714285, 0.8235294117647058, 0.16666666666666666, 0.4166666666666667, 0.17647058823529413]
switch_ARE_with_trim_mean [0.214146543816773, 0.587271838437774, 0.42295929876575034, 0.16555034367750482, 0.2664898483518028, 0.3084208305719526, 0.6580825285691575, 0.31073470168540585, 0.18530294900095187, 0.3048630563336446, 0.2930035398409607, 0.1742579702757836, 0.2712210546188543, 0.2711664820967147, 0.2679633503559984, 0.2477777777777778, 0.21021494276694422, 0.28109578306946725, 0.18979425683301296, 0.5081569664902998]
switch_ARE_not with_trim_mean [0.38686268959887293, 0.7105114754367515, 0.4522790113112693, 0.24457886600928982, 0.4007638908426159, 0.3442211300854358, 0.7754315874980128, 0.4915256303495739, 0.2418763880823905, 0.40416833400026675, 0.30831587535102944, 0.1742579702757836, 0.2712210546188543, 0.3085998523440384, 0.2679633503559984, 0.24777777777777776, 0.2102149427669442, 0.28109578306946725, 0.18979425683301296, 0.5170719803072745]
