4 base3
d: 5 w: 3 k: 1
all [248.0] 

ans 248.0 

4_baseline3_switch_ 0 = 245
4_baseline3_switch_ 1 = 316
4_baseline3_switch_ 2 = 291
4_baseline3_switch_ 3 = 250
4_baseline3_switch_ 4 = 372
4_baseline3_switch_ 5 = 256
4_baseline3_switch_ 6 = 142
4_baseline3_switch_ 7 = 134
4_baseline3_switch_ 8 = 568
4_baseline3_switch_ 9 = 552
4_baseline3_switch_ 10 = 534
4_baseline3_switch_ 11 = 536
4_baseline3_switch_ 12 = 620
4_baseline3_switch_ 13 = 614
4_baseline3_switch_ 14 = 310
4_baseline3_switch_ 15 = 338
4_baseline3_switch_ 16 = 512
4_baseline3_switch_ 17 = 510
4_baseline3_switch_ 18 = 520
4_baseline3_switch_ 19 = 524
pass through [245, 316, 291, 250, 372, 256, 142, 134, 568, 552, 534, 536, 620, 614, 310, 338, 512, 510, 520, 524]
num_of_flow_store_in_switch [7, 10, 11, 13, 15, 9, 12, 13, 14, 18, 13, 13, 10, 11, 9, 13, 12, 12, 13, 11]
switch 0 are [2.425, 0.65814696485623, 0.0, 1.67578125, 1.1116504854368932, 0.0, 0.0]
switch 1 are [0.20085470085470086, 1.7857142857142858, 0.3974358974358974, 8.909090909090908, 1.8369565217391304, 11.166666666666666, 0.956989247311828, 6.28, 1.4333333333333333, 4.032258064516129]
switch 2 are [0.29411764705882354, 1.2333333333333334, 0.7533333333333333, 3.4642857142857144, 3.2857142857142856, 8.105263157894736, 1.2222222222222223, 0.9841269841269841, 9.416666666666666, 4.714285714285714, 1.202247191011236]
switch 3 are [13.666666666666666, 2.858490566037736, 6.857142857142857, 6.857142857142857, 3.6153846153846154, 8.565217391304348, 0.373134328358209, 0.2994011976047904, 2.3, 7.571428571428571, 0.42857142857142855, 5.111111111111111, 2.4285714285714284]
switch 4 are [6.454545454545454, 8.5, 1.619718309859155, 0.4528301886792453, 1.4310344827586208, 4.7, 8.5, 6.733333333333333, 5.333333333333333, 8.5, 12.666666666666666, 2.727272727272727, 9.25, 4.214285714285714, 8.666666666666666]
switch 5 are [0.9848484848484849, 1.011764705882353, 1.130952380952381, 1.2705882352941176, 10.75, 2.0634920634920637, 3.9722222222222223, 0.35384615384615387, 11.818181818181818]
switch 6 are [8.0, 0.8787878787878788, 2.6666666666666665, 3.5, 3.32, 2.388888888888889, 4.5, 4.541666666666667, 3.5454545454545454, 13.076923076923077, 5.193548387096774, 2.5714285714285716]
switch 7 are [0.43548387096774194, 3.015625, 4.464285714285714, 0.1540983606557377, 2.76, 3.25, 9.2, 1.8674698795180722, 8.88888888888889, 1.55, 1.186046511627907, 13.833333333333334, 14.666666666666666]
switch 8 are [4.178571428571429, 3.25, 4.178571428571429, 3.4285714285714284, 3.4285714285714284, 1.5869565217391304, 0.40625, 2.8461538461538463, 1.4444444444444444, 5.611111111111111, 6.294117647058823, 4.391304347826087, 8.916666666666666, 1.9056603773584906]
switch 9 are [4.0, 3.2857142857142856, 1.8928571428571428, 1.1428571428571428, 4.107142857142857, 3.2857142857142856, 1.803921568627451, 13.727272727272727, 2.585714285714286, 10.666666666666666, 8.6875, 7.9375, 10.666666666666666, 4.785714285714286, 5.615384615384615, 4.9411764705882355, 0.6465116279069767, 10.666666666666666]
switch 10 are [4.035714285714286, 3.0714285714285716, 3.2857142857142856, 0.44398340248962653, 0.8145161290322581, 9.071428571428571, 7.8125, 3.0, 0.2964426877470356, 1.4047619047619047, 3.9565217391304346, 2.9310344827586206, 2.6363636363636362]
switch 11 are [4.321428571428571, 1.2545454545454546, 8.3125, 1.4603174603174602, 11.916666666666666, 10.461538461538462, 0.9866666666666667, 0.5984251968503937, 7.266666666666667, 4.904761904761905, 10.272727272727273, 0.2426470588235294, 3.189189189189189]
switch 12 are [4.45, 6.066666666666666, 1.5348837209302326, 2.1142857142857143, 1.3404255319148937, 0.6082474226804123, 10.181818181818182, 3.730769230769231, 2.142857142857143, 0.3745704467353952]
switch 13 are [6.1875, 4.75, 2.625, 6.535714285714286, 0.8125, 3.4186046511627906, 3.7916666666666665, 0.6891891891891891, 8.583333333333334, 0.5289855072463768, 0.717391304347826]
switch 14 are [2.8, 3.142857142857143, 2.5625, 0.8240740740740741, 0.09259259259259259, 2.9767441860465116, 0.7721518987341772, 0.21505376344086022, 5.333333333333333]
switch 15 are [3.09375, 1.2741935483870968, 3.4285714285714284, 3.4285714285714284, 3.6785714285714284, 2.1, 7.1875, 9.916666666666666, 5.526315789473684, 4.88, 1.3725490196078431, 7.733333333333333, 0.9736842105263158]
switch 16 are [3.107142857142857, 1.875, 3.107142857142857, 5.392857142857143, 6.666666666666667, 8.3125, 1.0574712643678161, 10.461538461538462, 1.0957446808510638, 6.7, 10.0, 3.806451612903226]
switch 17 are [4.642857142857143, 5.95, 3.9375, 0.19741100323624594, 2.6129032258064515, 0.054596799497960466, 3.6333333333333333, 13.916666666666666, 9.733333333333333, 2.8620689655172415, 1.0125, 1.0327868852459017]
switch 18 are [2.8333333333333335, 7.615384615384615, 5.96, 7.615384615384615, 0.05358119190814653, 2.676470588235294, 7.133333333333334, 3.48, 0.8404255319148937, 3.5185185185185186, 10.88888888888889, 3.3076923076923075, 4.75]
switch 19 are [6.125, 4.333333333333333, 7.1875, 8.416666666666666, 0.5955056179775281, 6.533333333333333, 1.1375, 8.416666666666666, 7.1875, 8.333333333333334, 5.142857142857143]
switch_ARE_with_trim_mean [0.8386541000418747, 3.203972282392689, 2.773867992911951, 4.2696541050048324, 5.894630001696539, 3.7062106738577327, 4.022765372620212, 4.586466654420151, 3.5453361674981374, 5.379449808769661, 3.0356853124903296, 4.820796985881095, 2.7485169287630367, 3.2808406774534173, 2.0799229990087436, 3.9730323615014767, 5.006350581756381, 3.5614693889329643, 4.520958440345174, 6.044113756613757]
switch_ARE_not with_trim_mean [0.8386541000418747, 3.699929962666288, 3.1523269318120954, 4.687097155332664, 5.983312458493395, 3.7062106738577327, 4.515280390159423, 5.020915248149543, 3.7047821911888796, 5.580276738638571, 3.289262284351479, 5.014467736167864, 3.254452405865787, 3.5127168125145882, 2.0799229990087436, 4.199515911823787, 5.1318762952891745, 4.132163112957857, 4.667154840353381, 5.764472372197091]
4 base3
d: 5 w: 6 k: 1
all [209.0] 

ans 209.0 

4_baseline3_switch_ 0 = 279
4_baseline3_switch_ 1 = 292
4_baseline3_switch_ 2 = 287
4_baseline3_switch_ 3 = 264
4_baseline3_switch_ 4 = 366
4_baseline3_switch_ 5 = 246
4_baseline3_switch_ 6 = 110
4_baseline3_switch_ 7 = 112
4_baseline3_switch_ 8 = 566
4_baseline3_switch_ 9 = 568
4_baseline3_switch_ 10 = 548
4_baseline3_switch_ 11 = 550
4_baseline3_switch_ 12 = 598
4_baseline3_switch_ 13 = 610
4_baseline3_switch_ 14 = 280
4_baseline3_switch_ 15 = 278
4_baseline3_switch_ 16 = 512
4_baseline3_switch_ 17 = 506
4_baseline3_switch_ 18 = 512
4_baseline3_switch_ 19 = 512
pass through [279, 292, 287, 264, 366, 246, 110, 112, 566, 568, 548, 550, 598, 610, 280, 278, 512, 506, 512, 512]
num_of_flow_store_in_switch [13, 14, 14, 13, 10, 13, 13, 11, 11, 12, 14, 13, 13, 9, 11, 13, 10, 10, 11, 11]
switch 0 are [1.705, 0.1853035143769968, 0.009900990099009901, 0.0, 0.11965811965811966, 1.1990291262135921, 0.9781659388646288, 3.1964285714285716, 1.9487179487179487, 0.011673151750972763, 0.05, 0.19333333333333333, 0.07142857142857142]
switch 1 are [1.8181818181818181, 0.023529411764705882, 0.6956521739130435, 0.4642857142857143, 11.0, 0.12264150943396226, 0.7894736842105263, 0.6785714285714286, 1.5833333333333333, 1.3888888888888888, 0.9354838709677419, 2.6153846153846154, 0.12714776632302405, 1.7857142857142858]
switch 2 are [1.75, 0.9230769230769231, 0.6521739130434783, 0.3181818181818182, 0.7746478873239436, 0.0, 0.38823529411764707, 0.17647058823529413, 0.25806451612903225, 2.3333333333333335, 1.3333333333333333, 4.363636363636363, 0.2808988764044944, 2.5833333333333335]
switch 3 are [0.36904761904761907, 0.4375, 0.39285714285714285, 1.1785714285714286, 0.7142857142857143, 1.7142857142857142, 0.75, 0.10309278350515463, 1.1538461538461537, 3.6923076923076925, 0.8181818181818182, 1.45, 1.8333333333333333]
switch 4 are [0.17857142857142858, 0.32142857142857145, 3.2857142857142856, 0.5, 0.19642857142857142, 2.0357142857142856, 0.4642857142857143, 0.13333333333333333, 0.08695652173913043, 3.0833333333333335]
switch 5 are [1.0357142857142858, 0.7142857142857143, 0.7857142857142857, 3.9642857142857144, 0.01818181818181818, 0.55, 0.008298755186721992, 0.75, 0.35714285714285715, 0.009259259259259259, 0.15, 1.1111111111111112, 1.625]
switch 6 are [0.23387096774193547, 1.9375, 0.59375, 0.0, 0.6071428571428571, 0.03125, 0.25925925925925924, 0.45161290322580644, 2.0, 0.0, 2.0, 0.6785714285714286, 0.2631578947368421]
switch 7 are [0.53125, 0.8837209302325582, 0.42857142857142855, 0.17857142857142858, 1.5, 0.5, 0.65625, 0.12903225806451613, 0.23529411764705882, 2.0, 1.4285714285714286]
switch 8 are [1.5357142857142858, 1.5357142857142858, 0.10714285714285714, 0.2297734627831715, 0.23333333333333334, 4.461538461538462, 3.56, 0.5238095238095238, 0.1557377049180328, 1.1428571428571428, 0.4166666666666667]
switch 9 are [0.20833333333333334, 0.4444444444444444, 1.8125, 0.05223880597014925, 0.08982035928143713, 0.9, 3.3636363636363638, 0.10625, 2.25, 12.0, 0.5483870967741935, 0.7741935483870968]
switch 10 are [0.525, 2.7142857142857144, 2.0, 1.5625, 0.65, 2.25, 0.3787878787878788, 2.2666666666666666, 2.4, 2.96, 0.10638297872340426, 2.0, 3.5833333333333335, 0.8928571428571429]
switch 11 are [0.1377049180327869, 1.1304347826086956, 0.5294117647058824, 2.375, 0.011481683980317113, 0.1320754716981132, 1.75, 0.9534883720930233, 0.6666666666666666, 0.16666666666666666, 1.0, 1.65, 3.8181818181818183]
switch 12 are [2.9285714285714284, 0.20930232558139536, 0.1746031746031746, 0.057692307692307696, 0.17921146953405018, 0.6666666666666666, 2.5277777777777777, 1.1875, 0.5185185185185185, 3.090909090909091, 0.8, 0.6216216216216216, 0.6428571428571429]
switch 13 are [1.7692307692307692, 0.0031377470975839346, 0.4, 0.3191489361702128, 0.37142857142857144, 1.7777777777777777, 1.8333333333333333, 1.8333333333333333, 0.6956521739130435]
switch 14 are [1.6666666666666667, 0.3448275862068966, 0.9111111111111111, 0.2647058823529412, 0.1111111111111111, 0.40963855421686746, 0.7777777777777778, 6.583333333333333, 0.05514705882352941, 0.3581395348837209, 0.5283018867924528]
switch 15 are [0.2857142857142857, 0.08441558441558442, 3.0, 1.4, 2.6923076923076925, 0.5555555555555556, 0.45569620253164556, 0.5833333333333334, 1.0666666666666667, 0.8, 0.5714285714285714, 2.6, 0.27906976744186046]
switch 16 are [0.16853932584269662, 1.4166666666666667, 0.0, 0.0, 0.6842105263157895, 0.7777777777777778, 0.3793103448275862, 1.0769230769230769, 0.5757575757575758, 1.75]
switch 17 are [0.4, 0.125, 1.6875, 0.17692307692307693, 0.4189189189189189, 0.2222222222222222, 2.1666666666666665, 0.43333333333333335, 2.5833333333333335, 0.8709677419354839]
switch 18 are [0.07936507936507936, 0.2222222222222222, 3.5, 0.6377952755905512, 1.75, 0.8275862068965517, 1.6538461538461537, 0.4574468085106383, 0.6363636363636364, 0.7142857142857143, 1.6666666666666667]
switch 19 are [1.391304347826087, 0.5466666666666666, 3.0, 2.0833333333333335, 1.625, 0.68, 2.1666666666666665, 0.6, 0.15, 1.5294117647058822, 1.625]
switch_ARE_with_trim_mean [0.5883827904039248, 1.0837299241006983, 0.9809791513760527, 0.9829008113099023, 0.8641369047619049, 0.6460372119463029, 0.6414650282434663, 0.7046921481771002, 1.037067378421827, 1.0497565145856869, 1.7166747835497835, 0.9537680584065303, 0.9506027387028887, 1.0003380713649583, 0.5969200123466162, 1.0263429159072373, 0.6348981617638962, 0.7970664949999627, 0.9518014093757928, 1.3608203087998485]
switch_ARE_not with_trim_mean [0.7437414819901342, 1.7163063214980774, 1.1525275842963567, 1.123639184632444, 1.0285766045548654, 0.8522302923755206, 0.6966242546675484, 0.7701146901507653, 1.2638443385888876, 1.879150329318918, 1.734986693903867, 1.10162401112569, 1.0465562711025518, 1.0003380713649583, 1.0918873184796736, 1.1057067430303997, 0.682918529411117, 0.9084865293333035, 1.1041434330679285, 1.3997620708362395]
4 base3
d: 5 w: 9 k: 1
all [128.0] 

ans 128.0 

4_baseline3_switch_ 0 = 271
4_baseline3_switch_ 1 = 278
4_baseline3_switch_ 2 = 281
4_baseline3_switch_ 3 = 270
4_baseline3_switch_ 4 = 362
4_baseline3_switch_ 5 = 246
4_baseline3_switch_ 6 = 120
4_baseline3_switch_ 7 = 120
4_baseline3_switch_ 8 = 560
4_baseline3_switch_ 9 = 532
4_baseline3_switch_ 10 = 572
4_baseline3_switch_ 11 = 534
4_baseline3_switch_ 12 = 610
4_baseline3_switch_ 13 = 590
4_baseline3_switch_ 14 = 312
4_baseline3_switch_ 15 = 314
4_baseline3_switch_ 16 = 530
4_baseline3_switch_ 17 = 528
4_baseline3_switch_ 18 = 512
4_baseline3_switch_ 19 = 506
pass through [271, 278, 281, 270, 362, 246, 120, 120, 560, 532, 572, 534, 610, 590, 312, 314, 530, 528, 512, 506]
num_of_flow_store_in_switch [17, 18, 15, 13, 17, 15, 12, 14, 11, 14, 13, 11, 8, 9, 12, 7, 7, 7, 10, 9]
switch 0 are [0.355, 0.33865814696485624, 0.027227722772277228, 0.02734375, 0.021367521367521368, 0.10714285714285714, 0.01282051282051282, 0.11024643320363164, 0.22826086956521738, 0.0, 0.06666666666666667, 0.0, 0.32142857142857145, 0.043478260869565216, 1.6818181818181819, 0.03125, 0.06976744186046512]
switch 1 are [0.13592233009708737, 0.13973799126637554, 9.909090909090908, 0.0, 0.025, 0.14285714285714285, 0.32142857142857145, 0.20754716981132076, 0.0, 4.8076923076923075, 8.083333333333334, 0.0, 0.0, 0.0, 0.05357142857142857, 0.38235294117647056, 0.1590909090909091, 0.5833333333333334]
switch 2 are [0.11904761904761904, 0.35294117647058826, 0.0, 0.2857142857142857, 0.32142857142857145, 0.39285714285714285, 1.0357142857142858, 0.0, 0.03571428571428571, 0.0, 2.9642857142857144, 0.03571428571428571, 0.0, 0.0, 0.013888888888888888]
switch 3 are [0.21428571428571427, 0.07142857142857142, 0.0, 1.1428571428571428, 0.0, 0.10714285714285714, 0.0, 0.1037344398340249, 0.04838709677419355, 0.1, 0.09375, 0.03571428571428571, 0.0]
switch 4 are [0.26666666666666666, 0.6666666666666666, 0.0, 0.0, 0.0, 1.1428571428571428, 0.4642857142857143, 1.3571428571428572, 0.03571428571428571, 0.03571428571428571, 0.0, 0.0, 0.03125, 0.2, 0.5833333333333334, 0.7272727272727273, 0.38095238095238093]
switch 5 are [0.625, 0.018518518518518517, 0.4186046511627907, 0.14285714285714285, 0.32142857142857145, 0.13333333333333333, 0.0, 0.06451612903225806, 0.38461538461538464, 0.08, 0.14285714285714285, 0.008982035928143712, 0.4166666666666667, 0.5833333333333334, 0.11320754716981132]
switch 6 are [0.03333333333333333, 0.5833333333333334, 0.0, 0.0, 0.022388059701492536, 0.125, 0.5, 0.006557377049180328, 0.0392156862745098, 0.0, 0.2777777777777778, 0.22580645161290322]
switch 7 are [1.1, 0.0, 0.5454545454545454, 3.2142857142857144, 1.6875, 0.20930232558139536, 0.0, 0.3076923076923077, 0.0, 0.2, 0.0, 0.4166666666666667, 0.6538461538461539, 0.24242424242424243]
switch 8 are [0.5, 0.4375, 0.002733734281027884, 0.0, 0.050314465408805034, 0.08333333333333333, 1.3333333333333333, 0.0, 0.09615384615384616, 0.6111111111111112, 0.75]
switch 9 are [0.0, 0.047619047619047616, 0.2571428571428571, 0.75, 0.10112359550561797, 0.2222222222222222, 0.9, 0.02127659574468085, 1.1470588235294117, 0.9090909090909091, 0.08, 0.5714285714285714, 0.021739130434782608, 0.3076923076923077]
switch 10 are [0.039525691699604744, 1.3076923076923077, 0.14285714285714285, 0.5, 0.015873015873015872, 0.16666666666666666, 0.1, 0.0, 0.42857142857142855, 0.32142857142857145, 0.23076923076923078, 0.07446808510638298, 0.3548387096774194]
switch 11 are [0.36507936507936506, 2.5277777777777777, 0.12658227848101267, 3.3043478260869565, 0.875, 0.21333333333333335, 1.2, 0.4666666666666667, 0.025735294117647058, 0.12121212121212122, 0.2702702702702703]
switch 12 are [0.6875, 0.06153846153846154, 0.03278688524590164, 0.1724137931034483, 0.6666666666666666, 0.18333333333333332, 0.024054982817869417, 0.06140350877192982]
switch 13 are [0.015748031496062992, 0.6666666666666666, 0.0, 0.0, 0.8857142857142857, 0.17391304347826086, 0.3225806451612903, 0.25, 0.4666666666666667]
switch 14 are [0.28865979381443296, 0.08333333333333333, 0.06666666666666667, 0.8666666666666667, 0.42105263157894735, 0.36, 0.3953488372093023, 0.012048192771084338, 0.025089605734767026, 0.26666666666666666, 0.3076923076923077, 0.45]
switch 15 are [0.5625, 0.0, 0.8333333333333334, 0.0, 0.08, 0.04186046511627907, 0.1348314606741573]
switch 16 are [0.4166666666666667, 0.8275862068965517, 0.5, 0.2916666666666667, 0.10344827586206896, 0.15053763440860216, 0.6428571428571429]
switch 17 are [0.23333333333333334, 0.125, 0.47058823529411764, 0.4166666666666667, 0.45, 0.9166666666666666, 1.1666666666666667]
switch 18 are [0.0, 0.0, 0.025, 0.11764705882352941, 0.038461538461538464, 0.08333333333333333, 0.16666666666666666, 0.014492753623188406, 0.06666666666666667, 0.16666666666666666]
switch 19 are [0.031914893617021274, 0.0375, 0.037037037037037035, 0.05555555555555555, 0.05555555555555555, 0.16666666666666666, 0.375, 0.25, 0.21428571428571427]
switch_ARE_with_trim_mean [0.11737725031080948, 0.9401167161661426, 0.19946311858076565, 0.07040390592542246, 0.30231421356421356, 0.2176092659156229, 0.1230078685749197, 0.4469071868054426, 0.28123849892090264, 0.34911126974008305, 0.21590895842267852, 0.6851024236467275, 0.23621220393470135, 0.309032148798137, 0.2664509842696424, 0.2360750370176814, 0.41896608476538555, 0.5398459383753502, 0.06403350219686536, 0.13594615807972782]
switch_ARE_not with_trim_mean [0.202498643322372, 1.3861643537638435, 0.3704870837223779, 0.14748462369513768, 0.34657976827094467, 0.2302613637935398, 0.15111766825687753, 0.6126551397107877, 0.3513163476019506, 0.3811710043150291, 0.2832839115647516, 0.8632731757295591, 0.23621220393470133, 0.309032148798137, 0.2952687251778479, 0.2360750370176814, 0.41896608476538555, 0.5398459383753502, 0.06789346842415897, 0.1359461580797278]
4 base3
d: 6 w: 9 k: 1
all [40.0] 

ans 40.0 

4_baseline3_switch_ 0 = 263
4_baseline3_switch_ 1 = 280
4_baseline3_switch_ 2 = 283
4_baseline3_switch_ 3 = 258
4_baseline3_switch_ 4 = 364
4_baseline3_switch_ 5 = 258
4_baseline3_switch_ 6 = 128
4_baseline3_switch_ 7 = 128
4_baseline3_switch_ 8 = 538
4_baseline3_switch_ 9 = 530
4_baseline3_switch_ 10 = 550
4_baseline3_switch_ 11 = 532
4_baseline3_switch_ 12 = 612
4_baseline3_switch_ 13 = 614
4_baseline3_switch_ 14 = 318
4_baseline3_switch_ 15 = 324
4_baseline3_switch_ 16 = 516
4_baseline3_switch_ 17 = 514
4_baseline3_switch_ 18 = 512
4_baseline3_switch_ 19 = 514
pass through [263, 280, 283, 258, 364, 258, 128, 128, 538, 530, 550, 532, 612, 614, 318, 324, 516, 514, 512, 514]
num_of_flow_store_in_switch [16, 18, 14, 19, 18, 15, 12, 15, 11, 12, 10, 8, 9, 8, 11, 6, 8, 7, 12, 10]
switch 0 are [0.0, 0.009584664536741214, 0.009900990099009901, 0.0, 0.0, 0.0, 0.0, 0.08928571428571429, 0.0, 0.01556420233463035, 0.09090909090909091, 0.5235294117647059, 0.03333333333333333, 0.27358490566037735, 0.0, 0.0]
switch 1 are [0.33695652173913043, 0.058333333333333334, 0.07142857142857142, 0.14285714285714285, 0.0, 1.105263157894737, 0.35714285714285715, 0.11538461538461539, 0.13043478260869565, 0.13636363636363635, 0.16666666666666666, 0.030303030303030304, 0.08235294117647059, 0.13095238095238096, 0.25, 0.0, 0.0, 0.3]
switch 2 are [0.5357142857142857, 0.028169014084507043, 0.0, 0.07258064516129033, 0.42857142857142855, 0.07142857142857142, 1.0, 0.21428571428571427, 0.03571428571428571, 1.25, 0.5714285714285714, 0.16666666666666666, 0.15, 1.25]
switch 3 are [0.0, 0.0, 0.32142857142857145, 0.0, 0.0, 0.35714285714285715, 0.0, 0.0, 1.1785714285714286, 0.2, 1.4, 0.0, 0.4, 1.0, 0.0, 1.0, 0.42424242424242425, 0.85, 0.75]
switch 4 are [0.12448132780082988, 1.9375, 1.4375, 0.5666666666666667, 0.06666666666666667, 0.0, 0.0, 0.5348837209302325, 0.45161290322580644, 0.17857142857142858, 0.6785714285714286, 0.0, 0.05357142857142857, 0.0, 0.5333333333333333, 0.0, 0.5, 0.022058823529411766]
switch 5 are [0.24074074074074073, 0.009259259259259259, 0.0, 0.07142857142857142, 0.09375, 0.038834951456310676, 0.03225806451612903, 0.15384615384615385, 0.6, 0.09523809523809523, 0.041044776119402986, 0.175, 0.8333333333333334, 0.01639344262295082, 0.16666666666666666]
switch 6 are [0.041666666666666664, 0.014970059880239521, 0.07142857142857142, 0.021739130434782608, 0.18181818181818182, 0.2857142857142857, 0.75, 0.15625, 0.6875, 0.18604651162790697, 0.004373974849644614, 0.375]
switch 7 are [0.04, 0.5490196078431373, 0.25, 0.23076923076923078, 0.125, 0.004392845936617509, 0.03333333333333333, 0.4166666666666667, 0.06349206349206349, 0.006493506493506494, 0.0, 1.6363636363636365, 0.6153846153846154, 0.3333333333333333, 0.4166666666666667]
switch 8 are [0.0, 0.8333333333333334, 0.1206896551724138, 0.0, 0.25, 0.0, 0.05714285714285714, 0.3, 0.14606741573033707, 0.0, 0.15]
switch 9 are [0.08333333333333333, 0.18972332015810275, 0.7021276595744681, 0.0, 0.0, 0.5588235294117647, 0.0, 0.3611111111111111, 0.22666666666666666, 0.43478260869565216, 0.12903225806451613, 0.3333333333333333]
switch 10 are [0.0, 0.15873015873015872, 0.0, 0.012658227848101266, 0.014285714285714285, 0.0, 0.0, 0.35294117647058826, 0.09574468085106383, 0.046511627906976744]
switch 11 are [0.4166666666666667, 1.0666666666666667, 0.9333333333333333, 0.06153846153846154, 0.08333333333333333, 0.29411764705882354, 0.4375, 0.10810810810810811]
switch 12 are [0.25, 0.031496062992125984, 0.9166666666666666, 0.0, 0.13333333333333333, 0.040983606557377046, 0.10344827586206896, 0.17142857142857143, 0.2903225806451613]
switch 13 are [0.08247422680412371, 0.06666666666666667, 0.08, 0.02857142857142857, 0.2, 0.11538461538461539, 0.09090909090909091, 0.75]
switch 14 are [2.3333333333333335, 0.47368421052631576, 0.27906976744186046, 0.03614457831325301, 0.0035842293906810036, 0.25, 1.5, 0.13333333333333333, 0.19540229885057472, 0.2777777777777778, 0.4166666666666667]
switch 15 are [0.0, 0.2, 0.8333333333333334, 0.3076923076923077, 0.5833333333333334, 0.5833333333333334]
switch 16 are [2.090909090909091, 0.27586206896551724, 0.021505376344086023, 0.2857142857142857, 0.30303030303030304, 1.3333333333333333, 0.020618556701030927, 0.07017543859649122]
switch 17 are [0.13333333333333333, 0.4375, 0.3333333333333333, 0.06521739130434782, 0.25, 0.1935483870967742, 0.21428571428571427]
switch 18 are [0.08333333333333333, 0.02702702702702703, 0.02127659574468085, 0.075, 0.05555555555555555, 0.12, 0.021739130434782608, 0.23076923076923078, 0.10112359550561797, 0.06976744186046512, 0.4, 0.35714285714285715]
switch 19 are [0.1875, 2.0952380952380953, 0.0392156862745098, 0.4444444444444444, 0.20833333333333334, 0.0, 0.16666666666666666, 0.15384615384615385, 1.1818181818181819, 0.1320754716981132]
switch_ARE_with_trim_mean [0.03729735008277838, 0.1443235299972832, 0.3770465985879434, 0.381257957728546, 0.32174485799170205, 0.1334200555303293, 0.2022133407570635, 0.23727322076301316, 0.11376665867173423, 0.231680616077448, 0.04099130120275185, 0.4251580270881742, 0.21529767749836715, 0.17675075354199066, 0.3957865147677535, 0.417948717948718, 0.5501435566992673, 0.2324597370505004, 0.11414581716288696, 0.3142374922601754]
switch_ARE_not with_trim_mean [0.06535576955772521, 0.18969109099173712, 0.4124685130753801, 0.4148097516518569, 0.3936343182148463, 0.17118627034850759, 0.23137561520168995, 0.3147277004188539, 0.16883938739808557, 0.2515778183624124, 0.0680871586092603, 0.4251580270881742, 0.21529767749836717, 0.17675075354199066, 0.5362723814212543, 0.417948717948718, 0.5501435566992673, 0.2324597370505004, 0.1302278972811292, 0.4609138033319498]
4 base3
d: 5 w: 3 k: 3
all [352.0] 

ans 352.0 

4_baseline3_switch_ 0 = 263
4_baseline3_switch_ 1 = 276
4_baseline3_switch_ 2 = 279
4_baseline3_switch_ 3 = 274
4_baseline3_switch_ 4 = 352
4_baseline3_switch_ 5 = 276
4_baseline3_switch_ 6 = 132
4_baseline3_switch_ 7 = 130
4_baseline3_switch_ 8 = 526
4_baseline3_switch_ 9 = 562
4_baseline3_switch_ 10 = 536
4_baseline3_switch_ 11 = 582
4_baseline3_switch_ 12 = 590
4_baseline3_switch_ 13 = 634
4_baseline3_switch_ 14 = 302
4_baseline3_switch_ 15 = 304
4_baseline3_switch_ 16 = 494
4_baseline3_switch_ 17 = 496
4_baseline3_switch_ 18 = 532
4_baseline3_switch_ 19 = 532
pass through [263, 276, 279, 274, 352, 276, 132, 130, 526, 562, 536, 582, 590, 634, 302, 304, 494, 496, 532, 532]
num_of_flow_store_in_switch [8, 10, 10, 12, 12, 8, 9, 11, 15, 13, 9, 14, 11, 18, 14, 12, 15, 10, 15, 13]
switch 0 are [1.425, 0.022364217252396165, 0.07425742574257425, 0.296875, 0.15048543689320387, 6.2, 7.3076923076923075, 2.272727272727273]
switch 1 are [1.3803418803418803, 0.5982532751091703, 1.0892857142857142, 0.1245136186770428, 38.63636363636363, 0.09705882352941177, 14.866666666666667, 2.25, 2.966666666666667, 1.5319148936170213]
switch 2 are [0.9487179487179487, 0.6956521739130435, 0.7866666666666666, 4.428571428571429, 2.0576923076923075, 8.5, 12.25, 0.5, 13.61111111111111, 0.40930232558139534]
switch 3 are [0.6166666666666667, 3.8214285714285716, 0.8962264150943396, 4.631578947368421, 4.714285714285714, 5.391304347826087, 2.2, 1.8823529411764706, 1.4883720930232558, 0.5376344086021505, 3.1153846153846154, 5.75]
switch 4 are [5.5, 8.038461538461538, 15.045454545454545, 18.583333333333332, 3.211267605633803, 5.6, 6.7, 0.1422924901185771, 1.275, 0.6739130434782609, 4.352941176470588, 0.4329896907216495]
switch 5 are [0.9848484848484849, 0.788235294117647, 0.9411764705882353, 7.714285714285714, 0.9365079365079365, 2.6382978723404253, 6.277777777777778, 5.777777777777778]
switch 6 are [1.4285714285714286, 0.671875, 1.2911392405063291, 3.652173913043478, 3.4, 1.3253012048192772, 5.416666666666667, 2.5, 9.166666666666666]
switch 7 are [0.6774193548387096, 3.2857142857142856, 3.2857142857142856, 3.142857142857143, 8.666666666666666, 1.8695652173913044, 2.6666666666666665, 0.803921568627451, 6.111111111111111, 5.444444444444445, 2.4594594594594597]
switch 8 are [4.035714285714286, 3.2142857142857144, 1.6607142857142858, 3.2857142857142856, 2.7857142857142856, 9.909090909090908, 6.5, 6.375, 1.4651162790697674, 7.6923076923076925, 1.3714285714285714, 8.933333333333334, 7.833333333333333, 9.909090909090908, 2.2285714285714286]
switch 9 are [3.2142857142857144, 4.642857142857143, 1.3928571428571428, 3.107142857142857, 3.7857142857142856, 0.28125, 1.5555555555555556, 3.9166666666666665, 1.0919540229885059, 2.2666666666666666, 6.1875, 6.375, 8.833333333333334]
switch 10 are [3.607142857142857, 3.357142857142857, 2.892857142857143, 0.3651452282157676, 2.2058823529411766, 7.666666666666667, 1.2340425531914894, 3.607142857142857, 2.6363636363636362]
switch 11 are [1.5636363636363637, 6.6, 9.9375, 0.577922077922078, 9.666666666666666, 6.6, 8.4375, 7.0, 5.095238095238095, 5.96, 11.666666666666666, 6.619047619047619, 3.5714285714285716, 1.8679245283018868]
switch 12 are [0.4596774193548387, 7.5, 4.65625, 7.966666666666667, 4.6875, 0.8888888888888888, 1.3066666666666666, 1.4027777777777777, 13.166666666666666, 1.8426966292134832, 0.9767441860465116]
switch 13 are [4.033333333333333, 3.2142857142857144, 6.321428571428571, 5.5, 3.8372093023255816, 2.306451612903226, 4.392857142857143, 0.03326011923438971, 6.866666666666666, 18.25, 9.727272727272727, 9.851851851851851, 0.28308823529411764, 4.8076923076923075, 4.9, 12.727272727272727, 13.642857142857142, 1.0263157894736843]
switch 14 are [0.7962962962962963, 4.821428571428571, 4.428571428571429, 4.428571428571429, 10.133333333333333, 3.8214285714285716, 9.461538461538462, 3.533333333333333, 0.5168539325842697, 1.1587301587301588, 8.066666666666666, 1.2268041237113403, 12.583333333333334, 0.956989247311828]
switch 15 are [1.2142857142857142, 3.107142857142857, 4.107142857142857, 0.20711974110032363, 2.7096774193548385, 2.725, 8.583333333333334, 10.916666666666666, 4.137931034482759, 3.6, 1.025, 3.6129032258064515]
switch 16 are [5.8, 2.84375, 3.1, 9.461538461538462, 7.5, 0.056861673045379986, 3.53125, 9.25, 1.2384615384615385, 1.2834645669291338, 5.473684210526316, 2.7777777777777777, 4.133333333333334, 14.0, 0.8478260869565217]
switch 17 are [4.76, 4.25, 0.37735849056603776, 0.20952380952380953, 0.8888888888888888, 3.28, 4.75, 2.689655172413793, 7.916666666666667, 5.0]
switch 18 are [7.380952380952381, 2.537037037037037, 7.75, 0.31716417910447764, 0.27245508982035926, 8.75, 3.111111111111111, 8.75, 4.6, 6.8, 6.6521739130434785, 8.75, 3.774193548387097, 8.0, 8.75]
switch 19 are [1.925, 11.714285714285714, 0.06557377049180328, 2.5517241379310347, 0.6515151515151515, 0.972972972972973, 6.615384615384615, 11.166666666666666, 8.083333333333334, 15.5, 6.8, 5.387096774193548, 3.7142857142857144]
switch_ARE_with_trim_mean [2.2186752075384693, 3.1009553394205205, 3.7709125656951743, 2.875760031225414, 5.083002760022039, 3.2573634160304996, 3.205821568919316, 3.229939353554017, 5.070684294834563, 3.412381823157685, 3.06359846129605, 6.076578487026599, 3.4697989794733335, 5.839911445344674, 4.402807635076784, 3.482241644154881, 4.403160459655622, 3.2494878189835896, 5.936356320741199, 5.416569552778977]
switch_ARE_not with_trim_mean [2.2186752075384693, 6.354106517525721, 4.41877139622539, 2.9204362267380244, 5.796304451972692, 3.2573634160305, 3.205821568919317, 3.4921400184992297, 5.14662768755792, 3.588521799082144, 3.0635984612960505, 6.083109327779139, 4.077684991025591, 6.206769069152733, 4.7095627776313576, 3.828850237442983, 4.753196509904564, 3.4122093028059197, 5.746339150630396, 5.780602988543119]
4 base3
d: 5 w: 6 k: 3
all [161.0] 

ans 161.0 

4_baseline3_switch_ 0 = 255
4_baseline3_switch_ 1 = 278
4_baseline3_switch_ 2 = 317
4_baseline3_switch_ 3 = 252
4_baseline3_switch_ 4 = 356
4_baseline3_switch_ 5 = 274
4_baseline3_switch_ 6 = 114
4_baseline3_switch_ 7 = 114
4_baseline3_switch_ 8 = 538
4_baseline3_switch_ 9 = 540
4_baseline3_switch_ 10 = 554
4_baseline3_switch_ 11 = 554
4_baseline3_switch_ 12 = 616
4_baseline3_switch_ 13 = 620
4_baseline3_switch_ 14 = 276
4_baseline3_switch_ 15 = 294
4_baseline3_switch_ 16 = 502
4_baseline3_switch_ 17 = 502
4_baseline3_switch_ 18 = 514
4_baseline3_switch_ 19 = 514
pass through [255, 278, 317, 252, 356, 274, 114, 114, 538, 540, 554, 554, 616, 620, 276, 294, 502, 502, 514, 514]
num_of_flow_store_in_switch [12, 13, 11, 11, 11, 14, 13, 12, 12, 13, 11, 12, 11, 10, 13, 12, 13, 13, 11, 11]
switch 0 are [0.0, 0.17891373801916932, 1.0767326732673268, 0.21875, 0.0, 0.0, 0.0, 4.571428571428571, 0.0, 0.1556420233463035, 0.0, 0.0]
switch 1 are [1.6363636363636365, 0.021739130434782608, 0.25333333333333335, 1.1785714285714286, 1.2857142857142858, 2.8, 0.1792452830188679, 0.631578947368421, 0.39285714285714285, 1.7826086956521738, 0.4574468085106383, 1.096774193548387, 1.75]
switch 2 are [1.3571428571428572, 0.7692307692307693, 1.2272727272727273, 3.6666666666666665, 0.2878787878787879, 0.390625, 1.0666666666666667, 0.9047619047619048, 1.8333333333333333, 0.8529411764705882, 0.25842696629213485]
switch 3 are [0.1267605633802817, 0.36470588235294116, 0.05952380952380952, 0.047058823529411764, 0.22580645161290322, 0.6785714285714286, 1.1071428571428572, 0.6428571428571429, 0.07142857142857142, 0.48148148148148145, 1.75]
switch 4 are [0.25, 0.5357142857142857, 0.4642857142857143, 0.6071428571428571, 0.39285714285714285, 0.32142857142857145, 0.509090909090909, 0.2765957446808511, 2.4166666666666665, 1.0476190476190477, 0.6904761904761905]
switch 5 are [1.25, 0.5, 2.2857142857142856, 1.0, 0.8928571428571429, 0.8, 2.35, 0.5666666666666667, 0.9333333333333333, 0.4375, 3.272727272727273, 0.41379310344827586, 1.8484848484848484, 2.75]
switch 6 are [0.32142857142857145, 0.7095435684647303, 0.024193548387096774, 7.875, 3.40625, 0.13333333333333333, 0.8214285714285714, 0.3125, 0.018518518518518517, 0.11290322580645161, 0.18627450980392157, 0.8571428571428571, 0.3488372093023256]
switch 7 are [1.1071428571428572, 1.6875, 0.018518518518518517, 0.09302325581395349, 0.07142857142857142, 1.25, 1.4285714285714286, 0.0, 1.2142857142857142, 0.8, 0.21875, 1.1071428571428572]
switch 8 are [0.25, 1.7857142857142858, 2.1333333333333333, 0.75, 0.038834951456310676, 0.7096774193548387, 1.3, 0.7083333333333334, 1.8571428571428572, 1.7333333333333334, 0.11397058823529412, 0.8846153846153846]
switch 9 are [3.4615384615384617, 0.56, 0.37037037037037035, 1.0625, 0.0688622754491018, 0.74, 1.7272727272727273, 1.5, 0.6285714285714286, 0.68, 0.6190476190476191, 1.8333333333333333, 1.5]
switch 10 are [0.15671641791044777, 0.15, 7.428571428571429, 4.25, 0.0, 0.0, 0.03125, 0.01202843083652269, 0.0880503144654088, 2.272727272727273, 2.4583333333333335]
switch 11 are [0.11147540983606558, 1.4285714285714286, 2.5625, 0.825, 2.0833333333333335, 0.5192307692307693, 2.1666666666666665, 2.6666666666666665, 1.1428571428571428, 2.411764705882353, 0.2903225806451613, 0.2318840579710145]
switch 12 are [0.4418604651162791, 3.3846153846153846, 1.375, 0.2727272727272727, 0.5396825396825397, 0.5882352941176471, 0.37209302325581395, 0.5833333333333334, 0.1885245901639344, 0.7692307692307693, 2.1666666666666665]
switch 13 are [0.0037652965171007216, 2.2333333333333334, 0.2413793103448276, 0.5833333333333334, 0.9375, 0.2777777777777778, 0.1724137931034483, 0.38333333333333336, 1.5384615384615385, 0.10232558139534884]
switch 14 are [3.0833333333333335, 0.4222222222222222, 2.2857142857142856, 0.12337662337662338, 6.416666666666667, 0.9361702127659575, 0.0, 1.2222222222222223, 0.4939759036144578, 0.010752688172043012, 0.17391304347826086, 2.5, 0.9354838709677419]
switch 15 are [5.35, 0.19101123595505617, 0.9722222222222222, 1.8461538461538463, 0.12658227848101267, 0.1, 1.0666666666666667, 1.4666666666666666, 1.2666666666666666, 2.0, 0.7272727272727273, 1.8666666666666667]
switch 16 are [6.566666666666666, 0.28063241106719367, 0.26666666666666666, 0.015625, 0.9473684210526315, 2.5833333333333335, 1.1724137931034482, 1.9166666666666667, 1.5, 2.25, 13.090909090909092, 2.6666666666666665, 0.2982456140350877]
switch 17 are [0.1111111111111111, 0.20634920634920634, 6.916666666666667, 1.9375, 0.16153846153846155, 1.92, 0.875, 0.1875, 0.8333333333333334, 0.44, 2.081081081081081, 0.6774193548387096, 0.5094339622641509]
switch 18 are [1.5217391304347827, 0.09333333333333334, 0.2992125984251969, 4.5, 0.16494845360824742, 1.6666666666666667, 0.40540540540540543, 1.3076923076923077, 0.43333333333333335, 0.08247422680412371, 2.3333333333333335]
switch 19 are [4.4, 1.5, 1.2, 2.0833333333333335, 0.8888888888888888, 0.5384615384615384, 2.0, 1.1304347826086956, 0.8409090909090909, 2.75, 1.55]
switch_ARE_with_trim_mean [0.16300384346327995, 0.9676812504489377, 0.9655392469730706, 0.4175864653723797, 0.5383567181439521, 1.301213023088023, 0.6576213995543508, 0.73088632029039, 1.0092787201729325, 1.0200995889632252, 1.0465673076969984, 1.366213068515787, 0.7898699293478136, 0.529565583468701, 1.1079240368970136, 1.152990897675153, 1.8589691126598509, 0.8935595817640857, 0.9139627291369563, 1.54928512174889]
switch_ARE_not with_trim_mean [0.5167889171717809, 1.035864068105623, 1.1468133505196763, 0.5050306374437117, 0.6828979209056579, 1.378648332373702, 1.1636426087397214, 0.7496969335753252, 1.0220796238765808, 1.1347304781217724, 1.5316070179858559, 1.3700227301383834, 0.971088121719058, 0.6473623297600042, 1.4310639286564473, 1.4149924147292943, 2.5811687946282658, 1.2966871674755938, 1.1643762535487938, 1.7165479667455954]
4 base3
d: 5 w: 9 k: 3
all [50.0] 

ans 50.0 

4_baseline3_switch_ 0 = 259
4_baseline3_switch_ 1 = 270
4_baseline3_switch_ 2 = 283
4_baseline3_switch_ 3 = 248
4_baseline3_switch_ 4 = 368
4_baseline3_switch_ 5 = 254
4_baseline3_switch_ 6 = 108
4_baseline3_switch_ 7 = 108
4_baseline3_switch_ 8 = 528
4_baseline3_switch_ 9 = 530
4_baseline3_switch_ 10 = 530
4_baseline3_switch_ 11 = 536
4_baseline3_switch_ 12 = 616
4_baseline3_switch_ 13 = 616
4_baseline3_switch_ 14 = 300
4_baseline3_switch_ 15 = 278
4_baseline3_switch_ 16 = 514
4_baseline3_switch_ 17 = 514
4_baseline3_switch_ 18 = 506
4_baseline3_switch_ 19 = 502
pass through [259, 270, 283, 248, 368, 254, 108, 108, 528, 530, 530, 536, 616, 616, 300, 278, 514, 514, 506, 502]
num_of_flow_store_in_switch [16, 17, 14, 16, 13, 19, 12, 15, 12, 11, 11, 9, 9, 9, 13, 9, 3, 9, 7, 15]
switch 0 are [0.0, 0.0, 0.0, 0.0, 0.11965811965811966, 0.0, 0.004366812227074236, 0.0, 0.0, 0.09090909090909091, 0.0058823529411764705, 0.0, 0.0, 0.0, 3.0, 0.023809523809523808]
switch 1 are [0.0, 0.0, 0.14285714285714285, 0.17857142857142858, 0.3333333333333333, 0.24528301886792453, 0.47368421052631576, 0.038461538461538464, 0.13043478260869565, 0.0, 4.833333333333333, 0.18181818181818182, 0.0, 0.1, 0.12121212121212122, 0.14285714285714285, 0.1509433962264151]
switch 2 are [0.15492957746478872, 0.07058823529411765, 0.046875, 0.39285714285714285, 0.0, 0.07142857142857142, 0.14285714285714285, 1.1071428571428572, 1.0, 0.14285714285714285, 0.0, 0.29411764705882354, 0.4606741573033708, 0.09649122807017543]
switch 3 are [0.22580645161290322, 0.0, 0.2857142857142857, 0.0, 0.0, 0.0, 0.23214285714285715, 0.0, 0.0, 0.0, 0.0, 0.0, 0.0, 0.0, 0.0, 0.0]
switch 4 are [0.029045643153526972, 0.07258064516129033, 0.3125, 1.9666666666666666, 2.2333333333333334, 0.03571428571428571, 0.03125, 0.027777777777777776, 0.018518518518518517, 0.023255813953488372, 0.0, 0.25, 0.55]
switch 5 are [1.8928571428571428, 1.5, 0.5, 0.5, 0.0, 5.0, 0.0, 0.1, 0.53125, 0.003236245954692557, 0.06451612903225806, 0.1, 2.230769230769231, 0.0, 0.5714285714285714, 0.0, 0.75, 0.01718213058419244, 0.5833333333333334]
switch 6 are [0.08333333333333333, 0.0, 0.0625, 0.011976047904191617, 1.4285714285714286, 2.6666666666666665, 0.003278688524590164, 0.21739130434782608, 0.0, 0.0, 0.27906976744186046, 0.47619047619047616]
switch 7 are [0.0, 0.5454545454545454, 0.5, 0.8125, 0.625, 0.275, 0.0028239723878255413, 0.0032804811372334607, 0.006493506493506494, 0.225, 0.5185185185185185, 0.7222222222222222, 0.10344827586206896, 0.15384615384615385, 1.3076923076923077]
switch 8 are [0.46153846153846156, 0.125, 0.03333333333333333, 0.29559748427672955, 0.3333333333333333, 0.05172413793103448, 0.25396825396825395, 0.42857142857142855, 0.003952569169960474, 0.3076923076923077, 1.3571428571428572, 0.25806451612903225]
switch 9 are [0.16666666666666666, 0.12121212121212122, 1.7692307692307692, 0.06666666666666667, 0.08333333333333333, 0.5, 0.20224719101123595, 0.4166666666666667, 0.43333333333333335, 0.0, 0.1875]
switch 10 are [0.02127659574468085, 0.0, 0.0, 0.06349206349206349, 0.0, 0.23809523809523808, 0.19444444444444445, 0.08333333333333333, 0.0, 0.391304347826087, 0.021739130434782608]
switch 11 are [0.0, 0.17142857142857143, 0.391304347826087, 0.6, 0.8333333333333334, 0.14285714285714285, 0.875, 1.1666666666666667, 0.23809523809523808]
switch 12 are [0.0, 0.125, 0.11023622047244094, 0.25, 0.5833333333333334, 0.3333333333333333, 0.1935483870967742, 0.4, 1.0]
switch 13 are [0.06153846153846154, 1.3333333333333333, 0.07216494845360824, 0.10526315789473684, 1.0909090909090908, 0.9166666666666666, 0.5833333333333334, 0.31666666666666665, 0.5384615384615384]
switch 14 are [3.0833333333333335, 0.25, 1.2, 0.2, 0.9333333333333333, 0.2, 0.45714285714285713, 0.0, 0.08433734939759036, 0.3125, 0.9090909090909091, 0.43243243243243246, 0.9166666666666666]
switch 15 are [0.010752688172043012, 0.44, 0.3333333333333333, 0.6666666666666666, 0.0, 0.2, 0.05555555555555555, 0.9166666666666666, 0.5]
switch 16 are [0.27586206896551724, 0.02459016393442623, 0.16666666666666666]
switch 17 are [0.6666666666666666, 0.75, 0.4117647058823529, 0.6666666666666666, 0.06521739130434782, 0.11702127659574468, 0.04186046511627907, 0.08139534883720931, 0.6363636363636364]
switch 18 are [0.25, 0.26666666666666666, 0.025735294117647058, 0.11538461538461539, 0.5517241379310345, 0.12121212121212122, 0.25]
switch 19 are [3.875, 0.21621621621621623, 0.13829787234042554, 0.1875, 0.047619047619047616, 0.29411764705882354, 0.0, 2.1666666666666665, 0.027777777777777776, 0.010752688172043012, 0.08, 0.25, 0.5, 0.95, 0.25806451612903225]
switch_ARE_with_trim_mean [0.017473278538927505, 0.14929708648934933, 0.239472987099273, 0.03271066491112574, 0.30157357735868673, 0.549680751997613, 0.25623110463137067, 0.3456605904555442, 0.25488232567739144, 0.24195844209889156, 0.06915342283828253, 0.49096503335633773, 0.3328279193595425, 0.5575930219174928, 0.535954868005799, 0.3469972122660294, 0.15570629985553672, 0.38188401749254486, 0.2258175479017264, 0.39438557169077176]
switch_ARE_not with_trim_mean [0.20278911872156155, 0.41604644886315134, 0.28434419302386665, 0.04647897465437788, 0.42697251417529897, 0.7549775149452327, 0.43574814274836443, 0.3867519989076255, 0.32582655692389434, 0.3588051589200721, 0.09215319576096635, 0.49096503335633773, 0.3328279193595424, 0.5575930219174928, 0.690679760107471, 0.3469972122660294, 0.15570629985553672, 0.3818840174925448, 0.22581754790172637, 0.6001341621320021]
4 base3
d: 6 w: 9 k: 3
all [212.0] 

ans 212.0 

4_baseline3_switch_ 0 = 275
4_baseline3_switch_ 1 = 282
4_baseline3_switch_ 2 = 273
4_baseline3_switch_ 3 = 270
4_baseline3_switch_ 4 = 364
4_baseline3_switch_ 5 = 250
4_baseline3_switch_ 6 = 122
4_baseline3_switch_ 7 = 122
4_baseline3_switch_ 8 = 548
4_baseline3_switch_ 9 = 542
4_baseline3_switch_ 10 = 546
4_baseline3_switch_ 11 = 538
4_baseline3_switch_ 12 = 600
4_baseline3_switch_ 13 = 600
4_baseline3_switch_ 14 = 312
4_baseline3_switch_ 15 = 312
4_baseline3_switch_ 16 = 512
4_baseline3_switch_ 17 = 516
4_baseline3_switch_ 18 = 504
4_baseline3_switch_ 19 = 508
pass through [275, 282, 273, 270, 364, 250, 122, 122, 548, 542, 546, 538, 600, 600, 312, 312, 512, 516, 504, 508]
num_of_flow_store_in_switch [16, 18, 11, 15, 22, 15, 17, 17, 10, 10, 10, 8, 8, 15, 9, 9, 5, 7, 9, 8]
switch 0 are [0.0, 0.022364217252396165, 0.49504950495049505, 0.01171875, 0.0, 0.5388349514563107, 0.0, 0.19642857142857142, 0.0, 0.0012970168612191958, 0.0, 0.0, 0.0, 0.7066666666666667, 0.009433962264150943, 0.01718213058419244]
switch 1 are [0.3416666666666667, 0.0, 0.03571428571428571, 0.7333333333333333, 0.0, 0.03571428571428571, 0.0, 0.11538461538461539, 4.3478260869565215, 1.1818181818181819, 1.5, 0.0, 0.2878787878787879, 0.0, 0.0, 0.0, 0.0, 0.5333333333333333]
switch 2 are [0.03571428571428571, 0.203125, 0.0, 0.0, 0.0, 0.03571428571428571, 0.0, 0.0, 0.0, 0.0, 0.3125]
switch 3 are [0.5357142857142857, 0.23214285714285715, 0.07142857142857142, 0.14285714285714285, 0.07142857142857142, 1.2142857142857142, 0.14285714285714285, 0.21818181818181817, 0.0, 0.08298755186721991, 0.03333333333333333, 0.07142857142857142, 0.46153846153846156, 0.0, 0.23809523809523808]
switch 4 are [0.3629032258064516, 1.25, 0.45, 0.09375, 0.0, 0.03571428571428571, 0.78125, 0.9375, 0.14814814814814814, 0.009259259259259259, 0.18604651162790697, 0.4838709677419355, 0.0, 0.07142857142857142, 0.0, 0.0, 0.0, 0.0, 0.038922155688622756, 2.727272727272727, 0.16216216216216217, 0.38095238095238093]
switch 5 are [0.32142857142857145, 0.07142857142857142, 0.14285714285714285, 0.07142857142857142, 4.0, 0.0, 0.0, 0.0, 0.0, 0.08, 0.10074626865671642, 0.025, 0.0, 0.1, 0.5833333333333334]
switch 6 are [0.0, 0.3888888888888889, 1.1428571428571428, 0.5833333333333334, 0.22, 0.13043478260869565, 0.0784313725490196, 0.0, 0.4375, 0.5813953488372093, 0.625, 0.09090909090909091, 1.6071428571428572, 0.003676470588235294, 0.5769230769230769, 0.7241379310344828, 0.25]
switch 7 are [0.2857142857142857, 0.25, 0.25, 2.7, 0.6153846153846154, 0.0, 0.01202843083652269, 0.2, 0.07547169811320754, 0.4166666666666667, 0.12698412698412698, 0.17777777777777778, 0.0, 0.3, 1.4166666666666667, 2.1666666666666665, 0.20588235294117646]
switch 8 are [0.0, 0.1724137931034483, 0.038461538461538464, 0.16233766233766234, 0.3333333333333333, 0.1348314606741573, 0.16666666666666666, 0.2916666666666667, 0.19230769230769232, 0.2903225806451613]
switch 9 are [0.2777777777777778, 0.1, 0.0, 0.23404255319148937, 0.23076923076923078, 0.01904761904761905, 0.17647058823529413, 0.031746031746031744, 0.0, 0.0]
switch 10 are [0.109375, 0.015873015873015872, 0.3037974683544304, 0.11428571428571428, 0.21739130434782608, 0.041666666666666664, 0.013333333333333334, 0.3333333333333333, 0.06666666666666667, 0.11320754716981132]
switch 11 are [1.1875, 0.047244094488188976, 0.04, 0.8333333333333334, 0.06896551724137931, 0.6666666666666666, 0.46153846153846156, 0.5]
switch 12 are [0.09230769230769231, 0.5833333333333334, 0.17525773195876287, 0.0, 0.8333333333333334, 0.2571428571428571, 0.04186046511627907, 0.8333333333333334]
switch 13 are [0.8, 1.0, 0.4666666666666667, 0.05263157894736842, 0.02857142857142857, 0.18604651162790697, 0.0963855421686747, 0.053763440860215055, 0.25, 0.08333333333333333, 0.05737704918032787, 1.411764705882353, 0.5833333333333334, 0.25, 0.25806451612903225]
switch 14 are [0.24, 1.4, 0.18181818181818182, 0.44, 0.5384615384615384, 0.021739130434782608, 0.09574468085106383, 0.11235955056179775, 0.32142857142857145]
switch 15 are [0.20833333333333334, 0.4827586206896552, 0.9166666666666666, 0.0, 0.053763440860215055, 0.24242424242424243, 0.15151515151515152, 0.4166666666666667, 0.36363636363636365]
switch 16 are [0.03333333333333333, 0.12903225806451613, 0.06666666666666667, 0.3333333333333333, 0.2]
switch 17 are [0.0, 0.07446808510638298, 0.2222222222222222, 0.04, 0.06521739130434782, 0.5714285714285714, 0.16666666666666666]
switch 18 are [0.10810810810810811, 0.0125, 0.047619047619047616, 0.1111111111111111, 0.0392156862745098, 0.0, 0.15384615384615385, 0.08333333333333333, 0.20454545454545456]
switch 19 are [0.0, 0.2222222222222222, 0.1527777777777778, 0.3888888888888889, 0.2608695652173913, 0.3333333333333333, 0.08139534883720931, 0.043859649122807015]
switch_ARE_with_trim_mean [0.09230779319980971, 0.29780271811521813, 0.030505952380952377, 0.17707642660563186, 0.23010598158498466, 0.1150940353179159, 0.3888991625686117, 0.43328288585011415, 0.18112600760787417, 0.09900950287370813, 0.1227829229205164, 0.47565600915850376, 0.35207109331569897, 0.3182770747882199, 0.37239462817288177, 0.3150849428658105, 0.15247311827956989, 0.16285756238974156, 0.08447543275974649, 0.18541834817495373]
switch_ARE_not with_trim_mean [0.12493598571650016, 0.506259420933334, 0.05336850649350649, 0.23441861734392855, 0.3690536543546568, 0.3664148306088605, 0.4376841350395314, 0.5411319581030419, 0.17823413941963268, 0.10698538007674427, 0.1328930050030798, 0.47565600915850376, 0.35207109331569897, 0.37186254044670936, 0.37239462817288177, 0.3150849428658105, 0.15247311827956986, 0.1628575623897416, 0.0844754327597465, 0.1854183481749537]
4 base3
d: 5 w: 3 k: 5
all [235.0] 

ans 235.0 

4_baseline3_switch_ 0 = 245
4_baseline3_switch_ 1 = 290
4_baseline3_switch_ 2 = 287
4_baseline3_switch_ 3 = 258
4_baseline3_switch_ 4 = 364
4_baseline3_switch_ 5 = 274
4_baseline3_switch_ 6 = 136
4_baseline3_switch_ 7 = 134
4_baseline3_switch_ 8 = 540
4_baseline3_switch_ 9 = 534
4_baseline3_switch_ 10 = 546
4_baseline3_switch_ 11 = 538
4_baseline3_switch_ 12 = 628
4_baseline3_switch_ 13 = 616
4_baseline3_switch_ 14 = 344
4_baseline3_switch_ 15 = 320
4_baseline3_switch_ 16 = 532
4_baseline3_switch_ 17 = 530
4_baseline3_switch_ 18 = 510
4_baseline3_switch_ 19 = 506
pass through [245, 290, 287, 258, 364, 274, 136, 134, 540, 534, 546, 538, 628, 616, 344, 320, 532, 530, 510, 506]
num_of_flow_store_in_switch [5, 13, 13, 9, 17, 9, 11, 12, 12, 14, 14, 12, 12, 8, 13, 12, 15, 13, 10, 15]
switch 0 are [0.0, 0.0, 0.0, 0.0, 0.0]
switch 1 are [0.34951456310679613, 0.8777292576419214, 1.9107142857142858, 4.512820512820513, 0.3235294117647059, 3.186046511627907, 7.8, 4.5, 10.916666666666666, 3.9393939393939394, 9.153846153846153, 6.15, 3.7142857142857144]
switch 2 are [0.03372243839169909, 15.909090909090908, 1.0217391304347827, 2.892857142857143, 6.533333333333333, 1.825, 6.533333333333333, 13.68421052631579, 3.36, 3.36, 5.2, 0.4227941176470588, 0.7586206896551724]
switch 3 are [1.225, 0.30666666666666664, 2.892857142857143, 0.5, 7.894736842105263, 5.2592592592592595, 0.6568627450980392, 1.3655913978494623, 5.055555555555555]
switch 4 are [6.678571428571429, 3.7857142857142856, 4.384615384615385, 4.956521739130435, 10.166666666666666, 0.8873239436619719, 7.75, 0.3502994011976048, 12.4375, 9.166666666666666, 3.253968253968254, 1.7215189873417722, 0.8923076923076924, 6.413793103448276, 4.384615384615385, 8.785714285714286, 10.666666666666666]
switch 5 are [4.545454545454546, 1.0757575757575757, 0.9285714285714286, 1.875, 0.030122372136805773, 2.388888888888889, 1.4166666666666667, 2.108108108108108, 2.4857142857142858]
switch 6 are [0.9294117647058824, 1.6705882352941177, 0.71875, 6.857142857142857, 6.566666666666666, 0.6067415730337079, 6.608695652173913, 10.916666666666666, 8.166666666666666, 9.25, 0.3953488372093023]
switch 7 are [3.25, 2.9642857142857144, 1.22, 0.29559748427672955, 11.75, 6.933333333333334, 0.8740157480314961, 0.4536082474226804, 6.933333333333334, 2.477272727272727, 11.75, 9.818181818181818]
switch 8 are [0.25, 3.9285714285714284, 3.642857142857143, 4.428571428571429, 2.9642857142857144, 1.826086956521739, 0.059595407326407876, 2.0833333333333335, 1.1904761904761905, 7.125, 5.166666666666667, 5.190476190476191]
switch 9 are [3.0357142857142856, 1.4464285714285714, 10.142857142857142, 3.0357142857142856, 0.32786885245901637, 3.0588235294117645, 0.4625, 2.186046511627907, 9.416666666666666, 2.138888888888889, 8.916666666666666, 6.4375, 8.416666666666666, 8.916666666666666]
switch 10 are [3.7857142857142856, 1.4464285714285714, 4.357142857142857, 3.7857142857142856, 3.892857142857143, 10.166666666666666, 11.181818181818182, 8.571428571428571, 4.042553191489362, 0.1619047619047619, 1.2142857142857142, 0.8072289156626506, 2.9411764705882355, 3.4193548387096775]
switch 11 are [2.9642857142857144, 2.8, 8.25, 1.7413793103448276, 9.615384615384615, 3.625, 2.9642857142857144, 0.7131147540983607, 5.833333333333333, 3.4516129032258065, 2.0943396226415096, 1.043859649122807]
switch 12 are [0.35684647302904565, 2.8870967741935485, 5.6875, 2.0, 3.4, 0.31225296442687744, 2.1470588235294117, 0.7101449275362319, 4.129032258064516, 1.65, 7.916666666666667, 6.133333333333334]
switch 13 are [3.6, 0.6944444444444444, 8.866666666666667, 0.6621621621621622, 0.85, 5.076923076923077, 1.15, 0.3333333333333333]
switch 14 are [5.875, 5.1, 3.96875, 2.6666666666666665, 3.1785714285714284, 2.5, 1.5576923076923077, 6.266666666666667, 0.3835125448028674, 4.190476190476191, 9.166666666666666, 7.461538461538462, 8.333333333333334]
switch 15 are [4.964285714285714, 3.0, 0.2222222222222222, 2.953488372093023, 4.142857142857143, 5.4, 14.75, 7.095238095238095, 0.6376811594202898, 0.8085106382978723, 2.878787878787879, 1.197674418604651]
switch 16 are [0.9354838709677419, 3.2857142857142856, 4.178571428571429, 3.2857142857142856, 1.5892857142857142, 4.285714285714286, 8.0625, 1.1875, 8.0625, 11.083333333333334, 5.666666666666667, 10.666666666666666, 4.8, 15.083333333333334, 1.1573033707865168]
switch 17 are [3.6785714285714284, 7.733333333333333, 3.7142857142857144, 6.75, 3.15625, 0.974025974025974, 1.8933333333333333, 9.333333333333334, 1.0319148936170213, 5.888888888888889, 6.705882352941177, 6.75, 5.2]
switch 18 are [0.2588996763754045, 3.7096774193548385, 2.6, 8.307692307692308, 3.84, 1.3174603174603174, 2.4571428571428573, 2.5, 10.454545454545455, 2.7241379310344827]
switch 19 are [3.75, 4.428571428571429, 2.4814814814814814, 0.3805970149253731, 7.769230769230769, 3.142857142857143, 12.166666666666666, 6.52, 12.818181818181818, 11.666666666666666, 1.5125, 7.055555555555555, 4.576923076923077, 5.304347826086956, 2.619047619047619]
switch_ARE_with_trim_mean [0.0, 4.1903955398579305, 4.144717115779692, 2.795169956599043, 5.592977632605945, 1.872698207922034, 4.597184823964868, 4.6674030921861105, 3.0671325051759837, 4.78902356162103, 4.035879292640668, 3.476809624723971, 2.9101012589686084, 2.65419121044121, 4.645335914085914, 3.307852341958467, 5.1778053874964, 4.772950904088263, 3.4320138540856004, 5.614911402545181]
switch_ARE_not with_trim_mean [0.0, 4.410349770528354, 4.733438586235325, 2.7951699565990435, 5.6872037582521635, 1.872698207922034, 4.789698083596344, 4.893302367178152, 3.154660038257187, 4.852786338197752, 4.2695910325293545, 3.7580496347268912, 3.110827685064969, 2.6541912104412098, 4.66529802049343, 4.004228803483907, 5.555352482783618, 4.831524557871554, 3.816955596360566, 5.746175137746304]
4 base3
d: 5 w: 6 k: 5
all [156.0] 

ans 156.0 

4_baseline3_switch_ 0 = 259
4_baseline3_switch_ 1 = 286
4_baseline3_switch_ 2 = 307
4_baseline3_switch_ 3 = 280
4_baseline3_switch_ 4 = 374
4_baseline3_switch_ 5 = 262
4_baseline3_switch_ 6 = 112
4_baseline3_switch_ 7 = 110
4_baseline3_switch_ 8 = 556
4_baseline3_switch_ 9 = 556
4_baseline3_switch_ 10 = 586
4_baseline3_switch_ 11 = 582
4_baseline3_switch_ 12 = 622
4_baseline3_switch_ 13 = 624
4_baseline3_switch_ 14 = 296
4_baseline3_switch_ 15 = 272
4_baseline3_switch_ 16 = 532
4_baseline3_switch_ 17 = 534
4_baseline3_switch_ 18 = 520
4_baseline3_switch_ 19 = 518
pass through [259, 286, 307, 280, 374, 262, 112, 110, 556, 556, 586, 582, 622, 624, 296, 272, 532, 534, 520, 518]
num_of_flow_store_in_switch [13, 14, 11, 12, 12, 10, 12, 9, 15, 11, 12, 13, 12, 10, 10, 11, 12, 16, 11, 13]
switch 0 are [0.125, 0.09904153354632587, 0.556930693069307, 0.0, 0.01282051282051282, 0.0, 0.03056768558951965, 0.05357142857142857, 0.8214285714285714, 0.39285714285714285, 5.8, 0.07971014492753623, 1.55]
switch 1 are [0.358974358974359, 0.027237354085603113, 2.090909090909091, 0.3029411764705882, 0.34782608695652173, 0.1, 0.10666666666666667, 0.49411764705882355, 1.5555555555555556, 0.4444444444444444, 6.083333333333333, 4.0, 2.8333333333333335, 1.1290322580645162]
switch 2 are [1.3333333333333333, 0.1320754716981132, 0.8421052631578947, 0.5357142857142857, 1.0769230769230769, 0.5217391304347826, 0.12096774193548387, 1.3333333333333333, 1.8333333333333333, 0.7647058823529411, 0.24719101123595505]
switch 3 are [0.9642857142857143, 0.7727272727272727, 2.9166666666666665, 1.056338028169014, 0.5, 0.1411764705882353, 0.17857142857142858, 0.203125, 0.6071428571428571, 1.2777777777777777, 1.2380952380952381, 1.7333333333333334]
switch 4 are [0.21428571428571427, 0.7142857142857143, 1.2857142857142858, 0.07142857142857142, 0.8214285714285714, 1.25, 0.25, 2.3333333333333335, 1.6666666666666667, 2.1538461538461537, 1.85, 0.2543859649122807]
switch 5 are [0.21428571428571427, 0.5, 1.0, 1.0, 1.0, 0.9285714285714286, 0.024896265560165973, 0.8076923076923077, 0.1595744680851064, 0.8095238095238095]
switch 6 are [0.2857142857142857, 1.0357142857142858, 0.5272727272727272, 0.7, 1.1875, 1.2, 0.9, 0.4, 0.08333333333333333, 0.06976744186046512, 0.65625, 2.5]
switch 7 are [0.13709677419354838, 0.3125, 0.10714285714285714, 0.39285714285714285, 0.4375, 0.0, 0.07142857142857142, 0.76, 2.3076923076923075]
switch 8 are [0.875, 0.3055555555555556, 1.0, 1.0, 1.0, 0.3392857142857143, 0.10714285714285714, 0.75, 2.2666666666666666, 0.025889967637540454, 0.8064516129032258, 2.5, 1.0106382978723405, 0.5875, 0.10655737704918032]
switch 9 are [0.5357142857142857, 0.8, 0.5333333333333333, 1.6923076923076923, 1.12, 0.07407407407407407, 2.25, 4.25, 0.1827956989247312, 2.25, 0.8387096774193549]
switch 10 are [0.8333333333333334, 0.9047619047619048, 1.25, 0.19402985074626866, 1.3571428571428572, 2.090909090909091, 0.24742268041237114, 1.2666666666666666, 0.375, 3.090909090909091, 1.173913043478261, 0.6818181818181818]
switch 11 are [0.30538922155688625, 2.475, 0.04918032786885246, 0.46, 0.1375, 2.25, 1.2, 1.3333333333333333, 0.13768115942028986, 1.4375, 0.8108108108108109, 1.5625, 0.43023255813953487]
switch 12 are [2.5, 0.3695652173913043, 0.17647058823529413, 1.4375, 0.525, 0.7272727272727273, 0.3076923076923077, 0.2857142857142857, 2.75, 0.32, 1.4583333333333333, 0.36666666666666664]
switch 13 are [2.0, 0.4883720930232558, 0.012575177692728267, 0.07547169811320754, 0.23809523809523808, 3.8333333333333335, 1.0, 0.8709677419354839, 0.08934707903780069, 1.1428571428571428]
switch 14 are [2.076923076923077, 3.0, 0.01537496077816128, 1.1333333333333333, 0.5531914893617021, 0.5588235294117647, 0.08088235294117647, 0.6363636363636364, 2.142857142857143, 2.25]
switch 15 are [2.25, 0.05172413793103448, 0.22857142857142856, 0.6666666666666666, 1.1333333333333333, 0.3488372093023256, 0.75, 0.6206896551724138, 0.7142857142857143, 2.0, 2.25]
switch 16 are [0.6888888888888889, 0.3181818181818182, 4.166666666666667, 1.55, 0.3, 0.1067193675889328, 0.2777777777777778, 0.189873417721519, 0.64, 0.8571428571428571, 0.4074074074074074, 0.38333333333333336]
switch 17 are [0.550561797752809, 1.0, 1.9230769230769231, 0.08571428571428572, 0.6285714285714286, 0.75, 1.4666666666666666, 1.6666666666666667, 2.5454545454545454, 2.625, 0.22549019607843138, 1.1111111111111112, 2.0833333333333335, 0.6571428571428571, 2.6363636363636362, 1.0952380952380953]
switch 18 are [0.953125, 0.06349206349206349, 1.5555555555555556, 4.434782608695652, 0.20481927710843373, 0.08960573476702509, 0.875, 0.16091954022988506, 0.6538461538461539, 2.5517241379310347, 0.15348837209302327]
switch 19 are [0.06666666666666667, 2.4166666666666665, 1.0, 0.2076923076923077, 0.2047244094488189, 1.1578947368421053, 1.0833333333333333, 0.43243243243243246, 3.1666666666666665, 1.4230769230769231, 4.25, 0.7272727272727273, 0.4528301886792453]
switch_ARE_with_trim_mean [0.33835706480094035, 1.1469833848694917, 0.7541245320204129, 0.8531396650102636, 1.0460613071139386, 0.6774559660197959, 0.6975784632034632, 0.5029130725904919, 0.7811383139596569, 1.1336511875221555, 1.0180967758522665, 0.9149951893873504, 0.8297744538070624, 0.7381388741327661, 1.179046820148979, 0.9680426674813203, 0.5612605500453601, 1.3091652586494906, 0.7997870857256789, 1.1156900356464752]
switch_ARE_not with_trim_mean [0.732455977908488, 1.4195979504180598, 0.7946747148593212, 0.9657699822797948, 1.0721145813251076, 0.6444543993718532, 0.7954626728245916, 0.5029130725904919, 0.8453792032742053, 1.3206304328884975, 1.1221588916815022, 0.9683944162407466, 0.9353512605254933, 0.975101950408819, 1.2447749521969995, 1.0012825586602652, 0.8238326278924334, 1.3156494714481743, 1.0633053130653478, 1.276096696829069]
4 base3
d: 5 w: 9 k: 5
all [100.0] 

ans 100.0 

4_baseline3_switch_ 0 = 273
4_baseline3_switch_ 1 = 278
4_baseline3_switch_ 2 = 287
4_baseline3_switch_ 3 = 260
4_baseline3_switch_ 4 = 370
4_baseline3_switch_ 5 = 242
4_baseline3_switch_ 6 = 120
4_baseline3_switch_ 7 = 118
4_baseline3_switch_ 8 = 540
4_baseline3_switch_ 9 = 538
4_baseline3_switch_ 10 = 532
4_baseline3_switch_ 11 = 556
4_baseline3_switch_ 12 = 594
4_baseline3_switch_ 13 = 596
4_baseline3_switch_ 14 = 300
4_baseline3_switch_ 15 = 306
4_baseline3_switch_ 16 = 496
4_baseline3_switch_ 17 = 498
4_baseline3_switch_ 18 = 510
4_baseline3_switch_ 19 = 510
pass through [273, 278, 287, 260, 370, 242, 120, 118, 540, 538, 532, 556, 594, 596, 300, 306, 496, 498, 510, 510]
num_of_flow_store_in_switch [20, 18, 17, 14, 17, 15, 11, 13, 13, 12, 12, 9, 8, 5, 13, 11, 9, 8, 7, 7]
switch 0 are [2.02, 0.025559105431309903, 0.07178217821782178, 0.125, 0.0, 0.0, 0.6812227074235808, 0.05357142857142857, 0.038461538461538464, 0.0025940337224383916, 1.6363636363636365, 0.052941176470588235, 0.04, 1.3018867924528301, 0.0, 0.4166666666666667, 0.015625, 0.057971014492753624, 0.5, 0.1320754716981132]
switch 1 are [0.010869565217391304, 0.16666666666666666, 0.35714285714285715, 0.10714285714285714, 0.0, 0.0, 0.07142857142857142, 0.21428571428571427, 0.15384615384615385, 0.0, 0.15151515151515152, 0.047058823529411764, 0.3411764705882353, 0.04838709677419355, 0.6428571428571429, 0.05, 0.18181818181818182, 0.35714285714285715]
switch 2 are [0.08450704225352113, 0.38095238095238093, 1.1071428571428572, 0.07142857142857142, 0.14285714285714285, 1.0357142857142858, 0.5178571428571429, 0.14285714285714285, 0.14285714285714285, 0.10909090909090909, 0.10714285714285714, 0.47619047619047616, 1.7777777777777777, 0.9166666666666666, 1.0833333333333333, 0.09090909090909091, 0.19047619047619047]
switch 3 are [0.32142857142857145, 0.0, 0.0, 0.0, 0.0, 0.03571428571428571, 0.03571428571428571, 0.0, 1.75, 1.625, 0.0, 0.6511627906976745, 0.0, 0.03571428571428571]
switch 4 are [0.07142857142857142, 0.05, 0.004149377593360996, 0.3, 0.16666666666666666, 0.13333333333333333, 0.0, 1.28125, 0.24193548387096775, 0.03571428571428571, 0.07142857142857142, 0.3333333333333333, 0.006472491909385114, 0.23076923076923078, 0.23076923076923078, 0.06976744186046512, 0.6666666666666666]
switch 5 are [0.25, 0.037037037037037035, 0.25925925925925924, 0.0, 1.4642857142857142, 1.0714285714285714, 0.0, 0.375, 0.0, 0.03333333333333333, 2.0416666666666665, 0.0, 0.3333333333333333, 0.0, 0.05555555555555555]
switch 6 are [0.16, 0.875, 0.06287425149700598, 0.0, 1.2857142857142858, 0.5, 0.04, 0.0, 0.0, 0.18181818181818182, 0.08695652173913043]
switch 7 are [0.01639344262295082, 0.5714285714285714, 0.6875, 0.05, 1.5625, 0.09302325581395349, 0.025, 0.23076923076923078, 0.0028239723878255413, 0.004373974849644614, 0.06289308176100629, 0.1111111111111111, 0.5]
switch 8 are [0.25, 0.3333333333333333, 0.8333333333333334, 2.4166666666666665, 0.030303030303030304, 0.3076923076923077, 0.02857142857142857, 0.006493506493506494, 0.0, 0.0, 0.10714285714285714, 0.09090909090909091, 0.1797752808988764]
switch 9 are [0.0, 0.3492063492063492, 0.16666666666666666, 0.08333333333333333, 0.03333333333333333, 0.02127659574468085, 0.014285714285714285, 0.08823529411764706, 0.47058823529411764, 0.0967741935483871, 0.024054982817869417, 0.4666666666666667]
switch 10 are [0.03557312252964427, 1.0769230769230769, 0.078125, 0.15873015873015872, 0.3055555555555556, 0.7936507936507936, 0.0, 0.0379746835443038, 1.0434782608695652, 0.5, 0.16216216216216217, 0.45454545454545453]
switch 11 are [0.08571428571428572, 1.25, 0.013333333333333334, 0.06666666666666667, 0.0, 0.3333333333333333, 0.6363636363636364, 0.02127659574468085, 0.23809523809523808]
switch 12 are [0.375, 0.0, 0.09448818897637795, 0.0, 0.1388888888888889, 1.1666666666666667, 0.6666666666666666, 0.3225806451612903]
switch 13 are [0.0, 0.08333333333333333, 0.2, 0.03614457831325301, 0.04918032786885246]
switch 14 are [0.041237113402061855, 0.08333333333333333, 0.2, 0.0, 1.263157894736842, 0.11428571428571428, 0.3953488372093023, 0.0, 0.0, 0.022058823529411766, 0.19230769230769232, 0.14285714285714285, 0.05263157894736842]
switch 15 are [0.5, 0.75, 1.1333333333333333, 0.18181818181818182, 0.6666666666666666, 0.06896551724137931, 0.13333333333333333, 0.6571428571428571, 0.5, 0.5, 0.22580645161290322]
switch 16 are [0.28, 0.5833333333333334, 0.9166666666666666, 0.12643678160919541, 0.2413793103448276, 0.4166666666666667, 0.23333333333333334, 0.5833333333333334, 0.35]
switch 17 are [0.3611111111111111, 0.29411764705882354, 0.021505376344086023, 0.32, 0.4230769230769231, 0.5, 0.46153846153846156, 0.05813953488372093]
switch 18 are [0.26666666666666666, 0.0, 0.06756756756756757, 0.125, 0.6111111111111112, 0.07692307692307693, 0.75]
switch 19 are [0.1702127659574468, 0.10784313725490197, 0.7222222222222222, 1.0555555555555556, 0.391304347826087, 0.3333333333333333, 0.4166666666666667]
switch_ARE_with_trim_mean [0.21970981960056685, 0.14115506044364018, 0.435236977420076, 0.22539451827242526, 0.17416231235627128, 0.2984025234025234, 0.21184988389492423, 0.21386296985058806, 0.19705037897070585, 0.1343833129720648, 0.3569795191587638, 0.2938647876945749, 0.3455363820449863, 0.07373164790308775, 0.1130963850792752, 0.4571963878415491, 0.4145721583652618, 0.3049361317516408, 0.27103834603834603, 0.45673400411660187]
switch_ARE_not with_trim_mean [0.35858603749863527, 0.16118545055307698, 0.4928094712063229, 0.3181953013763645, 0.2290402756084747, 0.394726631393298, 0.2902148400698731, 0.3013705108264842, 0.35263237194957153, 0.1512017804178971, 0.3872265223758929, 0.2938647876945749, 0.3455363820449863, 0.07373164790308775, 0.19286293312375918, 0.4833696673771504, 0.4145721583652618, 0.3049361317516408, 0.27103834603834603, 0.45673400411660187]
4 base3
d: 6 w: 9 k: 5
all [71.0] 

ans 71.0 

4_baseline3_switch_ 0 = 259
4_baseline3_switch_ 1 = 282
4_baseline3_switch_ 2 = 273
4_baseline3_switch_ 3 = 252
4_baseline3_switch_ 4 = 354
4_baseline3_switch_ 5 = 256
4_baseline3_switch_ 6 = 122
4_baseline3_switch_ 7 = 122
4_baseline3_switch_ 8 = 534
4_baseline3_switch_ 9 = 540
4_baseline3_switch_ 10 = 514
4_baseline3_switch_ 11 = 530
4_baseline3_switch_ 12 = 588
4_baseline3_switch_ 13 = 606
4_baseline3_switch_ 14 = 316
4_baseline3_switch_ 15 = 310
4_baseline3_switch_ 16 = 498
4_baseline3_switch_ 17 = 496
4_baseline3_switch_ 18 = 512
4_baseline3_switch_ 19 = 512
pass through [259, 282, 273, 252, 354, 256, 122, 122, 534, 540, 514, 530, 588, 606, 316, 310, 498, 496, 512, 512]
num_of_flow_store_in_switch [19, 16, 14, 18, 18, 15, 13, 15, 11, 10, 11, 10, 6, 14, 7, 9, 8, 4, 11, 10]
switch 0 are [0.075, 0.5143769968051118, 0.06930693069306931, 0.0, 0.0, 0.0, 0.0, 0.0, 0.0, 2.0, 0.0, 0.0, 0.8083333333333333, 0.07333333333333333, 0.0, 0.0660377358490566, 0.0, 0.0, 0.3333333333333333]
switch 1 are [0.0, 0.0, 0.8, 0.47368421052631576, 0.03571428571428571, 0.0, 0.038461538461538464, 0.0, 0.0, 0.3939393939393939, 0.11764705882352941, 0.023809523809523808, 1.0, 1.0, 0.03571428571428571, 0.13636363636363635]
switch 2 are [0.07058823529411765, 0.03225806451612903, 0.09375, 1.3214285714285714, 0.0, 1.0357142857142858, 1.1428571428571428, 0.07142857142857142, 0.10714285714285714, 0.0, 0.0, 0.0, 0.25, 1.0]
switch 3 are [0.0, 0.017857142857142856, 0.03571428571428571, 0.0, 0.9285714285714286, 0.2727272727272727, 0.0, 0.0, 0.625, 0.0, 0.03333333333333333, 0.0, 0.0, 0.017857142857142856, 0.0, 0.003676470588235294, 0.12903225806451613, 0.3125]
switch 4 are [0.024193548387096774, 0.875, 0.0, 0.10714285714285714, 1.0, 0.375, 0.046296296296296294, 0.023255813953488372, 0.14516129032258066, 0.6071428571428571, 0.10714285714285714, 0.1, 0.0, 1.8064516129032258, 2.4615384615384617, 0.07407407407407407, 0.025, 0.4166666666666667]
switch 5 are [0.0, 0.5357142857142857, 0.21428571428571427, 0.0, 0.0625, 0.7, 0.48, 0.4166666666666667, 0.0, 1.25, 0.0, 0.01639344262295082, 0.375, 0.05555555555555555, 0.35]
switch 6 are [0.055970149253731345, 0.0688622754491018, 0.8571428571428571, 0.04, 0.0, 0.29411764705882354, 0.0, 0.5, 0.20930232558139536, 0.0032804811372334607, 0.0, 0.34782608695652173, 0.6666666666666666]
switch 7 are [1.1818181818181819, 1.0, 0.175, 1.0, 0.6875, 0.0037652965171007216, 0.3270440251572327, 0.5833333333333334, 0.017241379310344827, 0.30158730158730157, 0.0, 1.0, 0.11764705882352941, 0.05737704918032787, 0.25806451612903225]
switch 8 are [0.8333333333333334, 0.12121212121212122, 0.4888888888888889, 0.22857142857142856, 0.0, 0.0, 0.056179775280898875, 0.015810276679841896, 0.0, 0.21212121212121213, 0.16981132075471697]
switch 9 are [0.0, 0.2127659574468085, 0.0, 0.047619047619047616, 0.16666666666666666, 0.1746031746031746, 0.05555555555555555, 0.5, 0.20833333333333334, 0.7692307692307693]
switch 10 are [0.5333333333333333, 0.125, 0.17721518987341772, 0.05714285714285714, 0.2608695652173913, 1.5833333333333333, 0.16, 0.13333333333333333, 0.0, 0.0851063829787234, 0.20588235294117646]
switch 11 are [0.4666666666666667, 0.023076923076923078, 0.023622047244094488, 0.37209302325581395, 0.3333333333333333, 0.56, 0.5384615384615384, 0.050724637681159424, 0.4375, 0.7272727272727273]
switch 12 are [0.625, 0.041237113402061855, 0.08333333333333333, 0.26666666666666666, 0.4, 0.11538461538461539]
switch 13 are [0.4166666666666667, 1.0, 0.5333333333333333, 0.5263157894736842, 0.44, 0.4857142857142857, 0.0963855421686747, 0.053763440860215055, 1.375, 1.3333333333333333, 0.3783783783783784, 1.3333333333333333, 0.6666666666666666, 0.5833333333333334]
switch 14 are [0.04, 0.5833333333333334, 0.2, 0.20689655172413793, 0.25, 0.08602150537634409, 0.2857142857142857]
switch 15 are [0.36363636363636365, 0.25, 0.4, 0.6470588235294118, 0.6666666666666666, 0.08333333333333333, 0.15151515151515152, 0.5, 0.07865168539325842]
switch 16 are [0.05555555555555555, 0.1724137931034483, 0.3076923076923077, 0.1724137931034483, 0.08333333333333333, 0.35, 0.25806451612903225, 0.21428571428571427]
switch 17 are [0.3333333333333333, 0.0625, 0.023255813953488372, 0.07017543859649122]
switch 18 are [0.013513513513513514, 0.010638297872340425, 0.025, 0.0125, 0.9047619047619048, 0.0, 1.7692307692307692, 0.014492753623188406, 0.6666666666666666, 0.06976744186046512, 0.19047619047619047]
switch 19 are [0.0392156862745098, 0.2777777777777778, 0.16666666666666666, 0.08333333333333333, 0.1111111111111111, 1.0909090909090908, 0.5833333333333334, 0.037800687285223365, 0.6, 0.42857142857142855]
switch_ARE_with_trim_mean [0.11410127431454341, 0.2182381380966078, 0.3169782630794253, 0.09048111913387055, 0.358282992127, 0.24662428191116717, 0.19872960291849762, 0.42527384307986177, 0.14362166927878983, 0.17069296690307328, 0.19309811275780364, 0.34780015583032575, 0.25527028813111285, 0.6494550552001407, 0.23599509659258588, 0.3489846693415761, 0.20171987665035496, 0.12231614647082822, 0.21197964097491884, 0.28625116713352006]
switch_ARE_not with_trim_mean [0.2073537717551178, 0.2534583708345318, 0.3660834091701197, 0.13201496303963098, 0.4552259075316923, 0.2970743776563448, 0.23408988378817927, 0.4473585427904256, 0.19326621425840382, 0.21347745044553554, 0.3019287589230515, 0.35327508969922566, 0.25527028813111285, 0.6587302930901361, 0.23599509659258588, 0.3489846693415761, 0.20171987665035496, 0.12231614647082822, 0.33427704890954896, 0.34187191152624746]
