6 algo
d: 5 w: 3 k: 1
all [3.35] 

ans 3.35 

number 1 average are:  0.6527116768587795 total flow 217  
number 2 average are:  1.4813431658780496 total flow 10  


2-1 [15.88888888888889, 11.178571428571429, 10.607142857142858, 6.181818181818182, 5.511627906976744, 5.166666666666667, 4.571428571428571, 3.9166666666666665, 3.5714285714285716, 3.5, 3.45]
2-2 [1.4444444444444444, 0.8571428571428571, 1.1785714285714286, 2.5454545454545454, 0.5116279069767442, 1.6666666666666667, 1.5238095238095237, 2.0, 1.7857142857142858, 1.3, 2.65]
3-1 []
3-2 []
3-3 []
6 algo
d: 5 w: 6 k: 1
all [0.5] 

ans 0.5 

number 1 average are:  0.055294208605461054 total flow 198  
number 2 average are:  0.1357782934013714 total flow 29  


2-1 [3.6, 3.15, 2.0833333333333335, 1.75, 1.75, 1.4, 1.3636363636363635, 1.3125, 1.2444444444444445, 1.1333333333333333, 1.09375, 1.0333333333333334, 1.0, 0.9285714285714286, 1.0, 0.9166666666666666, 0.9090909090909091, 0.8666666666666667, 0.7619047619047619, 0.7142857142857143, 0.6521739130434783, 0.6511627906976745, 0.65, 0.625, 1.4545454545454546, 0.5714285714285714, 1.0, 0.5714285714285714, 0.5714285714285714, 1.2857142857142858, 0.5714285714285714, 0.5357142857142857]
2-2 [0.16666666666666666, 0.35, 0.16666666666666666, 0.25, 0.3333333333333333, 0.3, 0.0, 0.125, 0.044444444444444446, 0.0, 0.0625, 0.03333333333333333, 0.16666666666666666, 0.14285714285714285, 0.4166666666666667, 0.08333333333333333, 0.36363636363636365, 0.06666666666666667, 0.19047619047619047, 0.10714285714285714, 0.13043478260869565, 0.046511627906976744, 0.0, 0.125, 0.2727272727272727, 0.07142857142857142, 0.17857142857142858, 0.10714285714285714, 0.07142857142857142, 0.10714285714285714, 0.047619047619047616, 0.10714285714285714]
3-1 []
3-2 []
3-3 []
6 algo
d: 5 w: 9 k: 1
all [0.17857142857142858] 

ans 0.17857142857142858 

number 1 average are:  0.018173252636807732 total flow 194  
number 2 average are:  0.0115359948693282 total flow 33  


2-1 [1.8181818181818181, 1.4736842105263157, 1.4166666666666667, 1.3333333333333333, 1.0909090909090908, 1.0, 0.9285714285714286, 0.85, 0.78125, 0.7333333333333333, 0.7333333333333333, 0.6666666666666666, 0.6666666666666666, 0.6574074074074074, 0.625, 0.6086956521739131, 0.5, 0.42857142857142855, 0.4166666666666667, 0.3333333333333333, 0.3333333333333333, 0.3125, 0.3, 0.2857142857142857, 0.2857142857142857, 0.25, 0.25, 0.25, 0.23333333333333334, 0.23333333333333334, 0.23076923076923078, 0.21428571428571427, 0.17857142857142858]
2-2 [0.0, 0.0, 0.0, 0.0, 0.0, 0.0, 0.0, 0.0, 0.0, 0.0, 0.0, 0.0, 0.08333333333333333, 0.009259259259259259, 0.0, 0.0, 0.0, 0.0, 0.0, 0.0, 0.08333333333333333, 0.0, 0.0, 0.0, 0.0, 0.08333333333333333, 0.0, 0.0, 0.0, 0.0, 0.0, 0.0, 0.0]
3-1 []
3-2 []
3-3 []
6 algo
d: 6 w: 9 k: 1
all [0.3] 

ans 0.3 

number 1 average are:  0.020490834154166335 total flow 210  
number 2 average are:  0.003676470588235294 total flow 17  


2-1 [2.4, 2.0, 1.0333333333333334, 0.9285714285714286, 0.75, 0.6060606060606061, 0.5, 0.5, 0.4375, 0.43478260869565216, 0.375, 0.34375, 0.3333333333333333, 0.3333333333333333, 0.3333333333333333, 0.3225806451612903, 0.32142857142857145]
2-2 [0.0, 0.0, 0.0, 0.0, 0.0, 0.0, 0.0, 0.0, 0.0, 0.0, 0.0, 0.0625, 0.0, 0.0, 0.0, 0.0, 0.0]
3-1 []
3-2 []
3-3 []
6 algo
d: 5 w: 3 k: 3
all [3.0833333333333335] 

ans 3.0833333333333335 

number 1 average are:  0.6373326767519938 total flow 213  
number 2 average are:  1.5867841682127397 total flow 14  


2-1 [88.66666666666667, 10.74074074074074, 10.5, 9.5, 7.909090909090909, 5.333333333333333, 5.333333333333333, 5.2727272727272725, 5.25, 4.75, 4.8, 4.0, 4.0, 3.9285714285714284, 3.4, 3.3333333333333335]
2-2 [1.7619047619047619, 0.6666666666666666, 2.8333333333333335, 2.0, 1.6363636363636365, 2.3333333333333335, 2.1666666666666665, 2.0, 1.05, 0.8928571428571429, 1.7333333333333334, 1.9090909090909092, 2.6666666666666665, 1.5714285714285714, 0.96, 1.5333333333333334]
3-1 []
3-2 []
3-3 []
6 algo
d: 5 w: 6 k: 3
all [0.5833333333333334] 

ans 0.5833333333333334 

number 1 average are:  0.06962889577043774 total flow 213  
number 2 average are:  0.14996449382939803 total flow 14  


2-1 [2.3333333333333335, 1.4516129032258065, 1.4285714285714286, 1.368421052631579, 1.3333333333333333, 1.32, 1.2142857142857142, 1.2, 1.0714285714285714, 1.0714285714285714, 1.0357142857142858, 1.0, 0.9032258064516129, 0.8181818181818182, 0.75, 0.8333333333333334, 0.7307692307692307]
2-2 [0.4166666666666667, 0.08064516129032258, 0.14285714285714285, 0.15789473684210525, 0.13333333333333333, 0.16, 0.03571428571428571, 0.2, 0.10714285714285714, 0.03571428571428571, 0.32142857142857145, 0.25, 0.06451612903225806, 0.45454545454545453, 0.3333333333333333, 0.5833333333333334, 0.07692307692307693]
3-1 []
3-2 []
3-3 []
6 algo
d: 5 w: 9 k: 3
all [0.5833333333333334] 

ans 0.5833333333333334 

number 1 average are:  0.031167895749628503 total flow 218  
number 2 average are:  0.009523809523809525 total flow 9  


2-1 [3.0, 1.6956521739130435, 1.3, 1.2857142857142858, 1.2142857142857142, 1.0714285714285714, 1.0, 1.0, 0.8, 0.7]
2-2 [0.0, 0.0, 0.05, 0.0, 0.0, 0.03571428571428571, 0.0, 0.5833333333333334, 0.0, 0.0]
3-1 []
3-2 []
3-3 []
6 algo
d: 6 w: 9 k: 3
all [0.16666666666666666] 

ans 0.16666666666666666 

number 1 average are:  0.008508673993630212 total flow 190  
number 2 average are:  0.010996634526046292 total flow 37  


2-1 [1.9166666666666667, 1.1071428571428572, 0.9090909090909091, 0.8571428571428571, 0.8214285714285714, 0.75, 0.7333333333333333, 0.7272727272727273, 0.5833333333333334, 0.5384615384615384, 0.5, 0.5, 0.4642857142857143, 0.4444444444444444, 0.43478260869565216, 0.42857142857142855, 0.4166666666666667, 0.39285714285714285, 0.38461538461538464, 0.375, 0.3617021276595745, 0.3333333333333333, 0.3333333333333333, 0.3125, 0.3076923076923077, 0.3, 0.29411764705882354, 0.2857142857142857, 0.2857142857142857, 0.2857142857142857, 0.2608695652173913, 0.25, 0.2222222222222222, 0.21212121212121213, 0.2, 0.18181818181818182, 0.3870967741935484, 0.17857142857142858]
2-2 [0.0, 0.0, 0.0, 0.0, 0.0, 0.1, 0.0, 0.0, 0.0, 0.0, 0.0, 0.0, 0.0, 0.0, 0.0, 0.0, 0.0, 0.0, 0.0, 0.0, 0.0, 0.0, 0.0, 0.0, 0.0, 0.05, 0.058823529411764705, 0.03571428571428571, 0.0, 0.0, 0.0, 0.0, 0.0, 0.0, 0.0, 0.0, 0.0, 0.0]
3-1 []
3-2 []
3-3 []
[3.1818181818181817, 2.6363636363636362, 2.0] 41.177.241.46 151.77.15.40
6 algo
d: 5 w: 3 k: 5
all [2.6153846153846154] 

ans 2.6153846153846154 

number 1 average are:  0.6082412557073926 total flow 207  
number 2 average are:  1.4687370121932108 total flow 19  
number 3 average are:  2.0 total flow 1  


2-1 [13.428571428571429, 10.15, 6.45, 4.866666666666666, 3.9615384615384617, 3.933333333333333, 3.76, 3.6666666666666665, 3.4705882352941178, 3.4166666666666665, 3.2758620689655173, 3.1818181818181817, 3.142857142857143, 3.0, 2.9166666666666665, 2.857142857142857, 2.8, 2.75, 2.909090909090909, 2.7333333333333334, 2.6666666666666665]
2-2 [1.5, 1.7, 0.75, 1.8666666666666667, 1.0769230769230769, 1.4, 0.76, 2.0, 1.4705882352941178, 1.9166666666666667, 0.7931034482758621, 1.2727272727272727, 1.0476190476190477, 1.631578947368421, 1.9166666666666667, 1.1428571428571428, 0.6, 1.9166666666666667, 1.9090909090909092, 1.6666666666666667, 2.5]
3-1 [3.1818181818181817]
3-2 [2.6363636363636362]
3-3 [2.0]
[1.1666666666666667, 0.4166666666666667, 0.16666666666666666] 41.177.241.254 41.177.241.176
6 algo
d: 5 w: 6 k: 5
all [0.5] 

ans 0.5 

number 1 average are:  0.058669694030607 total flow 201  
number 2 average are:  0.14650964235357825 total flow 25  
number 3 average are:  0.16666666666666666 total flow 1  


2-1 [6.25, 4.2727272727272725, 3.357142857142857, 2.9130434782608696, 1.5625, 1.3133333333333332, 1.288888888888889, 1.5333333333333334, 1.2857142857142858, 1.2727272727272727, 1.0555555555555556, 1.04, 1.0, 1.0, 0.9375, 1.5, 0.9090909090909091, 0.7857142857142857, 0.75, 0.7333333333333333, 0.7272727272727273, 0.6666666666666666, 0.6666666666666666, 0.6428571428571429, 0.631578947368421, 0.5833333333333334, 0.5833333333333334, 0.5333333333333333, 0.5]
2-2 [0.0, 0.0, 0.21428571428571427, 0.08695652173913043, 0.125, 0.04, 0.06666666666666667, 0.26666666666666666, 0.07142857142857142, 0.18181818181818182, 0.2222222222222222, 0.0, 0.4166666666666667, 0.35294117647058826, 0.25, 0.3333333333333333, 0.2727272727272727, 0.21428571428571427, 0.0, 0.06666666666666667, 0.09090909090909091, 0.25, 0.16666666666666666, 0.10714285714285714, 0.05263157894736842, 0.25, 0.16666666666666666, 0.2, 0.3]
3-1 [1.1666666666666667]
3-2 [0.4166666666666667]
3-3 [0.16666666666666666]
[0.875, 0.0, 0.0] 244.3.210.254 41.177.244.177
[0.26666666666666666, 0.0, 0.0] 246.142.244.205 246.142.244.3
6 algo
d: 5 w: 9 k: 5
all [0.1] 

ans 0.1 

number 1 average are:  0.008320622970576957 total flow 178  
number 2 average are:  0.0011982698152910919 total flow 47  
number 3 average are:  0.0 total flow 2  


2-1 [2.909090909090909, 1.2857142857142858, 1.1428571428571428, 1.1111111111111112, 1.0714285714285714, 0.9230769230769231, 0.7692307692307693, 0.6666666666666666, 0.5357142857142857, 0.5, 0.42424242424242425, 0.39285714285714285, 0.375, 0.35714285714285715, 0.3333333333333333, 0.3333333333333333, 0.3333333333333333, 0.32142857142857145, 0.2857142857142857, 0.2857142857142857, 0.2631578947368421, 0.25, 0.25, 0.25, 0.24, 0.21428571428571427, 0.1935483870967742, 0.1875, 0.22580645161290322, 0.17857142857142858, 0.17391304347826086, 0.16666666666666666, 0.16666666666666666, 0.16666666666666666, 0.16666666666666666, 0.16666666666666666, 0.15873015873015872, 0.15625, 0.15384615384615385, 0.14285714285714285, 0.14, 0.1388888888888889, 0.12903225806451613, 0.125, 0.125, 0.125, 0.11320754716981132, 0.1111111111111111]
2-2 [0.0, 0.0, 0.07142857142857142, 0.0, 0.0, 0.0, 0.0, 0.0, 0.0, 0.0, 0.0, 0.0, 0.0, 0.0, 0.0, 0.0, 0.0, 0.0, 0.0, 0.0, 0.0, 0.0, 0.0, 0.0, 0.0, 0.0, 0.0, 0.0, 0.0, 0.0, 0.0, 0.0, 0.0, 0.0, 0.0, 0.0, 0.0, 0.0, 0.0, 0.017857142857142856, 0.0, 0.0, 0.0, 0.0, 0.0, 0.0, 0.0, 0.0]
3-1 [0.875, 0.26666666666666666]
3-2 [0.0, 0.0]
3-3 [0.0, 0.0]
6 algo
d: 6 w: 9 k: 5
all [0.4] 

ans 0.4 

number 1 average are:  0.023173797089196563 total flow 212  
number 2 average are:  0.0047619047619047615 total flow 15  


2-1 [1.7142857142857142, 1.3636363636363635, 1.32, 1.2, 1.0, 0.9333333333333333, 0.7333333333333333, 0.6666666666666666, 0.5357142857142857, 0.5333333333333333, 0.5, 0.4642857142857143, 0.42857142857142855, 0.4166666666666667, 0.4166666666666667]
2-2 [0.0, 0.0, 0.0, 0.0, 0.0, 0.0, 0.0, 0.0, 0.0, 0.0, 0.0, 0.07142857142857142, 0.0, 0.0, 0.0]
3-1 []
3-2 []
3-3 []
6_algo_switch_ 0 = 142
6_algo_switch_ 1 = 74
6_algo_switch_ 2 = 51
6_algo_switch_ 3 = 55
6_algo_switch_ 4 = 51
6_algo_switch_ 5 = 51
6_algo_switch_ 6 = 93
6_algo_switch_ 7 = 90
6_algo_switch_ 8 = 67
6_algo_switch_ 9 = 69
6_algo_switch_ 10 = 57
6_algo_switch_ 11 = 184
6_algo_switch_ 12 = 47
6_algo_switch_ 13 = 95
6_algo_switch_ 14 = 61
6_algo_switch_ 15 = 81
6_algo_switch_ 16 = 92
6_algo_switch_ 17 = 64
6_algo_switch_ 18 = 164
6_algo_switch_ 19 = 160
6_algo_switch_ 20 = 162
6_algo_switch_ 21 = 104
6_algo_switch_ 22 = 104
6_algo_switch_ 23 = 98
6_algo_switch_ 24 = 150
6_algo_switch_ 25 = 148
6_algo_switch_ 26 = 146
6_algo_switch_ 27 = 194
6_algo_switch_ 28 = 194
6_algo_switch_ 29 = 192
6_algo_switch_ 30 = 130
6_algo_switch_ 31 = 126
6_algo_switch_ 32 = 122
6_algo_switch_ 33 = 152
6_algo_switch_ 34 = 152
6_algo_switch_ 35 = 148
6_algo_switch_ 36 = 140
6_algo_switch_ 37 = 138
6_algo_switch_ 38 = 138
6_algo_switch_ 39 = 136
6_algo_switch_ 40 = 136
6_algo_switch_ 41 = 134
6_algo_switch_ 42 = 136
6_algo_switch_ 43 = 134
6_algo_switch_ 44 = 130
[142, 74, 51, 55, 51, 51, 93, 90, 67, 69, 57, 184, 47, 95, 61, 81, 92, 64, 164, 160, 162, 104, 104, 98, 150, 148, 146, 194, 194, 192, 130, 126, 122, 152, 152, 148, 140, 138, 138, 136, 136, 134, 136, 134, 130]
