4 base2
d: 5 w: 3 k: 1
all [330.0] 

ans 330.0 

number 1 average are:  5.86086417694796 total flow 239  


4_baseline2_switch_ 0 = 227
4_baseline2_switch_ 1 = 238
4_baseline2_switch_ 2 = 241
4_baseline2_switch_ 3 = 200
4_baseline2_switch_ 4 = 324
4_baseline2_switch_ 5 = 194
4_baseline2_switch_ 6 = 0
4_baseline2_switch_ 7 = 0
4_baseline2_switch_ 8 = 410
4_baseline2_switch_ 9 = 408
4_baseline2_switch_ 10 = 398
4_baseline2_switch_ 11 = 398
4_baseline2_switch_ 12 = 464
4_baseline2_switch_ 13 = 466
4_baseline2_switch_ 14 = 0
4_baseline2_switch_ 15 = 0
4_baseline2_switch_ 16 = 280
4_baseline2_switch_ 17 = 280
4_baseline2_switch_ 18 = 280
4_baseline2_switch_ 19 = 280
pass through [227, 238, 241, 200, 324, 194, 0, 0, 410, 408, 398, 398, 464, 466, 0, 0, 280, 280, 280, 280]
num_of_flow_store_in_switch [15, 12, 10, 16, 17, 12, 0, 0, 15, 15, 16, 15, 14, 18, 0, 0, 13, 17, 17, 17]
switch 0 are [2.04, 0.29296875, 1.061764705882353, 6.178571428571429, 14.045454545454545, 3.359375, 3.02, 3.710843373493976, 0.22939068100358423, 8.571428571428571, 15.0, 0.5882352941176471, 1.2584269662921348, 2.244186046511628, 22.25]
switch 1 are [0.3738019169329074, 0.05188067444876784, 16.90909090909091, 0.41333333333333333, 10.307692307692308, 1.3333333333333333, 3.1666666666666665, 1.0957446808510638, 4.909090909090909, 19.833333333333332, 3.1666666666666665, 11.25]
switch 2 are [0.5242718446601942, 6.578947368421052, 3.9642857142857144, 1.7464788732394365, 5.392857142857143, 0.3333333333333333, 3.9642857142857144, 0.2450592885375494, 1.9574468085106382, 0.9420289855072463]
switch 3 are [1.4333333333333333, 10.071428571428571, 3.5, 11.916666666666666, 0.8059701492537313, 24.833333333333332, 16.75, 5.05, 2.0632911392405062, 2.4571428571428573, 11.043478260869565, 10.03448275862069, 4.04, 2.8378378378378377, 2.8085106382978724, 2.4625]
switch 4 are [0.2400990099009901, 0.7264957264957265, 1.9821428571428572, 1.1630434782608696, 0.6320754716981132, 4.964285714285714, 13.642857142857142, 12.916666666666666, 15.583333333333334, 16.083333333333332, 3.085714285714286, 7.9375, 7.541666666666667, 6.9523809523809526, 6.653846153846154, 8.533333333333333, 9.214285714285714]
switch 5 are [0.5633187772925764, 1.9230769230769231, 8.166666666666666, 1.4545454545454546, 0.38023952095808383, 4.433333333333334, 0.2714285714285714, 3.5, 3.4, 5.111111111111111, 12.5, 13.727272727272727]
switch 6 are []
switch 7 are []
switch 8 are [5.392857142857143, 9.2, 6.821428571428571, 4.464285714285714, 4.59375, 1.8870967741935485, 6.285714285714286, 10.1875, 0.08146528157463094, 1.6379310344827587, 0.7207792207792207, 11.066666666666666, 14.083333333333334, 4.838709677419355, 1.2280701754385965]
switch 9 are [6.115384615384615, 1.3411764705882352, 5.714285714285714, 8.5625, 5.714285714285714, 2.558139534883721, 3.7, 2.627450980392157, 2.558139534883721, 7.052631578947368, 6.4, 0.9509803921568627, 4.4411764705882355, 0.5441860465116279, 6.65]
switch 10 are [4.178571428571429, 1.8571428571428572, 4.933333333333334, 4.178571428571429, 6.25, 0.4918032786885246, 4.065217391304348, 19.916666666666668, 11.307692307692308, 1.5196850393700787, 8.3125, 12.181818181818182, 11.083333333333334, 0.9710144927536232, 4.393939393939394, 3.027027027027027]
switch 11 are [2.0535714285714284, 1.9454545454545455, 10.85, 3.2, 1.1944444444444444, 5.642857142857143, 3.5, 4.25, 0.5769230769230769, 5.230769230769231, 5.551724137931035, 12.5, 4.636363636363637, 6.875, 9.5]
switch 12 are [4.928571428571429, 4.035714285714286, 4.357142857142857, 5.78125, 3.9, 1.6349206349206349, 2.4, 8.8, 3.2093023255813953, 10.75, 7.333333333333333, 4.035714285714286, 4.653846153846154, 12.636363636363637]
switch 13 are [5.739130434782608, 1.388235294117647, 1.3870967741935485, 4.357142857142857, 4.928571428571429, 5.75, 2.857142857142857, 7.8125, 11.76923076923077, 3.2857142857142856, 2.168539325842697, 3.3055555555555554, 9.0, 5.0, 12.833333333333334, 12.833333333333334, 6.380952380952381, 4.354838709677419]
switch 14 are []
switch 15 are []
switch 16 are [5.214285714285714, 1.2338709677419355, 4.785714285714286, 0.3656957928802589, 2.6222222222222222, 3.171875, 16.8, 1.025, 1.4166666666666667, 1.221311475409836, 8.0, 6.086956521739131, 7.15]
switch 17 are [1.2261904761904763, 6.214285714285714, 5.214285714285714, 4.8, 11.428571428571429, 7.7, 4.117647058823529, 1.7619047619047619, 10.6, 5.566666666666666, 8.666666666666666, 14.153846153846153, 3.9714285714285715, 11.3125, 0.29553264604810997, 5.483870967741935, 5.214285714285714]
switch 18 are [7.285714285714286, 0.6265560165975104, 10.4, 3.037037037037037, 15.363636363636363, 9.6875, 2.9038461538461537, 14.0, 9.6875, 15.916666666666666, 6.125, 3.75, 8.5, 10.352941176470589, 1.7816091954022988, 13.25, 3.2857142857142856]
switch 19 are [6.357142857142857, 9.3, 5.357142857142857, 5.645161290322581, 9.4, 11.875, 0.99375, 0.05867587072481958, 0.6855345911949685, 3.696969696969697, 13.833333333333334, 0.8350515463917526, 16.333333333333332, 4.795698924731183, 14.846153846153847, 2.8867924528301887, 16.166666666666668]
switch_ARE_with_trim_mean [4.720865744750176, 5.292542072365809, 2.3531235520849276, 6.176333718816992, 6.768641833131169, 4.143229178698415, nan, nan, 5.25575302025122, 4.2941270004920264, 5.589989015346953, 4.9561680435685735, 5.348739555825312, 5.68318045200399, nan, nan, 3.811627532161799, 6.218553582723413, 7.960699899854734, 7.111626537525329]
4 base2
d: 5 w: 6 k: 1
all [172.0] 

ans 172.0 

number 1 average are:  1.7349025954563742 total flow 239  


4_baseline2_switch_ 0 = 227
4_baseline2_switch_ 1 = 238
4_baseline2_switch_ 2 = 241
4_baseline2_switch_ 3 = 200
4_baseline2_switch_ 4 = 324
4_baseline2_switch_ 5 = 194
4_baseline2_switch_ 6 = 0
4_baseline2_switch_ 7 = 0
4_baseline2_switch_ 8 = 410
4_baseline2_switch_ 9 = 408
4_baseline2_switch_ 10 = 398
4_baseline2_switch_ 11 = 398
4_baseline2_switch_ 12 = 464
4_baseline2_switch_ 13 = 466
4_baseline2_switch_ 14 = 0
4_baseline2_switch_ 15 = 0
4_baseline2_switch_ 16 = 280
4_baseline2_switch_ 17 = 280
4_baseline2_switch_ 18 = 280
4_baseline2_switch_ 19 = 280
pass through [227, 238, 241, 200, 324, 194, 0, 0, 410, 408, 398, 398, 464, 466, 0, 0, 280, 280, 280, 280]
num_of_flow_store_in_switch [21, 15, 15, 15, 15, 11, 0, 0, 15, 15, 13, 17, 13, 17, 0, 0, 12, 17, 15, 13]
switch 0 are [0.425, 0.4609375, 0.7058823529411765, 5.464285714285714, 4.321428571428571, 3.0714285714285716, 1.4090909090909092, 0.1411764705882353, 0.296875, 1.8214285714285714, 1.34375, 2.68, 0.1, 0.1003584229390681, 1.7127659574468086, 1.3235294117647058, 11.416666666666666, 1.4193548387096775, 1.4833333333333334, 3.4166666666666665, 2.533333333333333]
switch 1 are [0.10862619808306709, 0.03372243839169909, 4.2727272727272725, 1.54, 1.8666666666666667, 2.230769230769231, 2.0, 0.20967741935483872, 0.6428571428571429, 5.461538461538462, 2.12, 2.7058823529411766, 0.9545454545454546, 0.5617977528089888, 2.0]
switch 2 are [0.27184466019417475, 3.473684210526316, 0.8214285714285714, 0.2676056338028169, 2.1785714285714284, 1.5714285714285714, 0.42857142857142855, 0.08928571428571429, 0.5818181818181818, 0.851063829787234, 0.3010752688172043, 4.0, 5.538461538461538, 1.2972972972972974, 0.11627906976744186]
switch 3 are [0.06666666666666667, 0.8571428571428571, 4.214285714285714, 4.966666666666667, 0.23148148148148148, 2.1785714285714284, 7.5, 1.625, 2.7142857142857144, 1.4683544303797469, 0.6385542168674698, 0.9310344827586207, 1.44, 0.5405405405405406, 0.39344262295081966]
switch 4 are [0.23267326732673269, 0.4658119658119658, 2.5714285714285716, 0.32608695652173914, 0.3490566037735849, 1.3571428571428572, 1.0714285714285714, 0.5555555555555556, 1.3055555555555556, 0.21333333333333335, 1.7307692307692308, 3.0, 2.55, 3.0, 1.5806451612903225]
switch 5 are [0.013100436681222707, 0.8461538461538461, 1.0434782608695652, 2.5, 0.5, 0.8705882352941177, 0.21774193548387097, 0.4642857142857143, 0.1111111111111111, 0.75, 3.125]
switch 6 are []
switch 7 are []
switch 8 are [0.11904761904761904, 2.4285714285714284, 0.75, 1.6774193548387097, 1.1428571428571428, 0.7619047619047619, 3.5625, 4.333333333333333, 1.8333333333333333, 4.181818181818182, 2.782608695652174, 2.25, 0.38372093023255816, 1.4193548387096775, 0.35964912280701755]
switch 9 are [3.3, 3.125, 0.6744186046511628, 2.466666666666667, 0.6129032258064516, 0.5, 0.35294117647058826, 2.375, 1.372093023255814, 0.007530593034201443, 0.36923076923076925, 0.09278350515463918, 1.1666666666666667, 1.5714285714285714, 1.1111111111111112]
switch 10 are [0.7333333333333333, 0.08333333333333333, 0.75, 0.09328358208955224, 1.75, 0.022950819672131147, 0.41304347826086957, 2.3777777777777778, 0.15748031496062992, 2.380952380952381, 3.0833333333333335, 1.457142857142857, 0.18213058419243985]
switch 11 are [0.07883817427385892, 3.2, 2.2142857142857144, 2.0, 3.0, 4.25, 4.333333333333333, 0.2450592885375494, 0.8571428571428571, 1.56, 2.769230769230769, 0.9310344827586207, 6.416666666666667, 0.37681159420289856, 0.6060606060606061, 3.3333333333333335, 1.119047619047619]
switch 12 are [0.9285714285714286, 0.5, 0.375, 0.10679611650485436, 0.8333333333333334, 3.5, 1.75, 0.11428571428571428, 6.933333333333334, 3.1666666666666665, 0.4875, 1.7777777777777777, 1.6428571428571428]
switch 13 are [1.1071428571428572, 1.5714285714285714, 1.3571428571428572, 0.9107142857142857, 0.8214285714285714, 4.153846153846154, 0.19161676646706588, 0.2893081761006289, 1.0, 3.0, 1.25, 5.583333333333333, 1.7916666666666667, 4.384615384615385, 4.833333333333333, 2.7, 1.2075471698113207]
switch 14 are []
switch 15 are []
switch 16 are [0.525, 1.6333333333333333, 2.0833333333333335, 0.3793103448275862, 0.34415584415584416, 2.230769230769231, 0.3125, 0.8695652173913043, 2.5, 0.4186046511627907, 0.375, 0.7575757575757576]
switch 17 are [0.01366867140513942, 0.31746031746031744, 1.3, 0.8235294117647058, 0.8253968253968254, 4.166666666666667, 4.466666666666667, 3.1333333333333333, 17.0, 3.0, 1.0666666666666667, 6.444444444444445, 2.892857142857143, 0.16911764705882354, 0.2536231884057971, 1.8125, 3.3636363636363638]
switch 18 are [0.53125, 2.7962962962962963, 3.5454545454545454, 0.6923076923076923, 0.2247191011235955, 1.3888888888888888, 1.875, 1.9333333333333333, 1.5789473684210527, 2.8333333333333335, 0.4148936170212766, 1.7222222222222223, 0.367816091954023, 2.6666666666666665, 2.25]
switch 19 are [1.9375, 1.4, 0.0375, 0.030303030303030304, 0.2857142857142857, 0.875, 2.0833333333333335, 1.56, 0.3125, 0.5490196078431373, 2.3333333333333335, 1.2307692307692308, 2.9166666666666665]
switch_ARE_with_trim_mean [1.6803518522447387, 1.6318114992887571, 1.243128319385436, 1.7076430889177738, 1.3150887920465144, 0.8114843447998028, nan, nan, 1.8102875223634602, 1.2146341015724953, 0.9434979674584704, 2.05302263986222, 1.3705447330447331, 2.0252116018153754, nan, nan, 0.9616647712549181, 2.26905991162385, 1.6193042700342142, 1.1458790719084837]
4 base2
d: 5 w: 9 k: 1
all [130.0] 

ans 130.0 

number 1 average are:  0.7026430125497196 total flow 239  


4_baseline2_switch_ 0 = 227
4_baseline2_switch_ 1 = 238
4_baseline2_switch_ 2 = 241
4_baseline2_switch_ 3 = 200
4_baseline2_switch_ 4 = 324
4_baseline2_switch_ 5 = 194
4_baseline2_switch_ 6 = 0
4_baseline2_switch_ 7 = 0
4_baseline2_switch_ 8 = 410
4_baseline2_switch_ 9 = 408
4_baseline2_switch_ 10 = 398
4_baseline2_switch_ 11 = 398
4_baseline2_switch_ 12 = 464
4_baseline2_switch_ 13 = 466
4_baseline2_switch_ 14 = 0
4_baseline2_switch_ 15 = 0
4_baseline2_switch_ 16 = 280
4_baseline2_switch_ 17 = 280
4_baseline2_switch_ 18 = 280
4_baseline2_switch_ 19 = 280
pass through [227, 238, 241, 200, 324, 194, 0, 0, 410, 408, 398, 398, 464, 466, 0, 0, 280, 280, 280, 280]
num_of_flow_store_in_switch [20, 21, 17, 17, 17, 12, 0, 0, 13, 16, 13, 10, 17, 14, 0, 0, 9, 13, 13, 17]
switch 0 are [0.065, 0.00390625, 0.1, 2.0357142857142856, 0.25, 0.8214285714285714, 1.3181818181818181, 0.29411764705882354, 0.5, 1.9642857142857142, 2.95, 0.5714285714285714, 2.3125, 0.8333333333333334, 0.24, 0.5925925925925926, 0.16666666666666666, 0.8, 1.4411764705882353, 2.3333333333333335]
switch 1 are [0.10223642172523961, 0.014267185473411154, 2.909090909090909, 0.06666666666666667, 3.8, 4.461538461538462, 0.5595238095238095, 0.0, 0.024193548387096774, 3.25, 0.14285714285714285, 0.3870967741935484, 0.5375, 1.0, 0.005961719485409476, 0.0, 3.526315789473684, 0.24468085106382978, 0.7272727272727273, 0.2833333333333333, 0.22093023255813954]
switch 2 are [0.043689320388349516, 1.2105263157894737, 0.21428571428571427, 0.39436619718309857, 0.42857142857142855, 0.32142857142857145, 0.14285714285714285, 0.0, 0.10909090909090909, 0.02074688796680498, 0.85, 2.3666666666666667, 9.125, 0.18181818181818182, 0.023715415019762844, 0.07971014492753623, 0.043478260869565216]
switch 3 are [0.0, 0.39285714285714285, 1.1428571428571428, 0.2, 0.1111111111111111, 1.1071428571428572, 0.75, 0.95, 0.014925373134328358, 1.3571428571428572, 1.3333333333333333, 0.4578313253012048, 0.3103448275862069, 0.013513513513513514, 0.0625, 0.22131147540983606, 1.3333333333333333]
switch 4 are [0.06435643564356436, 0.1282051282051282, 0.30357142857142855, 0.6847826086956522, 0.1792452830188679, 0.8928571428571429, 0.5357142857142857, 1.25, 0.5357142857142857, 1.8461538461538463, 1.3571428571428572, 0.4375, 1.0555555555555556, 0.34615384615384615, 2.5384615384615383, 0.5, 0.22641509433962265]
switch 5 are [0.043668122270742356, 0.0641025641025641, 0.0, 1.1666666666666667, 0.19696969696969696, 0.0967741935483871, 0.21428571428571427, 0.21428571428571427, 0.17857142857142858, 0.21875, 0.0, 0.25]
switch 6 are []
switch 7 are []
switch 8 are [0.32142857142857145, 1.0357142857142858, 0.09375, 0.1774193548387097, 0.39285714285714285, 0.16, 0.43333333333333335, 0.06493506493506493, 0.6666666666666666, 0.30434782608695654, 0.2903225806451613, 0.024054982817869417, 0.9032258064516129]
switch 9 are [1.1395348837209303, 1.9333333333333333, 0.2777777777777778, 0.05, 0.11764705882352941, 1.125, 0.3023255813953488, 0.4375, 0.21649484536082475, 0.68, 0.6190476190476191, 1.1764705882352942, 1.1515151515151516, 1.4166666666666667, 0.046511627906976744, 0.23595505617977527]
switch 10 are [0.1574074074074074, 0.2916666666666667, 0.19344262295081968, 0.021739130434782608, 0.004373974849644614, 0.5, 0.05172413793103448, 0.746031746031746, 0.08888888888888889, 0.02867383512544803, 0.15, 0.3333333333333333, 0.3]
switch 11 are [0.42857142857142855, 0.75, 0.9375, 0.06382978723404255, 0.2911392405063291, 0.5, 0.10638297872340426, 0.9444444444444444, 0.9166666666666666, 0.4375]
switch 12 are [0.3125, 0.038834951456310676, 0.7, 0.4166666666666667, 0.1, 1.5384615384615385, 0.2761904761904762, 0.047619047619047616, 0.8533333333333334, 0.75, 1.5833333333333333, 3.2, 0.5666666666666667, 0.041666666666666664, 0.5, 0.5, 0.9375]
switch 13 are [0.3764705882352941, 0.9821428571428571, 0.7857142857142857, 0.78125, 0.059880239520958084, 0.2138364779874214, 0.4166666666666667, 0.36666666666666664, 0.16666666666666666, 0.4857142857142857, 0.5384615384615384, 0.7692307692307693, 0.8571428571428571, 0.6666666666666666]
switch 14 are []
switch 15 are []
switch 16 are [0.5, 0.171875, 1.2173913043478262, 0.6666666666666666, 1.0833333333333333, 0.20930232558139536, 0.47619047619047616, 0.2702702702702703, 0.13157894736842105]
switch 17 are [0.35294117647058826, 0.12698412698412698, 0.0, 0.12598425196850394, 1.2, 1.0, 4.25, 0.6111111111111112, 2.909090909090909, 0.10714285714285714, 0.01838235294117647, 0.42857142857142855, 1.6363636363636365]
switch 18 are [0.30337078651685395, 0.3333333333333333, 0.8666666666666667, 1.0, 0.125, 0.5555555555555556, 0.2413793103448276, 0.2, 1.6666666666666667, 1.9166666666666667, 0.6666666666666666, 1.6, 0.40476190476190477]
switch 19 are [0.24, 0.10606060606060606, 0.7142857142857143, 1.5, 0.08461538461538462, 0.4, 0.06666666666666667, 0.3888888888888889, 1.5833333333333333, 1.1666666666666667, 0.2903225806451613, 0.3448275862068966, 1.5, 0.8, 3.0, 1.5833333333333333, 0.22580645161290322]
switch_ARE_with_trim_mean [0.8900891044549133, 0.8236427712414676, 0.4287300771242137, 0.5600707623720008, 0.6852674241415013, 0.14774074340342475, nan, nan, 0.3462078497493836, 0.6389953734802084, 0.19244327479439827, 0.5459700393084785, 0.6082625152625153, 0.5353739557627598, nan, nan, 0.5251787026398209, 0.7742338046040307, 0.7125818991374978, 0.7285427030432593]
4 base2
d: 6 w: 9 k: 1
all [73.0] 

ans 73.0 

number 1 average are:  0.5592180175611023 total flow 239  


4_baseline2_switch_ 0 = 227
4_baseline2_switch_ 1 = 238
4_baseline2_switch_ 2 = 241
4_baseline2_switch_ 3 = 200
4_baseline2_switch_ 4 = 324
4_baseline2_switch_ 5 = 194
4_baseline2_switch_ 6 = 0
4_baseline2_switch_ 7 = 0
4_baseline2_switch_ 8 = 410
4_baseline2_switch_ 9 = 408
4_baseline2_switch_ 10 = 398
4_baseline2_switch_ 11 = 398
4_baseline2_switch_ 12 = 464
4_baseline2_switch_ 13 = 466
4_baseline2_switch_ 14 = 0
4_baseline2_switch_ 15 = 0
4_baseline2_switch_ 16 = 280
4_baseline2_switch_ 17 = 280
4_baseline2_switch_ 18 = 280
4_baseline2_switch_ 19 = 280
pass through [227, 238, 241, 200, 324, 194, 0, 0, 410, 408, 398, 398, 464, 466, 0, 0, 280, 280, 280, 280]
num_of_flow_store_in_switch [20, 20, 19, 15, 20, 13, 0, 0, 15, 18, 11, 12, 13, 11, 0, 0, 9, 16, 13, 14]
switch 0 are [0.025, 0.0390625, 0.023529411764705882, 0.35714285714285715, 1.0, 0.7857142857142857, 1.2727272727272727, 0.32941176470588235, 0.03125, 1.0, 1.8214285714285714, 1.75, 0.0625, 0.27906976744186046, 0.03225806451612903, 0.09090909090909091, 0.6764705882352942, 0.7833333333333333, 0.1744186046511628, 0.8333333333333334]
switch 1 are [0.04472843450479233, 0.0, 3.1818181818181817, 0.12, 2.533333333333333, 1.0384615384615385, 0.35714285714285715, 0.03571428571428571, 0.3064516129032258, 0.14285714285714285, 0.65, 0.05625, 4.4375, 0.0031377470975839346, 0.7037037037037037, 0.18333333333333332, 0.14893617021276595, 0.20454545454545456, 3.4166666666666665, 0.14606741573033707]
switch 2 are [0.019417475728155338, 0.3684210526315789, 2.1785714285714284, 0.4225352112676056, 1.2142857142857142, 0.0, 0.0, 0.14285714285714285, 0.058091286307053944, 0.1, 0.0, 0.0, 0.17857142857142858, 0.5652173913043478, 2.3636363636363638, 0.05138339920948617, 0.38461538461538464, 0.9, 1.4166666666666667]
switch 3 are [0.041666666666666664, 0.10714285714285714, 0.03571428571428571, 0.43333333333333335, 0.07407407407407407, 0.14285714285714285, 0.25, 0.85, 0.2916666666666667, 0.04477611940298507, 0.35714285714285715, 2.0, 0.004920721705850191, 0.17391304347826086, 0.5]
switch 4 are [0.04950495049504951, 0.0641025641025641, 0.125, 0.11956521739130435, 0.0660377358490566, 0.6785714285714286, 0.14285714285714285, 1.6428571428571428, 1.3214285714285714, 1.0714285714285714, 0.1875, 0.11326860841423948, 1.3846153846153846, 0.9285714285714286, 0.6666666666666666, 0.25, 2.1333333333333333, 2.4285714285714284, 0.3870967741935484, 0.33962264150943394]
switch 5 are [0.1572052401746725, 0.358974358974359, 0.5217391304347826, 0.3333333333333333, 0.015151515151515152, 0.4235294117647059, 0.08870967741935484, 0.03571428571428571, 0.03571428571428571, 0.2857142857142857, 0.28125, 0.7857142857142857, 0.2857142857142857]
switch 6 are []
switch 7 are []
switch 8 are [0.7142857142857143, 0.5357142857142857, 0.14285714285714285, 0.1, 0.36666666666666664, 0.006493506493506494, 1.1470588235294117, 0.014285714285714285, 3.8666666666666667, 0.7777777777777778, 0.1557377049180328, 0.25806451612903225, 0.06872852233676977, 0.36363636363636365, 0.10526315789473684]
switch 9 are [0.5625, 1.2, 1.1290322580645162, 0.0, 0.0, 1.625, 0.046511627906976744, 0.9230769230769231, 0.0, 0.0, 0.1797752808988764, 1.0833333333333333, 0.4, 0.42857142857142855, 0.7083333333333334, 0.27586206896551724, 1.0, 1.5]
switch 10 are [0.06481481481481481, 0.1540983606557377, 0.1, 0.5833333333333334, 0.20689655172413793, 0.047619047619047616, 0.35555555555555557, 0.07936507936507936, 0.5, 1.0, 0.4857142857142857]
switch 11 are [0.12727272727272726, 0.8125, 1.5, 0.2553191489361702, 0.625, 0.03614457831325301, 0.4166666666666667, 0.8888888888888888, 0.10144927536231885, 1.0625, 0.6666666666666666, 0.14285714285714285]
switch 12 are [0.8125, 0.2, 0.5833333333333334, 0.5, 0.3076923076923077, 0.06666666666666667, 0.140625, 0.047619047619047616, 0.29333333333333333, 0.5833333333333334, 0.3125, 0.6190476190476191, 0.4642857142857143]
switch 13 are [1.12, 0.08982035928143713, 0.1069182389937107, 0.05714285714285714, 1.0833333333333333, 0.1388888888888889, 0.5555555555555556, 0.6, 1.0833333333333333, 0.7142857142857143, 0.2903225806451613]
switch 14 are []
switch 15 are []
switch 16 are [0.4666666666666667, 1.0833333333333333, 0.023255813953488372, 0.014336917562724014, 0.12, 0.1875, 0.0, 0.4782608695652174, 0.5405405405405406]
switch 17 are [0.06299212598425197, 0.8333333333333334, 0.9333333333333333, 0.06666666666666667, 0.4375, 1.0909090909090908, 0.75, 0.6333333333333333, 0.04054054054054054, 1.4444444444444444, 0.9090909090909091, 0.6428571428571429, 0.029411764705882353, 0.3076923076923077, 0.028985507246376812, 0.3076923076923077]
switch 18 are [1.4166666666666667, 1.875, 0.4, 1.5263157894736843, 1.7916666666666667, 1.1379310344827587, 0.16666666666666666, 0.2127659574468085, 1.7058823529411764, 0.2988505747126437, 0.24, 0.16666666666666666, 0.2727272727272727]
switch 19 are [0.25316455696202533, 0.19230769230769232, 0.061855670103092786, 0.32, 0.3142857142857143, 0.1125, 0.3137254901960784, 0.4444444444444444, 2.1666666666666665, 0.3655913978494624, 0.8846153846153846, 1.7692307692307692, 0.08372093023255814, 0.6]
switch_ARE_with_trim_mean [0.48422509141940634, 0.6158339665163095, 0.4706255048244702, 0.25402208049839464, 0.5890679571471199, 0.2552362086325774, nan, nan, 0.36539049154089603, 0.5898122658844316, 0.28108644235143826, 0.5099120516650582, 0.3700743006993008, 0.5180508893685705, nan, nan, 0.32376601573577446, 0.5032394897242215, 0.8335884528894859, 0.4711321983436774]
4 base2
d: 5 w: 3 k: 3
all [3332.0] 

ans 3332.0 

number 1 average are:  5.682902263411089 total flow 239  


4_baseline2_switch_ 0 = 227
4_baseline2_switch_ 1 = 238
4_baseline2_switch_ 2 = 241
4_baseline2_switch_ 3 = 200
4_baseline2_switch_ 4 = 324
4_baseline2_switch_ 5 = 194
4_baseline2_switch_ 6 = 2
4_baseline2_switch_ 7 = 2
4_baseline2_switch_ 8 = 410
4_baseline2_switch_ 9 = 408
4_baseline2_switch_ 10 = 398
4_baseline2_switch_ 11 = 398
4_baseline2_switch_ 12 = 464
4_baseline2_switch_ 13 = 466
4_baseline2_switch_ 14 = 12
4_baseline2_switch_ 15 = 12
4_baseline2_switch_ 16 = 288
4_baseline2_switch_ 17 = 286
4_baseline2_switch_ 18 = 282
4_baseline2_switch_ 19 = 284
pass through [227, 238, 241, 200, 324, 194, 2, 2, 410, 408, 398, 398, 464, 466, 12, 12, 288, 286, 282, 284]
num_of_flow_store_in_switch [10, 15, 12, 14, 13, 14, 0, 0, 12, 18, 14, 15, 19, 15, 4, 4, 16, 16, 14, 14]
switch 0 are [0.08, 0.296875, 0.35, 7.142857142857143, 5.392857142857143, 1.8870967741935485, 0.4805194805194805, 3.0681818181818183, 13.916666666666666, 13.916666666666666]
switch 1 are [0.3226837060702875, 0.10246433203631647, 23.545454545454547, 17.0, 7.769230769230769, 3.74, 0.575, 16.53846153846154, 3.8461538461538463, 13.25, 11.473684210526315, 8.12, 9.857142857142858, 1.6206896551724137, 1.978494623655914]
switch 2 are [0.34951456310679613, 6.473684210526316, 4.071428571428571, 1.3380281690140845, 1.0, 8.6875, 4.68, 2.604651162790698, 11.5, 0.9927536231884058, 10.833333333333334, 6.1]
switch 3 are [1.0166666666666666, 5.071428571428571, 4.321428571428571, 3.7666666666666666, 4.666666666666667, 4.321428571428571, 12.214285714285714, 10.0, 0.810126582278481, 7.583333333333333, 1.2289156626506024, 0.4874551971326165, 0.6885245901639344, 11.416666666666666]
switch 4 are [0.46534653465346537, 0.6367521367521367, 2.9464285714285716, 1.4021739130434783, 1.0471698113207548, 7.5, 17.083333333333332, 1.7125, 10.333333333333334, 7.5, 14.454545454545455, 3.5283018867924527, 1.7719298245614035]
switch 5 are [0.5895196506550219, 0.6282051282051282, 4.6521739130434785, 14.5, 1.378787878787879, 2.611111111111111, 3.8333333333333335, 9.833333333333334, 7.722222222222222, 9.055555555555555, 6.055555555555555, 12.083333333333334, 10.545454545454545, 12.083333333333334]
switch 6 are []
switch 7 are []
switch 8 are [1.1933333333333334, 6.357142857142857, 1.6875, 5.142857142857143, 3.4782608695652173, 3.0, 9.75, 1.0846153846153845, 0.8188405797101449, 3.4166666666666665, 2.5, 2.0813953488372094]
switch 9 are [6.954545454545454, 1.4823529411764707, 3.8214285714285716, 6.535714285714286, 4.372093023255814, 9.047619047619047, 4.275, 2.4313725490196076, 7.4375, 2.9705882352941178, 2.5625, 4.0, 5.705882352941177, 4.645161290322581, 2.85, 1.3707865168539326, 16.583333333333332, 10.25]
switch 10 are [4.392857142857143, 1.6964285714285714, 6.25, 8.148148148148149, 0.2754491017964072, 0.34098360655737703, 1.9841269841269842, 3.1777777777777776, 3.361111111111111, 0.5425531914893617, 5.28, 5.826086956521739, 11.083333333333334, 3.5757575757575757]
switch 11 are [4.642857142857143, 2.1964285714285716, 1.8727272727272728, 1.537037037037037, 10.1875, 0.06506287588846364, 0.6692913385826772, 16.0, 2.9625, 4.642857142857143, 10.333333333333334, 5.884615384615385, 5.076923076923077, 13.916666666666666, 3.7142857142857144]
switch 12 are [5.285714285714286, 5.285714285714286, 5.642857142857143, 12.538461538461538, 15.083333333333334, 3.825, 4.866666666666666, 2.0793650793650795, 10.733333333333333, 4.314285714285714, 11.866666666666667, 1.3137254901960784, 5.769230769230769, 15.0, 13.846153846153847, 10.625, 5.709677419354839, 5.892857142857143, 5.225806451612903]
switch 13 are [1.2588235294117647, 5.857142857142857, 7.75, 4.142857142857143, 4.142857142857143, 0.4088050314465409, 11.0, 11.0, 3.5142857142857142, 1.1348314606741574, 14.0, 10.25, 5.0, 8.0, 1.4324324324324325]
switch 14 are [0.0, 0.0, 0.0, 0.0]
switch 15 are [0.0, 1.8666666666666667, 0.0, 0.0]
switch 16 are [4.321428571428571, 10.433333333333334, 0.04581110762472545, 0.3557312252964427, 13.0, 2.7777777777777777, 8.933333333333334, 33.416666666666664, 36.583333333333336, 4.96, 2.3345588235294117, 4.666666666666667, 23.294117647058822, 11.416666666666666, 0.9209302325581395, 0.5498281786941581]
switch 17 are [1.2023809523809523, 4.321428571428571, 5.4375, 5.607142857142857, 4.321428571428571, 4.225806451612903, 6.0, 12.214285714285714, 3.966666666666667, 14.416666666666666, 0.6285714285714286, 8.933333333333334, 0.9072164948453608, 9.8, 5.75, 3.3783783783783785]
switch 18 are [0.3900414937759336, 3.96875, 4.035714285714286, 2.1607142857142856, 6.375, 11.818181818181818, 1.7413793103448276, 1.5303030303030303, 1.8095238095238095, 1.6571428571428573, 8.4, 3.8620689655172415, 3.8181818181818183, 6.571428571428571]
switch 19 are [1.0564516129032258, 6.928571428571429, 6.678571428571429, 8.3, 0.5074626865671642, 5.086956521739131, 1.8666666666666667, 11.727272727272727, 2.0833333333333335, 9.571428571428571, 5.413793103448276, 7.75, 9.0, 3.4285714285714284]
switch_ARE_with_trim_mean [4.066881753159475, 7.391657015877995, 4.678137907028141, 4.57432104578156, 4.8030122665252355, 6.706866603605733, nan, nan, 2.994177160301781, 4.95885985945732, 3.714652588814649, 5.202847898562617, 7.5592229613102475, 5.729479252281632, 0.0, 0.4666666666666667, 8.670074223072143, 5.43325485653595, 3.827517244489227, 5.59702867460279]
4 base2
d: 5 w: 6 k: 3
all [221.0] 

ans 221.0 

number 1 average are:  1.6311648901783307 total flow 239  


4_baseline2_switch_ 0 = 227
4_baseline2_switch_ 1 = 238
4_baseline2_switch_ 2 = 241
4_baseline2_switch_ 3 = 200
4_baseline2_switch_ 4 = 324
4_baseline2_switch_ 5 = 194
4_baseline2_switch_ 6 = 2
4_baseline2_switch_ 7 = 2
4_baseline2_switch_ 8 = 408
4_baseline2_switch_ 9 = 410
4_baseline2_switch_ 10 = 398
4_baseline2_switch_ 11 = 398
4_baseline2_switch_ 12 = 464
4_baseline2_switch_ 13 = 466
4_baseline2_switch_ 14 = 12
4_baseline2_switch_ 15 = 12
4_baseline2_switch_ 16 = 286
4_baseline2_switch_ 17 = 284
4_baseline2_switch_ 18 = 284
4_baseline2_switch_ 19 = 286
pass through [227, 238, 241, 200, 324, 194, 2, 2, 408, 410, 398, 398, 464, 466, 12, 12, 286, 284, 284, 286]
num_of_flow_store_in_switch [17, 14, 17, 16, 13, 11, 0, 0, 19, 17, 11, 15, 16, 13, 3, 2, 15, 12, 15, 13]
switch 0 are [0.005, 0.2734375, 0.27647058823529413, 0.7857142857142857, 0.4470588235294118, 0.4375, 1.2857142857142858, 1.5714285714285714, 2.2, 1.380952380952381, 0.6744186046511628, 0.7428571428571429, 0.08823529411764706, 1.2058823529411764, 2.2903225806451615, 0.8648648648648649, 0.46511627906976744]
switch 1 are [0.07348242811501597, 0.19066147859922178, 1.8181818181818181, 0.10666666666666667, 1.6666666666666667, 1.1538461538461537, 0.0967741935483871, 0.6, 1.32, 0.3448275862068966, 1.6590909090909092, 3.6666666666666665, 0.15348837209302327, 3.909090909090909]
switch 2 are [0.22330097087378642, 3.789473684210526, 3.392857142857143, 0.28169014084507044, 0.6428571428571429, 1.0, 0.4642857142857143, 0.4727272727272727, 0.9, 0.9642857142857143, 1.75, 0.48936170212765956, 2.0, 1.1923076923076923, 2.75, 1.75, 0.15807560137457044]
switch 3 are [0.35, 0.75, 1.8214285714285714, 0.8666666666666667, 0.26851851851851855, 0.6428571428571429, 1.65, 2.2083333333333335, 5.714285714285714, 1.6551724137931034, 3.04, 0.5875, 3.0833333333333335, 3.5833333333333335, 1.8484848484848484, 3.0833333333333335]
switch 4 are [0.012376237623762377, 0.12393162393162394, 1.6428571428571428, 0.05434782608695652, 1.75, 0.75, 1.2142857142857142, 1.1071428571428572, 0.012944983818770227, 1.0277777777777777, 1.2692307692307692, 2.0833333333333335, 0.9032258064516129]
switch 5 are [0.37554585152838427, 0.7564102564102564, 1.391304347826087, 1.8333333333333333, 0.21212121212121213, 0.058823529411764705, 0.03225806451612903, 0.4642857142857143, 0.5277777777777778, 1.9444444444444444, 2.6666666666666665]
switch 6 are []
switch 7 are []
switch 8 are [1.3571428571428572, 0.3333333333333333, 1.4642857142857142, 1.9642857142857142, 6.625, 0.20967741935483872, 4.25, 4.02, 4.0, 4.1875, 0.08461538461538462, 2.8666666666666667, 1.7619047619047619, 2.8333333333333335, 1.3076923076923077, 0.13768115942028986, 0.5, 1.3404255319148937, 0.5168539325842697]
switch 9 are [0.9285714285714286, 1.9545454545454546, 2.1875, 1.7857142857142858, 0.7441860465116279, 1.2903225806451613, 7.461538461538462, 2.125, 0.1958762886597938, 3.75, 1.5185185185185186, 0.5277777777777778, 1.75, 0.3010752688172043, 3.25, 0.8333333333333334, 3.75]
switch 10 are [0.6071428571428571, 0.28703703703703703, 0.8928571428571429, 0.11147540983606558, 0.2391304347826087, 3.090909090909091, 0.7, 1.5, 0.6060606060606061, 2.3846153846153846, 2.45]
switch 11 are [0.43568464730290457, 2.3, 1.75, 0.08582089552238806, 3.1666666666666665, 6.166666666666667, 0.30158730158730157, 0.25301204819277107, 0.6875, 5.583333333333333, 1.3571428571428572, 0.2459016393442623, 0.92, 1.9375, 3.1666666666666665]
switch 12 are [1.125, 0.9333333333333333, 3.6923076923076925, 0.10778443113772455, 0.025157232704402517, 3.0, 4.6, 8.846153846153847, 1.625, 0.25333333333333335, 2.0833333333333335, 6.833333333333333, 6.08, 8.882352941176471, 6.111111111111111, 2.2857142857142856]
switch 13 are [0.2830188679245283, 1.5357142857142858, 1.5, 0.8571428571428571, 1.21875, 0.35714285714285715, 0.9722222222222222, 0.1746031746031746, 6.875, 1.2380952380952381, 0.8928571428571429, 0.37719298245614036, 0.9032258064516129]
switch 14 are [0.0, 0.0, 0.0]
switch 15 are [0.0, 0.0]
switch 16 are [1.2, 0.021323127392017496, 1.3333333333333333, 0.16853932584269662, 1.173913043478261, 2.3333333333333335, 3.066666666666667, 0.03942652329749104, 1.3333333333333333, 0.6891891891891891, 3.0784313725490198, 4.2727272727272725, 2.347826086956522, 2.8666666666666667, 4.083333333333333]
switch 17 are [1.0333333333333334, 0.4696969696969697, 0.2662337662337662, 0.6470588235294118, 0.875, 5.583333333333333, 0.7142857142857143, 6.181818181818182, 0.7666666666666667, 2.5, 2.5714285714285716, 1.1904761904761905]
switch 18 are [2.533333333333333, 1.15625, 0.6666666666666666, 2.7857142857142856, 0.00625, 1.0172413793103448, 0.0, 0.8333333333333334, 0.0759493670886076, 1.8, 0.07874015748031496, 1.4736842105263157, 2.1333333333333333, 1.3333333333333333, 1.2758620689655173]
switch 19 are [0.7857142857142857, 0.3148148148148148, 9.75, 0.009099466582993411, 0.5714285714285714, 0.4883720930232558, 8.916666666666666, 0.3829787234042553, 0.3125, 0.2536231884057971, 1.4857142857142858, 1.7, 0.5471698113207547]
switch_ARE_with_trim_mean [0.8466433982717328, 1.0647392092972008, 1.2182448995444797, 1.7978887840402618, 0.8959767728712023, 0.840449607459886, nan, nan, 1.9441636901128811, 1.7797696462956527, 1.0740937180550707, 1.7003842430951355, 3.398314621411285, 0.9213965690915349, 0.0, 0.0, 1.8241532467676804, 1.6351279602750188, 1.1064597833362384, 1.432634767317517]
4 base2
d: 5 w: 9 k: 3
all [67.0] 

ans 67.0 

number 1 average are:  0.5866879509734084 total flow 239  


4_baseline2_switch_ 0 = 227
4_baseline2_switch_ 1 = 238
4_baseline2_switch_ 2 = 241
4_baseline2_switch_ 3 = 200
4_baseline2_switch_ 4 = 324
4_baseline2_switch_ 5 = 194
4_baseline2_switch_ 6 = 2
4_baseline2_switch_ 7 = 2
4_baseline2_switch_ 8 = 408
4_baseline2_switch_ 9 = 410
4_baseline2_switch_ 10 = 398
4_baseline2_switch_ 11 = 398
4_baseline2_switch_ 12 = 464
4_baseline2_switch_ 13 = 466
4_baseline2_switch_ 14 = 12
4_baseline2_switch_ 15 = 14
4_baseline2_switch_ 16 = 284
4_baseline2_switch_ 17 = 284
4_baseline2_switch_ 18 = 288
4_baseline2_switch_ 19 = 286
pass through [227, 238, 241, 200, 324, 194, 2, 2, 408, 410, 398, 398, 464, 466, 12, 14, 284, 284, 288, 286]
num_of_flow_store_in_switch [16, 21, 18, 17, 18, 17, 0, 0, 16, 16, 13, 13, 9, 13, 1, 1, 11, 13, 12, 14]
switch 0 are [0.02, 0.0546875, 0.0, 0.0, 0.0, 0.8571428571428571, 0.6818181818181818, 0.0, 0.015625, 0.14285714285714285, 0.95, 0.0, 0.03571428571428571, 0.06976744186046512, 1.8333333333333333, 0.9166666666666666]
switch 1 are [0.10223642172523961, 0.011673151750972763, 3.272727272727273, 0.02666666666666667, 5.666666666666667, 0.2692307692307692, 0.19047619047619047, 0.4642857142857143, 0.12096774193548387, 5.375, 1.8571428571428572, 0.15, 0.2125, 0.0009413241292751804, 0.09615384615384616, 6.266666666666667, 0.14285714285714285, 0.5166666666666667, 0.2903225806451613, 0.6666666666666666, 1.3333333333333333]
switch 2 are [0.009708737864077669, 2.4210526315789473, 1.0357142857142858, 0.15492957746478872, 0.0, 1.0357142857142858, 0.0, 0.0, 0.12727272727272726, 0.008298755186721992, 0.9, 0.0, 0.07407407407407407, 0.0, 0.34782608695652173, 0.0, 0.037800687285223365, 1.0833333333333333]
switch 3 are [0.1, 0.10714285714285714, 2.1785714285714284, 0.3, 0.08333333333333333, 0.39285714285714285, 0.35714285714285715, 0.5833333333333334, 0.13059701492537312, 1.2142857142857142, 2.5833333333333335, 0.007654455986878075, 0.06329113924050633, 0.6486486486486487, 0.13793103448275862, 0.3333333333333333, 0.41935483870967744]
switch 4 are [0.01485148514851485, 0.029914529914529916, 0.3392857142857143, 0.07608695652173914, 0.2169811320754717, 0.21428571428571427, 0.17857142857142858, 0.35714285714285715, 1.40625, 0.32142857142857145, 1.6923076923076923, 2.0833333333333335, 0.45, 0.4117647058823529, 0.75, 1.4, 0.22580645161290322, 0.09649122807017543]
switch 5 are [0.14847161572052403, 0.08974358974358974, 0.782608695652174, 1.5, 0.2878787878787879, 0.29411764705882354, 0.1935483870967742, 0.17857142857142858, 0.03571428571428571, 1.0, 0.03571428571428571, 0.07142857142857142, 0.06666666666666667, 0.6666666666666666, 1.2222222222222223, 1.3636363636363635, 1.2307692307692308]
switch 6 are []
switch 7 are []
switch 8 are [0.0, 0.25, 0.46774193548387094, 1.2857142857142858, 0.04, 0.375, 0.03333333333333333, 0.0, 0.0, 0.28, 0.20833333333333334, 1.0, 0.1111111111111111, 0.09574468085106383, 0.3409090909090909, 0.06046511627906977]
switch 9 are [0.13953488372093023, 0.6, 0.25806451612903225, 0.8518518518518519, 0.29411764705882354, 1.0625, 7.384615384615385, 0.06741573033707865, 0.375, 0.2, 0.0967741935483871, 0.8235294117647058, 0.75, 0.2247191011235955, 0.1744186046511628, 0.8113207547169812]
switch 10 are [1.35, 0.10819672131147541, 0.075, 0.8333333333333334, 0.034482758620689655, 0.044444444444444446, 0.15873015873015872, 0.11627906976744186, 0.5, 0.19230769230769232, 0.47619047619047616, 0.9166666666666666, 0.06521739130434782]
switch 11 are [0.39285714285714285, 1.25, 0.5454545454545454, 0.875, 0.1702127659574468, 0.3333333333333333, 0.4, 0.4666666666666667, 0.8928571428571429, 0.96, 0.19230769230769232, 0.9090909090909091, 0.625]
switch 12 are [0.35714285714285715, 0.042071197411003236, 0.7142857142857143, 0.38461538461538464, 0.03333333333333333, 0.421875, 0.4375, 0.13725490196078433, 1.6923076923076923]
switch 13 are [0.15625, 0.53125, 0.16, 0.023952095808383235, 0.42138364779874216, 0.0, 0.2, 0.16666666666666666, 0.0, 0.027777777777777776, 0.6666666666666666, 0.5, 1.0]
switch 14 are [0.0]
switch 15 are [0.0]
switch 16 are [0.08441558441558442, 0.6956521739130435, 0.6, 0.631578947368421, 0.2571428571428571, 0.6666666666666666, 0.0625, 1.4166666666666667, 0.029411764705882353, 1.0, 1.0909090909090908]
switch 17 are [0.047244094488188976, 4.5, 1.0833333333333333, 1.3333333333333333, 0.1724137931034483, 0.9166666666666666, 0.25, 0.375, 0.21212121212121213, 0.34285714285714286, 0.9166666666666666, 0.39285714285714285, 0.9166666666666666]
switch 18 are [1.5833333333333333, 0.12, 0.12371134020618557, 0.5421686746987951, 0.4666666666666667, 0.2625, 0.2222222222222222, 0.040983606557377046, 0.11494252873563218, 0.34782608695652173, 0.8333333333333334, 0.8095238095238095]
switch 19 are [0.2727272727272727, 0.4857142857142857, 0.039525691699604744, 0.06153846153846154, 0.2, 3.125, 0.14893617021276595, 0.6111111111111112, 1.0, 0.07692307692307693, 1.0833333333333333, 0.07971014492753623, 0.6756756756756757, 0.35714285714285715]
switch_ARE_with_trim_mean [0.2674485054328285, 0.8874843453242948, 0.30091703442912754, 0.4699881784004643, 0.5103948113811969, 0.5088029439217406, nan, nan, 0.23304561437863378, 0.4758450688975336, 0.31694235945963967, 0.5993243120515849, 0.46893178678408554, 0.2594497140652942, 0.0, 0.0, 0.5654294800461849, 0.6283559961459647, 0.3842894662343167, 0.4210676991088647]
4 base2
d: 6 w: 9 k: 3
all [63.0] 

ans 63.0 

number 1 average are:  0.4979073843985598 total flow 239  


4_baseline2_switch_ 0 = 227
4_baseline2_switch_ 1 = 238
4_baseline2_switch_ 2 = 241
4_baseline2_switch_ 3 = 200
4_baseline2_switch_ 4 = 324
4_baseline2_switch_ 5 = 194
4_baseline2_switch_ 6 = 2
4_baseline2_switch_ 7 = 2
4_baseline2_switch_ 8 = 408
4_baseline2_switch_ 9 = 410
4_baseline2_switch_ 10 = 400
4_baseline2_switch_ 11 = 396
4_baseline2_switch_ 12 = 464
4_baseline2_switch_ 13 = 466
4_baseline2_switch_ 14 = 12
4_baseline2_switch_ 15 = 10
4_baseline2_switch_ 16 = 284
4_baseline2_switch_ 17 = 284
4_baseline2_switch_ 18 = 284
4_baseline2_switch_ 19 = 286
pass through [227, 238, 241, 200, 324, 194, 2, 2, 408, 410, 400, 396, 464, 466, 12, 10, 284, 284, 284, 286]
num_of_flow_store_in_switch [18, 16, 17, 15, 19, 12, 0, 0, 14, 20, 14, 11, 15, 15, 2, 1, 14, 10, 12, 14]
switch 0 are [0.075, 0.109375, 0.16176470588235295, 0.6428571428571429, 1.1071428571428572, 0.5357142857142857, 5.2727272727272725, 0.32941176470588235, 1.625, 0.03571428571428571, 0.5, 0.0, 0.047619047619047616, 0.0, 0.5116279069767442, 0.16666666666666666, 0.13953488372093023, 0.75]
switch 1 are [0.054313099041533544, 0.0025940337224383916, 0.9090909090909091, 0.11333333333333333, 0.06666666666666667, 1.5769230769230769, 0.11904761904761904, 0.07142857142857142, 0.08064516129032258, 0.4375, 0.1935483870967742, 0.6, 0.0625, 1.0, 0.28, 0.2962962962962963]
switch 2 are [0.1650485436893204, 0.3684210526315789, 1.2857142857142858, 0.1267605633802817, 0.7857142857142857, 0.4642857142857143, 0.0, 0.16071428571428573, 0.03636363636363636, 0.0, 0.0, 0.9, 0.125, 0.5869565217391305, 0.7272727272727273, 0.35714285714285715, 0.6666666666666666]
switch 3 are [0.13333333333333333, 0.14285714285714285, 0.17857142857142858, 0.03333333333333333, 0.009259259259259259, 0.0, 0.2857142857142857, 0.0, 0.5, 0.8571428571428571, 1.25, 0.5, 0.02702702702702703, 0.1, 0.04411764705882353]
switch 4 are [0.13861386138613863, 0.11965811965811966, 0.35714285714285715, 0.5434782608695652, 0.25471698113207547, 0.14285714285714285, 0.0, 0.6428571428571429, 0.35714285714285715, 3.2857142857142856, 0.5625, 0.003236245954692557, 0.5384615384615384, 0.36, 2.1, 0.0, 0.2692307692307692, 0.4642857142857143, 0.21428571428571427]
switch 5 are [0.048034934497816595, 0.01282051282051282, 0.2608695652173913, 0.9166666666666666, 0.07575757575757576, 0.0, 0.0967741935483871, 0.0, 0.35714285714285715, 0.1875, 0.26785714285714285, 0.06666666666666667]
switch 6 are []
switch 7 are []
switch 8 are [0.4642857142857143, 0.15625, 0.6129032258064516, 1.0714285714285714, 0.14, 0.5, 0.0, 0.025974025974025976, 0.041237113402061855, 0.30851063829787234, 1.9090909090909092, 0.2647058823529412, 0.25, 0.33707865168539325]
switch 9 are [0.03571428571428571, 0.9534883720930233, 1.2666666666666666, 0.6470588235294118, 1.25, 0.0037652965171007216, 0.19696969696969696, 0.5192307692307693, 0.4166666666666667, 0.0, 1.4166666666666667, 1.6666666666666667, 0.38095238095238093, 2.9166666666666665, 1.0, 0.6774193548387096, 0.2, 2.0833333333333335, 1.0, 0.15789473684210525]
switch 10 are [0.7129629629629629, 0.048507462686567165, 0.05245901639344262, 0.825, 0.0038272279934390375, 0.3275862068965517, 0.47619047619047616, 0.06666666666666667, 0.0, 0.627906976744186, 0.07228915662650602, 0.6666666666666666, 0.75, 0.046511627906976744]
switch 11 are [0.03571428571428571, 0.10714285714285714, 0.625, 0.07905138339920949, 0.14893617021276595, 0.2916666666666667, 1.0, 0.6666666666666666, 0.38461538461538464, 0.030927835051546393, 0.45161290322580644]
switch 12 are [0.6875, 1.0, 1.9166666666666667, 3.3076923076923075, 0.01904761904761905, 0.3333333333333333, 1.0555555555555556, 0.2, 0.7333333333333333, 0.3611111111111111, 1.0588235294117647, 1.619047619047619, 1.3125, 0.75, 0.3225806451612903]
switch 13 are [0.17857142857142858, 0.25, 0.08982035928143713, 0.06289308176100629, 0.6, 0.1388888888888889, 0.4, 0.0, 1.8333333333333333, 0.25, 0.16666666666666666, 0.9375, 1.6363636363636365, 0.5, 0.6190476190476191]
switch 14 are [0.0, 0.0]
switch 15 are [0.0]
switch 16 are [0.0625, 1.391304347826087, 0.4666666666666667, 0.047244094488188976, 0.13333333333333333, 0.8, 0.0, 0.1, 0.8888888888888888, 1.2777777777777777, 0.3333333333333333, 0.6923076923076923, 0.3142857142857143, 0.8333333333333334]
switch 17 are [0.2647058823529412, 0.37142857142857144, 0.7368421052631579, 0.25, 0.0784313725490196, 0.9166666666666666, 0.11475409836065574, 0.10869565217391304, 0.5, 1.0833333333333333]
switch 18 are [1.2666666666666666, 0.1875, 0.05384615384615385, 1.0, 0.021505376344086023, 0.041666666666666664, 0.8888888888888888, 0.36, 0.21739130434782608, 0.21621621621621623, 0.6666666666666666, 0.6428571428571429]
switch 19 are [0.21518987341772153, 0.75, 0.8181818181818182, 0.1276595744680851, 0.2222222222222222, 0.7083333333333334, 0.13793103448275862, 0.3118279569892473, 1.1538461538461537, 0.5517241379310345, 0.06521739130434782, 0.75, 0.55, 0.2641509433962264]
switch_ARE_with_trim_mean [0.42108928418751224, 0.3060264316637162, 0.36468979030669896, 0.21625817802288388, 0.4157921885449605, 0.13734234485083502, nan, nan, 0.3476978186027527, 0.7365871929273157, 0.3209645373112035, 0.31004514640484915, 0.8731116764323594, 0.4484424369677449, 0.0, 0.0, 0.4958059028679107, 0.4078866220307382, 0.4275033039489561, 0.45060174120187063]
4 base2
d: 5 w: 3 k: 5
all [432.0] 

ans 432.0 

number 1 average are:  5.658807199708361 total flow 239  


4_baseline2_switch_ 0 = 227
4_baseline2_switch_ 1 = 238
4_baseline2_switch_ 2 = 241
4_baseline2_switch_ 3 = 200
4_baseline2_switch_ 4 = 324
4_baseline2_switch_ 5 = 194
4_baseline2_switch_ 6 = 2
4_baseline2_switch_ 7 = 2
4_baseline2_switch_ 8 = 410
4_baseline2_switch_ 9 = 408
4_baseline2_switch_ 10 = 398
4_baseline2_switch_ 11 = 398
4_baseline2_switch_ 12 = 464
4_baseline2_switch_ 13 = 466
4_baseline2_switch_ 14 = 12
4_baseline2_switch_ 15 = 12
4_baseline2_switch_ 16 = 284
4_baseline2_switch_ 17 = 286
4_baseline2_switch_ 18 = 286
4_baseline2_switch_ 19 = 284
pass through [227, 238, 241, 200, 324, 194, 2, 2, 410, 408, 398, 398, 464, 466, 12, 12, 284, 286, 286, 284]
num_of_flow_store_in_switch [15, 19, 16, 14, 11, 10, 1, 0, 15, 14, 12, 15, 14, 15, 2, 4, 16, 12, 17, 17]
switch 0 are [0.52, 0.84375, 0.3058823529411765, 6.071428571428571, 6.071428571428571, 14.142857142857142, 1.6296296296296295, 2.96, 1.0285714285714285, 17.0, 13.304347826086957, 2.851063829787234, 3.5, 3.067415730337079, 8.9]
switch 1 are [0.3961661341853035, 0.32944228274967574, 17.727272727272727, 0.37333333333333335, 13.133333333333333, 5.884615384615385, 5.392857142857143, 3.475, 2.8085106382978724, 10.444444444444445, 5.235294117647059, 4.813953488372093, 13.916666666666666, 17.727272727272727, 14.142857142857142, 9.095238095238095, 5.838709677419355, 5.018867924528302, 1.7982456140350878]
switch 2 are [0.41262135922330095, 14.31578947368421, 12.357142857142858, 3.23943661971831, 9.75, 2.3392857142857144, 1.9682539682539681, 9.033333333333333, 3.752688172043011, 9.38888888888889, 10.192307692307692, 10.576923076923077, 23.0, 23.0, 0.4790697674418605, 0.4879725085910653]
switch 3 are [0.95, 6.071428571428571, 6.607142857142857, 4.535714285714286, 7.875, 11.916666666666666, 4.0, 1.3855421686746987, 4.344827586206897, 6.56, 1.554054054054054, 1.9375, 8.583333333333334, 8.583333333333334]
switch 4 are [0.39851485148514854, 0.5598290598290598, 2.0, 1.1603773584905661, 0.4935064935064935, 8.25, 5.194444444444445, 2.9069767441860463, 1.7875, 9.882352941176471, 5.0]
switch 5 are [0.13100436681222707, 1.1794871794871795, 6.391304347826087, 13.166666666666666, 1.5151515151515151, 1.3058823529411765, 5.071428571428571, 0.35625, 1.6349206349206349, 12.833333333333334]
switch 6 are [0.0]
switch 7 are []
switch 8 are [5.857142857142857, 1.7738095238095237, 2.0, 6.071428571428571, 1.5806451612903225, 3.0784313725490198, 9.0, 9.666666666666666, 5.4, 7.0, 15.0, 4.03030303030303, 5.709677419354839, 2.45, 12.833333333333334]
switch 9 are [6.863636363636363, 0.9058823529411765, 4.25, 3.7674418604651163, 3.395348837209302, 10.307692307692308, 1.703125, 11.25, 8.571428571428571, 4.444444444444445, 0.6475409836065574, 1.9333333333333333, 4.333333333333333, 12.5]
switch 10 are [3.607142857142857, 10.2, 3.9, 0.3611111111111111, 3.607142857142857, 0.47904191616766467, 15.666666666666666, 15.666666666666666, 2.7941176470588234, 0.5748031496062992, 7.96, 0.3835125448028674]
switch 11 are [2.392857142857143, 1.290909090909091, 0.4854771784232365, 5.333333333333333, 1.25, 5.071428571428571, 0.31475409836065577, 0.9666666666666667, 7.4, 1.1521739130434783, 8.692307692307692, 13.166666666666666, 8.5, 9.5, 3.0476190476190474]
switch 12 are [5.375, 10.461538461538462, 3.0285714285714285, 3.966666666666667, 0.9896907216494846, 8.933333333333334, 11.333333333333334, 11.333333333333334, 3.9722222222222223, 11.4375, 0.9803921568627451, 6.0476190476190474, 10.75, 8.933333333333334]
switch 13 are [0.7717391304347826, 0.9758064516129032, 3.8214285714285716, 4.0, 4.535714285714286, 10.25, 2.888888888888889, 3.0277777777777777, 7.4375, 11.916666666666666, 10.75, 7.8125, 6.833333333333333, 6.777777777777778, 10.25]
switch 14 are [0.05, 0.0]
switch 15 are [0.0, 0.0, 0.0, 0.0]
switch 16 are [7.642857142857143, 17.714285714285715, 0.5645161290322581, 9.375, 8.0, 9.375, 1.3241106719367588, 6.666666666666667, 1.2133333333333334, 11.736842105263158, 21.0, 1.574468085106383, 8.222222222222221, 0.9264705882352942, 0.8260869565217391, 3.675675675675676]
switch 17 are [5.321428571428571, 5.142857142857143, 4.804347826086956, 0.046438657044242236, 0.6792452830188679, 1.6818181818181819, 2.4038461538461537, 12.692307692307692, 1.7301587301587302, 2.1392405063291138, 3.4857142857142858, 4.064516129032258]
switch 18 are [5.03125, 2.3214285714285716, 8.466666666666667, 5.03125, 9.4375, 6.366666666666666, 2.3275862068965516, 2.1555555555555554, 0.9101123595505618, 12.916666666666666, 8.466666666666667, 11.4, 1.7083333333333333, 4.964285714285714, 4.862068965517241, 9.923076923076923, 4.314285714285714]
switch 19 are [4.607142857142857, 5.0, 7.4, 3.90625, 4.607142857142857, 5.0, 11.0, 11.214285714285714, 10.75, 5.0, 0.08310552214324768, 9.466666666666667, 1.3, 6.125, 1.6091954022988506, 5.28, 5.576923076923077]
switch_ARE_with_trim_mean [4.991576363855893, 7.02913916853549, 7.920078005186713, 5.169823015824003, 3.039181566717401, 3.7859697418860625, 0.0, nan, 5.759291751891372, 5.143805533706995, 4.917242763858803, 4.237136356660636, 7.093720156800053, 6.1046713143487334, 0.025, 0.0, 6.305215654436007, 3.145317281029026, 5.785108065625308, 5.775221390678286]
4 base2
d: 5 w: 6 k: 5
all [218.0] 

ans 218.0 

number 1 average are:  1.6809667335095064 total flow 239  


4_baseline2_switch_ 0 = 227
4_baseline2_switch_ 1 = 238
4_baseline2_switch_ 2 = 241
4_baseline2_switch_ 3 = 200
4_baseline2_switch_ 4 = 324
4_baseline2_switch_ 5 = 194
4_baseline2_switch_ 6 = 2
4_baseline2_switch_ 7 = 2
4_baseline2_switch_ 8 = 410
4_baseline2_switch_ 9 = 408
4_baseline2_switch_ 10 = 398
4_baseline2_switch_ 11 = 398
4_baseline2_switch_ 12 = 462
4_baseline2_switch_ 13 = 468
4_baseline2_switch_ 14 = 12
4_baseline2_switch_ 15 = 10
4_baseline2_switch_ 16 = 286
4_baseline2_switch_ 17 = 286
4_baseline2_switch_ 18 = 286
4_baseline2_switch_ 19 = 280
pass through [227, 238, 241, 200, 324, 194, 2, 2, 410, 408, 398, 398, 462, 468, 12, 10, 286, 286, 286, 280]
num_of_flow_store_in_switch [18, 17, 14, 16, 13, 8, 0, 1, 17, 18, 15, 15, 10, 15, 3, 4, 13, 14, 13, 15]
switch 0 are [0.18, 0.15625, 0.17058823529411765, 1.6785714285714286, 7.464285714285714, 1.3571428571428572, 1.2727272727272727, 6.821428571428571, 0.71875, 2.75, 4.0, 1.4782608695652173, 0.41304347826086957, 2.95, 3.6666666666666665, 0.5955056179775281, 1.5465116279069768, 2.3333333333333335]
switch 1 are [0.16293929712460065, 0.010376134889753566, 3.6363636363636362, 0.15333333333333332, 2.4, 2.0384615384615383, 0.8214285714285714, 1.6428571428571428, 0.8, 5.076923076923077, 4.25, 3.037037037037037, 2.5, 3.588235294117647, 1.4772727272727273, 6.090909090909091, 0.7105263157894737]
switch 2 are [0.09223300970873786, 1.5789473684210527, 2.607142857142857, 0.0, 0.75, 1.2857142857142858, 0.0, 0.15767634854771784, 0.75, 0.0, 1.4444444444444444, 0.27956989247311825, 3.0833333333333335, 1.5142857142857142]
switch 3 are [0.15, 1.0714285714285714, 0.8928571428571429, 4.666666666666667, 0.3333333333333333, 1.0714285714285714, 0.6071428571428571, 1.45, 0.14925373134328357, 3.0833333333333335, 0.1566265060240964, 6.545454545454546, 0.16176470588235295, 0.28688524590163933, 3.4166666666666665, 1.3225806451612903]
switch 4 are [0.01485148514851485, 0.01282051282051282, 0.5357142857142857, 0.0, 0.5714285714285714, 1.5357142857142858, 0.7142857142857143, 0.8214285714285714, 4.6923076923076925, 0.9166666666666666, 3.25, 0.5638297872340425, 0.5125]
switch 5 are [0.0, 0.0641025641025641, 0.8260869565217391, 1.8333333333333333, 0.3181818181818182, 0.058823529411764705, 0.04838709677419355, 1.0]
switch 6 are []
switch 7 are [0.0]
switch 8 are [0.25, 0.171875, 1.4642857142857142, 0.2661290322580645, 3.9642857142857144, 1.7209302325581395, 1.0476190476190477, 0.35, 2.4, 19.266666666666666, 0.2923076923076923, 0.08960573476702509, 1.8666666666666667, 1.4285714285714286, 3.4166666666666665, 7.833333333333333, 2.4193548387096775]
switch 9 are [0.23529411764705882, 2.65, 2.5625, 0.22580645161290322, 3.8666666666666667, 1.3548387096774193, 0.7222222222222222, 0.78, 4.5625, 1.2325581395348837, 1.92, 2.4166666666666665, 1.5172413793103448, 0.7659574468085106, 0.696969696969697, 2.911764705882353, 0.7333333333333333, 2.5]
switch 10 are [0.6785714285714286, 7.533333333333333, 0.009259259259259259, 1.0416666666666667, 2.5, 0.034991798797156914, 0.09090909090909091, 3.2, 0.7428571428571429, 1.9333333333333333, 2.611111111111111, 0.19069767441860466, 2.25, 1.25, 3.8333333333333335]
switch 11 are [0.6727272727272727, 2.0, 2.5357142857142856, 1.35, 0.5142857142857142, 2.1875, 2.92, 3.0555555555555554, 0.96, 1.3076923076923077, 3.6153846153846154, 1.1081081081081081, 0.12714776632302405, 3.25, 0.7380952380952381]
switch 12 are [0.9642857142857143, 0.42857142857142855, 0.59375, 0.21359223300970873, 3.5, 0.15555555555555556, 0.265625, 0.3953488372093023, 2.0625, 2.857142857142857]
switch 13 are [0.8113207547169812, 1.75, 1.8571428571428572, 1.25, 0.5178571428571429, 0.5625, 2.8, 3.5, 0.6111111111111112, 0.5666666666666667, 0.36507936507936506, 1.44, 2.8125, 6.083333333333333, 0.5660377358490566]
switch 14 are [0.0, 0.0, 0.0]
switch 15 are [0.0, 0.0, 0.0, 0.0]
switch 16 are [0.9565217391304348, 2.625, 0.4482758620689655, 1.9, 0.7647058823529411, 1.0434782608695652, 1.7777777777777777, 4.2727272727272725, 1.7307692307692308, 4.083333333333333, 2.1875, 4.166666666666667, 2.7142857142857144]
switch 17 are [1.25, 0.6666666666666666, 5.0, 2.4166666666666665, 0.2532467532467532, 0.41333333333333333, 4.25, 3.125, 2.473684210526316, 0.8620689655172413, 0.4189189189189189, 2.388888888888889, 2.4285714285714284, 2.05]
switch 18 are [0.09580838323353294, 0.6285714285714286, 1.5416666666666667, 0.28865979381443296, 3.0833333333333335, 3.933333333333333, 0.5125, 0.27450980392156865, 0.42528735632183906, 0.9130434782608695, 1.2424242424242424, 3.25, 1.3870967741935485]
switch 19 are [5.8125, 0.13725490196078433, 0.008785691873235017, 0.23270440251572327, 0.21212121212121213, 0.0, 2.6153846153846154, 0.19047619047619047, 1.1898734177215189, 2.0, 2.9166666666666665, 0.5138888888888888, 1.6071428571428572, 1.3846153846153846, 2.4615384615384617]
switch_ARE_with_trim_mean [1.9957831224296776, 2.1530251980472523, 0.8716678267281607, 1.333622446130466, 0.8590218073128333, 0.5186144122906766, nan, 0.0, 1.926135024484143, 1.6791258177949473, 1.5659593523075281, 1.7384368063214217, 0.9726020087773763, 1.4650104821802936, 0.0, 0.0, 2.1772762368350604, 1.895316589924122, 1.2315538979552663, 1.190034822377349]
4 base2
d: 5 w: 9 k: 5
all [62.0] 

ans 62.0 

number 1 average are:  0.6453507156684165 total flow 239  


4_baseline2_switch_ 0 = 227
4_baseline2_switch_ 1 = 238
4_baseline2_switch_ 2 = 241
4_baseline2_switch_ 3 = 200
4_baseline2_switch_ 4 = 324
4_baseline2_switch_ 5 = 194
4_baseline2_switch_ 6 = 4
4_baseline2_switch_ 7 = 2
4_baseline2_switch_ 8 = 410
4_baseline2_switch_ 9 = 408
4_baseline2_switch_ 10 = 398
4_baseline2_switch_ 11 = 398
4_baseline2_switch_ 12 = 466
4_baseline2_switch_ 13 = 464
4_baseline2_switch_ 14 = 14
4_baseline2_switch_ 15 = 12
4_baseline2_switch_ 16 = 286
4_baseline2_switch_ 17 = 284
4_baseline2_switch_ 18 = 284
4_baseline2_switch_ 19 = 286
pass through [227, 238, 241, 200, 324, 194, 4, 2, 410, 408, 398, 398, 466, 464, 14, 12, 286, 284, 284, 286]
num_of_flow_store_in_switch [18, 20, 18, 16, 16, 18, 0, 0, 17, 18, 17, 13, 10, 11, 1, 0, 9, 13, 12, 12]
switch 0 are [0.1, 0.0, 0.09411764705882353, 3.4285714285714284, 0.0, 0.0, 0.0, 0.07058823529411765, 0.0, 1.6, 1.1071428571428572, 0.1875, 0.0, 0.0, 0.0, 0.24, 0.9032258064516129, 0.2972972972972973]
switch 1 are [0.04792332268370607, 0.04928664072632944, 4.181818181818182, 0.52, 0.3333333333333333, 0.8076923076923077, 0.32142857142857145, 1.25, 0.3629032258064516, 0.6875, 1.25, 0.4838709677419355, 3.55, 0.7142857142857143, 3.5294117647058822, 0.3409090909090909, 0.07441860465116279, 0.041237113402061855, 0.13953488372093023, 6.090909090909091]
switch 2 are [0.05339805825242718, 1.368421052631579, 2.25, 0.0, 1.8571428571428572, 1.0357142857142858, 0.14285714285714285, 0.44642857142857145, 0.08713692946058091, 0.45, 0.0, 0.0, 0.21428571428571427, 0.007905138339920948, 0.0, 0.2, 0.4230769230769231, 1.0625]
switch 3 are [0.075, 0.07142857142857142, 0.7857142857142857, 0.1, 0.046296296296296294, 0.25, 0.21428571428571427, 0.35, 5.857142857142857, 0.025, 0.22972972972972974, 0.025735294117647058, 0.1724137931034483, 0.8333333333333334, 0.75, 0.8333333333333334]
switch 4 are [0.024752475247524754, 0.004273504273504274, 0.03571428571428571, 0.2608695652173913, 0.0, 0.0, 0.14285714285714285, 0.35714285714285715, 1.125, 0.46875, 0.5384615384615384, 2.357142857142857, 0.5, 1.2380952380952381, 1.0, 0.41935483870967744]
switch 5 are [0.004366812227074236, 0.10256410256410256, 0.43478260869565216, 0.08333333333333333, 0.015151515151515152, 0.2, 0.008064516129032258, 1.6071428571428572, 0.7142857142857143, 0.5535714285714286, 0.5333333333333333, 0.04491017964071856, 0.0, 3.4166666666666665, 0.5625, 1.9444444444444444, 0.3333333333333333, 0.7272727272727273]
switch 6 are []
switch 7 are []
switch 8 are [0.42857142857142855, 1.0952380952380953, 1.02, 1.3125, 0.03333333333333333, 0.045454545454545456, 0.4411764705882353, 0.2571428571428571, 1.4666666666666666, 0.09230769230769231, 0.5185185185185185, 0.38333333333333336, 0.2727272727272727, 0.8529411764705882, 0.9166666666666666, 0.3, 1.75]
switch 9 are [1.0, 1.2666666666666666, 0.018518518518518517, 0.23529411764705882, 1.375, 0.00625, 1.0930232558139534, 1.2307692307692308, 0.045454545454545456, 0.2692307692307692, 1.0, 0.04659498207885305, 1.4166666666666667, 0.3103448275862069, 1.0, 0.07971014492753623, 0.2765957446808511, 0.14606741573033707]
switch 10 are [0.125, 0.04477611940298507, 0.4166666666666667, 0.019672131147540985, 0.0, 0.0038272279934390375, 1.3333333333333333, 0.017241379310344827, 0.0, 0.0, 0.17391304347826086, 0.0625, 0.20833333333333334, 1.1388888888888888, 0.0375, 0.5555555555555556, 1.3333333333333333]
switch 11 are [0.12727272727272726, 0.5, 0.375, 0.45454545454545453, 1.4375, 0.13924050632911392, 0.9166666666666666, 1.2, 0.4827586206896552, 0.8333333333333334, 0.08602150537634409, 0.9230769230769231, 0.35714285714285715]
switch 12 are [0.6785714285714286, 0.42857142857142855, 0.025889967637540454, 0.4166666666666667, 0.3333333333333333, 0.05333333333333334, 0.5, 0.5384615384615384, 0.75, 0.5238095238095238]
switch 13 are [0.375, 1.0, 1.75, 0.08, 0.02857142857142857, 0.0, 0.9, 0.0, 0.06349206349206349, 0.75, 0.07017543859649122]
switch 14 are [0.0]
switch 15 are []
switch 16 are [0.9555555555555556, 0.07086614173228346, 0.17142857142857143, 0.14457831325301204, 0.64, 0.07246376811594203, 0.7857142857142857, 1.25, 0.4838709677419355]
switch 17 are [0.45, 0.015625, 2.3333333333333335, 1.0833333333333333, 0.8, 0.6, 0.9166666666666666, 0.7272727272727273, 0.8333333333333334, 3.5, 0.3142857142857143, 0.3018867924528302, 1.6666666666666667]
switch 18 are [0.11235955056179775, 2.8461538461538463, 0.2222222222222222, 1.0833333333333333, 3.0833333333333335, 0.28, 0.1375, 1.3333333333333333, 0.07377049180327869, 0.8695652173913043, 0.5625, 0.5714285714285714]
switch 19 are [0.015061186068402886, 1.75, 0.3157894736842105, 0.7674418604651163, 0.5333333333333333, 0.5333333333333333, 0.18085106382978725, 0.06862745098039216, 0.35714285714285715, 0.6666666666666666, 0.5384615384615384, 1.8666666666666667]
switch_ARE_with_trim_mean [0.28749199020279426, 0.9009109440626069, 0.45930416707437516, 0.33837645366731145, 0.4368051032656543, 0.4918160566328292, nan, nan, 0.62688298157906, 0.5870793886940329, 0.27581384527402325, 0.5735488262778846, 0.4340934065934066, 0.3630265478511092, 0.0, nan, 0.5082752892823984, 0.911525324304055, 0.8018396074424409, 0.5711647577897235]
4 base2
d: 6 w: 9 k: 5
all [70.0] 

ans 70.0 

number 1 average are:  0.4861354940210118 total flow 239  


4_baseline2_switch_ 0 = 227
4_baseline2_switch_ 1 = 238
4_baseline2_switch_ 2 = 241
4_baseline2_switch_ 3 = 200
4_baseline2_switch_ 4 = 324
4_baseline2_switch_ 5 = 194
4_baseline2_switch_ 6 = 2
4_baseline2_switch_ 7 = 2
4_baseline2_switch_ 8 = 410
4_baseline2_switch_ 9 = 408
4_baseline2_switch_ 10 = 394
4_baseline2_switch_ 11 = 402
4_baseline2_switch_ 12 = 466
4_baseline2_switch_ 13 = 464
4_baseline2_switch_ 14 = 12
4_baseline2_switch_ 15 = 12
4_baseline2_switch_ 16 = 284
4_baseline2_switch_ 17 = 284
4_baseline2_switch_ 18 = 286
4_baseline2_switch_ 19 = 286
pass through [227, 238, 241, 200, 324, 194, 2, 2, 410, 408, 394, 402, 466, 464, 12, 12, 284, 284, 286, 286]
num_of_flow_store_in_switch [19, 18, 20, 15, 17, 15, 0, 0, 19, 16, 11, 16, 11, 11, 2, 2, 13, 9, 12, 13]
switch 0 are [0.0, 0.0390625, 0.0029411764705882353, 0.25, 2.857142857142857, 0.17857142857142858, 0.8181818181818182, 0.0, 0.03571428571428571, 0.7, 1.25, 0.0784313725490196, 1.8333333333333333, 0.2962962962962963, 0.5833333333333334, 0.6818181818181818, 0.23333333333333334, 1.0674157303370786, 0.1511627906976744]
switch 1 are [0.019169329073482427, 0.040207522697795074, 1.5454545454545454, 0.19333333333333333, 0.8666666666666667, 1.3461538461538463, 0.05952380952380952, 1.5357142857142858, 0.03571428571428571, 0.4838709677419355, 0.025, 0.05625, 0.44, 2.0833333333333335, 0.16129032258064516, 0.03255813953488372, 0.048109965635738834, 0.24528301886792453]
switch 2 are [0.08737864077669903, 1.4736842105263157, 0.0, 0.0, 0.21428571428571427, 0.17857142857142858, 0.10714285714285714, 0.0, 0.09090909090909091, 0.0, 0.8, 0.6, 0.0, 0.17857142857142858, 0.0, 0.0, 1.0, 0.4230769230769231, 1.0, 0.3076923076923077]
switch 3 are [0.10833333333333334, 0.21428571428571427, 0.07142857142857142, 0.5, 0.06481481481481481, 0.10714285714285714, 0.5357142857142857, 1.4, 0.2916666666666667, 0.03731343283582089, 3.642857142857143, 0.8333333333333334, 0.35, 0.4166666666666667, 0.4166666666666667]
switch 4 are [0.01485148514851485, 0.0, 0.03571428571428571, 0.06521739130434782, 0.2641509433962264, 1.1785714285714286, 1.1071428571428572, 1.3928571428571428, 0.21428571428571427, 0.0, 0.25, 0.012944983818770227, 0.3076923076923077, 0.42857142857142855, 0.42857142857142855, 0.75, 0.5806451612903226]
switch 5 are [0.0, 0.02564102564102564, 0.2608695652173913, 2.4166666666666665, 0.3333333333333333, 0.12941176470588237, 0.12096774193548387, 0.10714285714285714, 0.4642857142857143, 0.4642857142857143, 0.10714285714285714, 0.05357142857142857, 0.06666666666666667, 0.023952095808383235, 0.5625]
switch 6 are []
switch 7 are []
switch 8 are [0.0625, 0.9285714285714286, 0.03225806451612903, 0.17857142857142858, 0.08064516129032258, 1.2857142857142858, 0.14285714285714285, 0.0, 0.75, 0.13333333333333333, 0.6666666666666666, 0.09803921568627451, 1.3636363636363635, 0.5151515151515151, 0.6176470588235294, 1.5, 1.1, 2.0, 0.2903225806451613]
switch 9 are [0.3125, 0.27906976744186046, 1.5333333333333334, 0.07407407407407407, 0.375, 0.023255813953488372, 0.6153846153846154, 0.00031377470975839345, 0.09615384615384616, 1.0833333333333333, 0.13333333333333333, 0.3333333333333333, 0.9444444444444444, 0.1702127659574468, 1.2727272727272727, 0.8095238095238095]
switch 10 are [0.17391304347826086, 0.006014215418261345, 0.10344827586206896, 0.2222222222222222, 0.2857142857142857, 0.125, 1.4, 0.5333333333333333, 0.08695652173913043, 1.1666666666666667, 1.0833333333333333]
switch 11 are [0.6785714285714286, 0.75, 0.7272727272727273, 0.25, 0.043478260869565216, 0.14893617021276595, 0.24050632911392406, 0.6086956521739131, 1.2093023255813953, 0.024096385542168676, 1.6666666666666667, 0.0, 1.5833333333333333, 0.050724637681159424, 0.32432432432432434, 1.0]
switch 12 are [1.0833333333333333, 0.25, 0.8461538461538461, 0.10476190476190476, 0.171875, 0.1746031746031746, 0.19444444444444445, 1.2, 0.17142857142857143, 0.1625, 1.0625]
switch 13 are [0.1875, 0.1875, 0.16, 0.37142857142857144, 0.05555555555555555, 0.23333333333333334, 0.4166666666666667, 0.875, 0.6470588235294118, 0.19047619047619047, 0.39285714285714285]
switch 14 are [0.0, 0.0]
switch 15 are [0.0, 0.0]
switch 16 are [0.11688311688311688, 0.5, 1.1875, 0.75, 0.5833333333333334, 0.7222222222222222, 0.8333333333333334, 0.18055555555555555, 0.16091954022988506, 0.56, 0.19230769230769232, 0.2619047619047619, 0.14035087719298245]
switch 17 are [0.3235294117647059, 0.05511811023622047, 0.7333333333333333, 0.36, 0.4444444444444444, 0.03308823529411765, 0.5217391304347826, 1.2307692307692308, 0.375]
switch 18 are [0.24719101123595505, 0.11428571428571428, 0.013333333333333334, 0.061855670103092786, 1.8421052631578947, 0.03942652329749104, 0.4827586206896552, 0.25675675675675674, 0.15, 0.2222222222222222, 0.25806451612903225, 0.45]
switch 19 are [0.06918238993710692, 0.5909090909090909, 0.8666666666666667, 0.08461538461538462, 2.6, 2.1666666666666665, 0.07377049180327869, 1.25, 0.2413793103448276, 0.6666666666666666, 0.4166666666666667, 0.42857142857142855, 1.0]
switch_ARE_with_trim_mean [0.4823291518021395, 0.44469566935123095, 0.2492267744391531, 0.4084656084656085, 0.37589062770050885, 0.20921313574897984, nan, nan, 0.5732890732625636, 0.4658818864043469, 0.4200652980388113, 0.5456601124769075, 0.4574264855514855, 0.3096467475879241, 0.0, 0.0, 0.44408430146179695, 0.45300243291964837, 0.22825610347199193, 0.7078102157191524]
