4 algo
d: 5 w: 3 k: 1
all [99.16666666666667] 

ans 99.16666666666667 

number 1 average are:  34.89335070166345 total flow 222  
number 2 average are:  60.10167748917748 total flow 5  


2-1 [225.6875, 186.0, 124.08333333333333, 104.32142857142857, 99.36363636363636, 99.27777777777777]
2-2 [64.375, 58.125, 95.91666666666667, 35.0, 86.0, 53.166666666666664]
3-1 []
3-2 []
3-3 []
4_algo_switch_ 0 = 712
4_algo_switch_ 1 = 712
4_algo_switch_ 2 = 0
4_algo_switch_ 3 = 0
4_algo_switch_ 4 = 0
4_algo_switch_ 5 = 0
4_algo_switch_ 6 = 0
4_algo_switch_ 7 = 0
4_algo_switch_ 8 = 714
4_algo_switch_ 9 = 710
4_algo_switch_ 10 = 0
4_algo_switch_ 11 = 0
4_algo_switch_ 12 = 0
4_algo_switch_ 13 = 0
4_algo_switch_ 14 = 0
4_algo_switch_ 15 = 0
4_algo_switch_ 16 = 0
4_algo_switch_ 17 = 0
4_algo_switch_ 18 = 0
4_algo_switch_ 19 = 0
[712, 712, 0, 0, 0, 0, 0, 0, 714, 710, 0, 0, 0, 0, 0, 0, 0, 0, 0, 0]
num_of_flow_in_switch [48, 59, 0, 0, 0, 0, 0, 0, 65, 73, 0, 0, 0, 0, 0, 0, 0, 0, 0, 0]
switch 0 are [4.525, 2.840255591054313, 1.4133663366336633, 3.3547008547008548, 16.410714285714285, 87.63636363636364, 1.9970588235294118, 10.630434782608695, 10.70754716981132, 99.16666666666667, 17.21212121212121, 8.693548387096774, 35.392857142857146, 33.82142857142857, 35.785714285714285, 16.727272727272727, 3.2738589211618256, 59.9375, 41.857142857142854, 37.214285714285715, 33.516129032258064, 51.61904761904762, 2.592814371257485, 12.928571428571429, 45.041666666666664, 6.677165354330708, 53.166666666666664, 45.15384615384615, 34.51724137931034, 81.3076923076923, 80.25, 26.272727272727273, 84.83333333333333, 30.451612903225808, 16.166666666666668, 77.38461538461539, 80.25, 83.91666666666667, 49.95, 10.573033707865168, 10.848837209302326, 64.0, 91.63636363636364, 80.25, 47.523809523809526, 35.392857142857146, 23.261904761904763, 19.18867924528302]
switch 1 are [3.3046875, 6.956310679611651, 3.703056768558952, 1.125810635538262, 9.926666666666666, 35.75, 35.75, 43.73913043478261, 20.488095238095237, 15.078125, 35.75, 35.392857142857146, 59.9375, 33.3, 57.535714285714285, 51.357142857142854, 52.85, 31.15625, 57.64, 43.875, 63.3125, 2.5311475409836066, 21.369565217391305, 75.92857142857143, 63.3125, 24.725, 0.366802635707562, 0.612356478950246, 33.3, 14.590909090909092, 95.8, 28.4, 90.83333333333333, 61.744680851063826, 78.15384615384616, 27.583333333333332, 63.3125, 9.608247422680412, 70.8, 90.83333333333333, 28.916666666666668, 33.3, 64.375, 14.595744680851064, 21.5625, 9.558823529411764, 56.166666666666664, 56.166666666666664, 40.55555555555556, 53.166666666666664, 8.032786885245901, 10.827586206896552, 56.166666666666664, 88.75, 66.3125, 88.75, 54.1, 72.5, 8.666666666666666]
switch 2 are []
switch 3 are []
switch 4 are []
switch 5 are []
switch 6 are []
switch 7 are []
switch 8 are [11.166666666666666, 10.033333333333333, 64.4, 54.05263157894737, 43.59090909090909, 11.305882352941177, 34.035714285714285, 34.035714285714285, 19.785714285714285, 32.892857142857146, 48.05, 45.57142857142857, 29.65625, 8.685185185185185, 26.069767441860463, 14.306451612903226, 37.607142857142854, 71.06666666666666, 72.0, 25.555555555555557, 2.9029850746268657, 23.525, 25.08, 18.235294117647058, 85.27272727272727, 4.93125, 21.069767441860463, 58.3125, 5.169811320754717, 86.16666666666667, 15.362068965517242, 17.476190476190474, 6.01948051948052, 43.13333333333333, 5.20952380952381, 14.571428571428571, 14.063492063492063, 71.06666666666666, 62.266666666666666, 40.84, 36.82857142857143, 3.7455197132616487, 36.96, 88.18181818181819, 40.84, 64.375, 35.333333333333336, 51.72222222222222, 78.08333333333333, 50.214285714285715, 39.875, 9.204301075268818, 36.73076923076923, 62.04761904761905, 40.26086956521739, 86.16666666666667, 8.594202898550725, 10.5, 28.727272727272727, 30.794117647058822, 58.3125, 26.114285714285714, 4.413953488372093, 30.64516129032258, 78.08333333333333]
switch 9 are [87.63636363636364, 38.42857142857143, 35.857142857142854, 37.07692307692308, 99.16666666666667, 13.535211267605634, 10.647058823529411, 35.857142857142854, 34.357142857142854, 49.82142857142857, 34.357142857142854, 18.714285714285715, 52.607142857142854, 38.42857142857143, 34.357142857142854, 54.2, 7.32258064516129, 32.875, 32.0, 37.714285714285715, 29.9375, 8.555555555555555, 34.357142857142854, 17.428571428571427, 35.857142857142854, 3.0485436893203883, 35.13333333333333, 69.71428571428571, 81.5, 63.5, 75.15384615384616, 91.0, 18.846153846153847, 54.2, 11.404494382022472, 27.666666666666668, 4.624505928853755, 29.352941176470587, 16.25, 29.666666666666668, 11.531645569620252, 53.391304347826086, 12.2, 65.0, 81.5, 6.615384615384615, 91.0, 85.0, 91.0, 72.6, 51.10526315789474, 22.023255813953487, 12.301204819277109, 60.875, 72.6, 40.25, 48.06896551724138, 81.5, 13.64864864864865, 12.55, 46.142857142857146, 92.81818181818181, 2.985294117647059, 63.94117647058823, 38.6, 38.69230769230769, 89.33333333333333, 7.0, 19.85, 36.90909090909091, 25.756756756756758, 3.4192439862542954, 32.29032258064516]
switch 10 are []
switch 11 are []
switch 12 are []
switch 13 are []
switch 14 are []
switch 15 are []
switch 16 are []
switch 17 are []
switch 18 are []
switch 19 are []
switch_are_with_trim_mean [35.87883910013075, 39.21016325365685, nan, nan, nan, nan, nan, nan, 34.395646634539645, 39.45231005479024, nan, nan, nan, nan, nan, nan, nan, nan, nan, nan]
4 algo
d: 5 w: 6 k: 1
all [51.90909090909091] 

ans 51.90909090909091 

number 1 average are:  15.550655683202642 total flow 225  
number 2 average are:  29.384057971014492 total flow 2  


2-1 [65.38461538461539, 56.083333333333336, 53.72727272727273, 53.0, 56.5, 56.0, 53.166666666666664]
2-2 [49.38461538461539, 49.166666666666664, 51.90909090909091, 12.434782608695652, 50.583333333333336, 51.583333333333336, 46.333333333333336]
3-1 []
3-2 []
3-3 []
4_algo_switch_ 0 = 712
4_algo_switch_ 1 = 712
4_algo_switch_ 2 = 0
4_algo_switch_ 3 = 0
4_algo_switch_ 4 = 0
4_algo_switch_ 5 = 0
4_algo_switch_ 6 = 0
4_algo_switch_ 7 = 0
4_algo_switch_ 8 = 714
4_algo_switch_ 9 = 710
4_algo_switch_ 10 = 0
4_algo_switch_ 11 = 0
4_algo_switch_ 12 = 0
4_algo_switch_ 13 = 0
4_algo_switch_ 14 = 0
4_algo_switch_ 15 = 0
4_algo_switch_ 16 = 0
4_algo_switch_ 17 = 0
4_algo_switch_ 18 = 0
4_algo_switch_ 19 = 0
[712, 712, 0, 0, 0, 0, 0, 0, 714, 710, 0, 0, 0, 0, 0, 0, 0, 0, 0, 0]
num_of_flow_in_switch [67, 57, 0, 0, 0, 0, 0, 0, 56, 66, 0, 0, 0, 0, 0, 0, 0, 0, 0, 0]
switch 0 are [2.095, 2.047923322683706, 0.7698019801980198, 2.158119658119658, 32.63636363636363, 2.7083333333333335, 12.214285714285714, 23.666666666666668, 20.5, 4.863636363636363, 6.08235294117647, 22.214285714285715, 20.5, 6.428571428571429, 20.5, 13.857142857142858, 20.5, 12.214285714285714, 19.0, 11.767441860465116, 41.666666666666664, 20.5, 17.8125, 29.476190476190474, 6.592592592592593, 14.05, 31.25, 11.04, 42.0, 22.125, 3.0251572327044025, 5.379310344827586, 5.603174603174603, 6.115384615384615, 13.857142857142858, 7.23404255319149, 2.0952380952380953, 7.359375, 6.185714285714286, 7.533333333333333, 49.166666666666664, 50.583333333333336, 5.206185567010309, 51.90909090909091, 50.583333333333336, 10.38888888888889, 19.633333333333333, 12.703703703703704, 19.555555555555557, 19.555555555555557, 13.857142857142858, 20.764705882352942, 23.76, 13.137931034482758, 30.53846153846154, 9.316666666666666, 3.117021276595745, 14.242424242424242, 11.058823529411764, 46.333333333333336, 31.0, 15.27027027027027, 4.651685393258427, 42.0, 8.761904761904763, 11.075471698113208, 10.935483870967742]
switch 1 are [1.55859375, 1.4611650485436893, 3.0, 0.4785992217898833, 16.842105263157894, 18.678571428571427, 25.307692307692307, 5.422535211267606, 6.7976190476190474, 22.392857142857142, 10.035714285714286, 29.0, 1.5643153526970954, 11.107142857142858, 19.46875, 8.96774193548387, 22.392857142857142, 15.678571428571429, 11.107142857142858, 1.2135922330097086, 21.258064516129032, 10.3, 27.5, 1.1417910447761195, 12.434782608695652, 7.9411764705882355, 37.625, 49.38461538461539, 37.625, 27.25, 50.5, 7.075757575757576, 12.733333333333333, 6.752808988764045, 11.972222222222221, 20.125, 50.583333333333336, 37.0, 37.0, 21.6, 1.4731182795698925, 20.32, 28.1875, 27.25, 41.45454545454545, 4.021505376344086, 28.61111111111111, 9.272727272727273, 9.363636363636363, 9.935483870967742, 17.714285714285715, 51.583333333333336, 29.9, 50.5, 28.428571428571427, 13.709677419354838, 15.285714285714286]
switch 2 are []
switch 3 are []
switch 4 are []
switch 5 are []
switch 6 are []
switch 7 are []
switch 8 are [5.435897435897436, 1.0176470588235293, 9.071428571428571, 26.391304347826086, 11.818181818181818, 4.296875, 16.928571428571427, 9.821428571428571, 8.4, 15.95, 10.3, 4.638888888888889, 19.785714285714285, 13.1, 23.0, 19.916666666666668, 0.9377049180327869, 51.90909090909091, 2.80625, 6.255813953488372, 0.13649199874490117, 9.4, 0.9675324675324676, 51.5, 18.4, 4.746031746031746, 4.380952380952381, 38.8, 1.8503937007874016, 37.8, 37.8, 10.28, 15.628571428571428, 22.88, 40.833333333333336, 51.90909090909091, 4.340425531914893, 6.4625, 25.75, 23.23076923076923, 22.5, 15.142857142857142, 12.173913043478262, 27.25, 3.318840579710145, 3.7, 35.375, 1.4046511627906977, 40.833333333333336, 14.15, 5.767441860465116, 22.5, 17.8, 24.636363636363637, 3.4035087719298245, 27.25]
switch 9 are [9.142857142857142, 3.2934782608695654, 3.1133333333333333, 5.5754716981132075, 51.583333333333336, 3.5764705882352943, 2.185483870967742, 12.892857142857142, 21.035714285714285, 30.25, 21.035714285714285, 19.071428571428573, 20.0, 4.088709677419355, 34.5, 18.71875, 12.166666666666666, 5.453703703703703, 14.0, 5.946428571428571, 19.285714285714285, 15.8, 1.7904191616766467, 29.0, 12.434782608695652, 9.5, 49.38461538461539, 0.37124111536358667, 45.6, 18.47222222222222, 1.1185770750988142, 31.307692307692307, 11.352941176470589, 14.777777777777779, 6.531645569620253, 25.82608695652174, 36.86666666666667, 49.166666666666664, 23.3125, 3.3692307692307693, 35.68421052631579, 23.348837209302324, 5.843373493975903, 38.4375, 25.333333333333332, 24.708333333333332, 20.75862068965517, 9.18918918918919, 7.7125, 28.38095238095238, 5.186274509803922, 22.333333333333332, 7.763888888888889, 33.27777777777778, 0.9191176470588235, 3.6557377049180326, 6.091954022988506, 22.73076923076923, 23.26923076923077, 51.583333333333336, 1.818840579710145, 31.416666666666668, 46.333333333333336, 38.4375, 1.0446735395189004, 51.583333333333336]
switch 10 are []
switch 11 are []
switch 12 are []
switch 13 are []
switch 14 are []
switch 15 are []
switch 16 are []
switch 17 are []
switch 18 are []
switch 19 are []
switch_are_with_trim_mean [15.532396965161869, 18.063193915394113, nan, nan, nan, nan, nan, nan, 15.318143261346158, 17.834153911117703, nan, nan, nan, nan, nan, nan, nan, nan, nan, nan]
4 algo
d: 5 w: 9 k: 1
all [25.0] 

ans 25.0 

number 1 average are:  7.719706148392612 total flow 226  
number 2 average are:  19.5 total flow 1  


2-1 [28.272727272727273, 25.833333333333332, 25.5]
2-2 [25.0, 22.916666666666668, 19.5]
3-1 []
3-2 []
3-3 []
4_algo_switch_ 0 = 712
4_algo_switch_ 1 = 712
4_algo_switch_ 2 = 0
4_algo_switch_ 3 = 0
4_algo_switch_ 4 = 0
4_algo_switch_ 5 = 0
4_algo_switch_ 6 = 0
4_algo_switch_ 7 = 0
4_algo_switch_ 8 = 712
4_algo_switch_ 9 = 712
4_algo_switch_ 10 = 0
4_algo_switch_ 11 = 0
4_algo_switch_ 12 = 0
4_algo_switch_ 13 = 0
4_algo_switch_ 14 = 0
4_algo_switch_ 15 = 0
4_algo_switch_ 16 = 0
4_algo_switch_ 17 = 0
4_algo_switch_ 18 = 0
4_algo_switch_ 19 = 0
[712, 712, 0, 0, 0, 0, 0, 0, 712, 712, 0, 0, 0, 0, 0, 0, 0, 0, 0, 0]
num_of_flow_in_switch [58, 64, 0, 0, 0, 0, 0, 0, 63, 57, 0, 0, 0, 0, 0, 0, 0, 0, 0, 0]
switch 0 are [1.615, 0.8562300319488818, 0.38366336633663367, 0.7435897435897436, 3.875, 2.0, 19.636363636363637, 0.25, 1.9565217391304348, 7.785714285714286, 2.611764705882353, 12.678571428571429, 3.392857142857143, 16.25, 14.35, 8.857142857142858, 4.193548387096774, 10.5, 9.428571428571429, 5.796296296296297, 4.675, 0.09622744669218151, 11.3, 7.111111111111111, 3.8297872340425534, 16.46153846153846, 2.65625, 3.634920634920635, 7.527777777777778, 17.133333333333333, 1.8453608247422681, 14.023255813953488, 21.666666666666668, 15.4, 6.583333333333333, 8.066666666666666, 2.9019607843137254, 2.25, 24.583333333333332, 23.818181818181817, 13.470588235294118, 9.88, 9.5, 1.6594202898550725, 1.855072463768116, 7.363636363636363, 21.666666666666668, 7.806451612903226, 17.923076923076923, 1.041860465116279, 22.916666666666668, 14.133333333333333, 10.35, 25.0, 19.5, 5.886792452830188, 2.017543859649123, 19.5]
switch 1 are [0.33203125, 1.3300970873786409, 1.6026200873362446, 0.17639429312581065, 1.48, 10.464285714285714, 10.368421052631579, 7.464285714285714, 11.346153846153847, 3.380281690140845, 2.8214285714285716, 1.0746887966804979, 7.46875, 7.625, 1.0, 5.785714285714286, 18.3, 10.67741935483871, 7.8, 18.238095238095237, 15.75, 0.8293413173652695, 14.714285714285714, 15.928571428571429, 24.25, 16.25, 10.162790697674419, 19.846153846153847, 6.333333333333333, 2.018867924528302, 19.5, 3.5757575757575757, 5.173076923076923, 5.285714285714286, 1.4155844155844155, 17.0, 0.7238095238095238, 9.695652173913043, 9.25, 0.937007874015748, 22.0, 17.333333333333332, 3.6506024096385543, 11.96, 23.363636363636363, 19.833333333333332, 17.333333333333332, 4.135135135135135, 11.761904761904763, 10.185185185185185, 12.166666666666666, 9.785714285714286, 1.221311475409836, 10.291666666666666, 2.4838709677419355, 6.586206896551724, 18.75, 24.166666666666668, 2.3085106382978724, 8.151515151515152, 4.4, 12.75, 10.85, 2.116279069767442]
switch 2 are []
switch 3 are []
switch 4 are []
switch 5 are []
switch 6 are []
switch 7 are []
switch 8 are [1.7083333333333333, 18.066666666666666, 10.607142857142858, 11.652173913043478, 14.909090909090908, 3.3333333333333335, 2.25, 6.428571428571429, 6.464285714285714, 6.464285714285714, 6.464285714285714, 6.428571428571429, 5.964285714285714, 4.218181818181818, 5.933333333333334, 8.214285714285714, 2.1203703703703702, 3.5348837209302326, 8.964285714285714, 17.6, 9.9375, 13.538461538461538, 7.416666666666667, 0.9888059701492538, 0.8754098360655738, 4.42, 2.7058823529411766, 18.0, 0.79375, 15.125, 0.06495136491998744, 16.416666666666668, 3.9310344827586206, 3.3015873015873014, 5.933333333333334, 3.0952380952380953, 2.6857142857142855, 11.6, 12.866666666666667, 15.6, 8.96, 4.942857142857143, 0.45161290322580644, 7.08, 15.125, 1.648936170212766, 2.225, 13.333333333333334, 10.61111111111111, 9.833333333333334, 6.769230769230769, 14.75, 8.0, 7.782608695652174, 13.538461538461538, 4.735294117647059, 11.625, 6.742857142857143, 22.916666666666668, 14.75, 25.0, 5.709677419354839, 6.833333333333333]
switch 9 are [1.0, 19.666666666666668, 1.588235294117647, 0.9032258064516129, 8.285714285714286, 9.571428571428571, 12.75, 8.285714285714286, 2.3035714285714284, 8.892857142857142, 9.857142857142858, 6.857142857142857, 10.0, 1.8064516129032258, 4.78125, 7.666666666666667, 7.464285714285714, 7.785714285714286, 6.571428571428571, 7.428571428571429, 0.7928802588996764, 5.166666666666667, 14.416666666666666, 11.91304347826087, 5.15, 19.5, 3.9555555555555557, 1.7640449438202248, 1.173913043478261, 7.705882352941177, 5.111111111111111, 3.7974683544303796, 2.466666666666667, 17.333333333333332, 14.375, 1.3384615384615384, 18.75, 13.866666666666667, 11.421052631578947, 16.375, 6.689655172413793, 3.35, 12.11111111111111, 0.6176470588235294, 1.8505747126436782, 6.115384615384615, 2.95, 20.666666666666668, 4.068181818181818, 5.702702702702703, 0.6357388316151202, 18.75, 2.1123595505617976, 18.857142857142858, 13.80952380952381, 6.857142857142857, 7.387096774193548]
switch 10 are []
switch 11 are []
switch 12 are []
switch 13 are []
switch 14 are []
switch 15 are []
switch 16 are []
switch 17 are []
switch 18 are []
switch 19 are []
switch_are_with_trim_mean [8.622543553114363, 8.798117536312908, nan, nan, nan, nan, nan, nan, 7.865958497885418, 7.467668960335251, nan, nan, nan, nan, nan, nan, nan, nan, nan, nan]
4 algo
d: 6 w: 9 k: 1
all [20.333333333333332] 

ans 20.333333333333332 

number 1 average are:  6.93534586837269 total flow 222  
number 2 average are:  16.677692307692308 total flow 5  


2-1 [42.90909090909091, 30.866666666666667, 27.083333333333332, 26.46153846153846, 22.416666666666668, 22.416666666666668, 20.75]
2-2 [18.363636363636363, 15.266666666666667, 17.75, 16.53846153846154, 17.25, 15.583333333333334, 19.25]
3-1 []
3-2 []
3-3 []
4_algo_switch_ 0 = 712
4_algo_switch_ 1 = 712
4_algo_switch_ 2 = 0
4_algo_switch_ 3 = 0
4_algo_switch_ 4 = 0
4_algo_switch_ 5 = 0
4_algo_switch_ 6 = 0
4_algo_switch_ 7 = 0
4_algo_switch_ 8 = 714
4_algo_switch_ 9 = 710
4_algo_switch_ 10 = 0
4_algo_switch_ 11 = 0
4_algo_switch_ 12 = 0
4_algo_switch_ 13 = 0
4_algo_switch_ 14 = 0
4_algo_switch_ 15 = 0
4_algo_switch_ 16 = 0
4_algo_switch_ 17 = 0
4_algo_switch_ 18 = 0
4_algo_switch_ 19 = 0
[712, 712, 0, 0, 0, 0, 0, 0, 714, 710, 0, 0, 0, 0, 0, 0, 0, 0, 0, 0]
num_of_flow_in_switch [54, 61, 0, 0, 0, 0, 0, 0, 66, 65, 0, 0, 0, 0, 0, 0, 0, 0, 0, 0]
switch 0 are [1.06, 0.4984025559105431, 0.4628712871287129, 0.5170940170940171, 3.0, 1.8205128205128205, 19.0, 0.19705882352941176, 1.6304347826086956, 2.066666666666667, 8.035714285714286, 15.133333333333333, 17.333333333333332, 3.6363636363636362, 2.1411764705882352, 0.7741935483870968, 6.418181818181818, 6.866666666666666, 7.0, 7.428571428571429, 18.678571428571427, 17.153846153846153, 15.6875, 10.975, 0.10224166211044286, 3.396551724137931, 4.673076923076923, 5.155555555555556, 6.027777777777778, 3.238095238095238, 11.826086956521738, 13.933333333333334, 2.062992125984252, 4.43298969072165, 9.12, 5.441860465116279, 0.4767025089605735, 14.733333333333333, 8.206896551724139, 1.3404255319148937, 16.0, 19.0, 0.5477941176470589, 11.75, 7.461538461538462, 9.26086956521739, 1.2173913043478262, 1.946808510638298, 6.151515151515151, 20.083333333333332, 3.216666666666667, 14.9375, 3.134831460674157, 10.0]
switch 1 are [0.6875, 1.7864077669902914, 1.5065502183406114, 0.19844357976653695, 2.526666666666667, 9.357142857142858, 17.68421052631579, 7.928571428571429, 12.653846153846153, 11.91304347826087, 2.5492957746478875, 2.5833333333333335, 7.035714285714286, 7.678571428571429, 2.1129032258064515, 17.8125, 1.3148148148148149, 2.574074074074074, 9.607142857142858, 6.59375, 0.5792880258899676, 10.904761904761905, 1.705223880597015, 20.214285714285715, 0.5737704918032787, 4.282608695652174, 9.764705882352942, 19.454545454545453, 5.534883720930233, 18.384615384615383, 19.25, 11.15, 16.53846153846154, 7.111111111111111, 8.375, 3.013333333333333, 1.8384615384615384, 18.25, 17.75, 15.266666666666667, 5.428571428571429, 13.0625, 13.333333333333334, 1.8627450980392157, 1.0655737704918034, 2.021505376344086, 18.72222222222222, 8.0, 19.25, 3.95, 5.590909090909091, 14.1875, 1.0232558139534884, 0.8487972508591065, 3.127906976744186, 14.0, 15.583333333333334, 7.774193548387097, 5.476190476190476, 4.30188679245283, 19.25]
switch 2 are []
switch 3 are []
switch 4 are []
switch 5 are []
switch 6 are []
switch 7 are []
switch 8 are [8.321428571428571, 4.7272727272727275, 2.8588235294117648, 3.0, 3.75, 11.357142857142858, 6.642857142857143, 2.642857142857143, 6.642857142857143, 7.142857142857143, 0.8215767634854771, 10.4, 9.5, 5.5625, 5.069767441860465, 6.612903225806452, 14.6, 9.7, 6.548387096774194, 7.916666666666667, 2.9444444444444446, 4.25, 4.1, 19.454545454545453, 8.0, 1.88125, 12.125, 0.0433009099466583, 6.6, 0.6415094339622641, 9.5, 2.6507936507936507, 5.085714285714285, 1.0064935064935066, 19.25, 9.933333333333334, 8.340425531914894, 16.53846153846154, 0.680952380952381, 2.873015873015873, 1.9142857142857144, 15.266666666666667, 18.6, 8.36, 18.0, 19.727272727272727, 7.52, 3.4444444444444446, 1.925, 6.888888888888889, 11.777777777777779, 6.388888888888889, 18.166666666666668, 3.5, 7.769230769230769, 18.333333333333332, 9.0, 11.307692307692308, 1.1304347826086956, 5.0, 6.285714285714286, 16.5, 9.2, 20.333333333333332, 19.90909090909091, 2.0350877192982457]
switch 9 are [1.820754716981132, 6.107142857142857, 7.25, 6.964285714285714, 7.321428571428571, 5.571428571428571, 2.482142857142857, 5.571428571428571, 6.107142857142857, 9.05, 5.21875, 5.7, 4.75, 5.571428571428571, 7.035714285714286, 2.982142857142857, 7.321428571428571, 7.107142857142857, 6.5, 7.92, 13.5625, 0.7544910179640718, 12.5, 13.5625, 17.75, 2.5303030303030303, 1.9325842696629214, 4.111111111111111, 0.5889328063241107, 3.764705882352941, 3.015625, 1.9493670886075949, 8.0, 18.25, 15.3125, 15.583333333333334, 18.25, 17.75, 13.066666666666666, 10.736842105263158, 1.4216867469879517, 15.0625, 8.291666666666666, 15.583333333333334, 5.5, 1.1891891891891893, 2.7375, 1.9305555555555556, 6.5, 12.117647058823529, 2.954022988505747, 7.884615384615385, 8.0, 15.25, 5.757575757575758, 18.583333333333332, 5.419354838709677, 19.076923076923077, 6.054054054054054, 10.25, 18.571428571428573, 15.583333333333334, 11.428571428571429, 7.035714285714286, 7.870967741935484]
switch 10 are []
switch 11 are []
switch 12 are []
switch 13 are []
switch 14 are []
switch 15 are []
switch 16 are []
switch 17 are []
switch 18 are []
switch 19 are []
switch_are_with_trim_mean [6.6036169562289295, 8.037847383101642, nan, nan, nan, nan, nan, nan, 7.711156237191819, 7.98472646230182, nan, nan, nan, nan, nan, nan, nan, nan, nan, nan]
4 algo
d: 5 w: 3 k: 3
all [117.54545454545455] 

ans 117.54545454545455 

number 1 average are:  37.01705956948602 total flow 226  
number 2 average are:  93.41666666666667 total flow 1  


2-1 [137.63636363636363, 122.33333333333333]
2-2 [117.54545454545455, 93.41666666666667]
3-1 []
3-2 []
3-3 []
4_algo_switch_ 0 = 712
4_algo_switch_ 1 = 712
4_algo_switch_ 2 = 2
4_algo_switch_ 3 = 2
4_algo_switch_ 4 = 2
4_algo_switch_ 5 = 2
4_algo_switch_ 6 = 2
4_algo_switch_ 7 = 2
4_algo_switch_ 8 = 718
4_algo_switch_ 9 = 718
4_algo_switch_ 10 = 4
4_algo_switch_ 11 = 4
4_algo_switch_ 12 = 4
4_algo_switch_ 13 = 4
4_algo_switch_ 14 = 4
4_algo_switch_ 15 = 4
4_algo_switch_ 16 = 6
4_algo_switch_ 17 = 6
4_algo_switch_ 18 = 6
4_algo_switch_ 19 = 6
[712, 712, 2, 2, 2, 2, 2, 2, 718, 718, 4, 4, 4, 4, 4, 4, 6, 6, 6, 6]
num_of_flow_in_switch [66, 59, 0, 0, 0, 0, 0, 0, 46, 65, 0, 0, 0, 0, 0, 0, 1, 2, 1, 1]
switch 0 are [4.855, 2.619808306709265, 2.396039603960396, 3.700854700854701, 19.232142857142858, 19.96969696969697, 11.941176470588236, 41.357142857142854, 39.464285714285715, 38.285714285714285, 38.285714285714285, 38.53333333333333, 38.285714285714285, 41.357142857142854, 48.42857142857143, 25.685185185185187, 3.143712574850299, 93.41666666666667, 22.91304347826087, 22.254901960784313, 67.75, 28.275, 105.46153846153847, 43.9, 93.41666666666667, 29.488888888888887, 37.48571428571429, 90.66666666666667, 30.47222222222222, 16.703125, 16.46031746031746, 14.714285714285714, 48.26086956521739, 14.813333333333333, 77.06666666666666, 72.1875, 11.22680412371134, 96.58333333333333, 74.53333333333333, 90.46666666666667, 13.108433734939759, 72.1875, 96.58333333333333, 44.833333333333336, 36.93103448275862, 90.66666666666667, 47.03333333333333, 16.15, 39.74074074074074, 14.277777777777779, 60.111111111111114, 96.58333333333333, 39.464285714285715, 43.0, 44.61538461538461, 90.66666666666667, 23.016666666666666, 33.333333333333336, 32.333333333333336, 93.41666666666667, 17.883333333333333, 102.61538461538461, 37.48571428571429, 57.55, 93.41666666666667, 19.754716981132077]
switch 1 are [3.63671875, 5.985436893203883, 3.6375545851528384, 7.966666666666667, 41.392857142857146, 88.66666666666667, 36.92857142857143, 93.66666666666667, 15.141176470588235, 39.57142857142857, 20.581818181818182, 4.410788381742739, 34.5, 34.4, 41.392857142857146, 17.964285714285715, 48.0, 74.73333333333333, 58.35, 3.190938511326861, 73.1875, 70.0, 0.5314379442318207, 114.91666666666667, 21.07936507936508, 24.865384615384617, 55.8, 11.764044943820224, 15.857142857142858, 35.22222222222222, 14.025316455696203, 46.333333333333336, 85.93333333333334, 9.03076923076923, 93.66666666666667, 93.66666666666667, 23.697674418604652, 74.73333333333333, 117.54545454545455, 41.48, 30.555555555555557, 70.0, 13.35135135135135, 12.275, 53.095238095238095, 11.696078431372548, 58.0, 58.0, 43.25, 65.82352941176471, 38.172413793103445, 45.17391304347826, 93.66666666666667, 10.297872340425531, 24.818181818181817, 87.5, 35.645161290322584, 97.91666666666667, 33.25806451612903]
switch 2 are []
switch 3 are []
switch 4 are []
switch 5 are []
switch 6 are []
switch 7 are []
switch 8 are [13.051282051282051, 0.3968871595330739, 2.1, 10.025, 11.547619047619047, 15.46875, 22.625, 36.642857142857146, 58.85, 36.642857142857146, 36.642857142857146, 31.9375, 16.0, 91.07692307692308, 43.875, 26.4, 20.08, 0.316598682146219, 34.9, 83.3076923076923, 30.676470588235293, 28.916666666666668, 106.41666666666667, 8.4251968503937, 100.13333333333334, 78.84210526315789, 41.16, 30.314285714285713, 4.437275985663082, 70.61111111111111, 96.9090909090909, 3.0294117647058822, 8.811475409836065, 10.333333333333334, 4.316151202749141, 13.865168539325843, 13.988372093023257, 72.06666666666666, 51.7, 94.81818181818181, 75.92857142857143, 49.19047619047619, 34.354838709677416, 24.642857142857142, 8.614035087719298, 90.33333333333333]
switch 9 are [95.18181818181819, 11.358695652173912, 36.785714285714285, 8.981132075471699, 37.535714285714285, 40.5, 15.47887323943662, 10.701612903225806, 37.535714285714285, 36.785714285714285, 37.535714285714285, 39.607142857142854, 19.303571428571427, 39.607142857142854, 37.535714285714285, 51.9, 8.169354838709678, 89.6875, 44.34375, 8.796296296296296, 8.796296296296296, 24.093023255813954, 50.82142857142857, 39.607142857142854, 32.71875, 33.806451612903224, 36.9, 44.48, 49.38095238095238, 4.522388059701493, 107.92857142857143, 4.0, 102.36363636363636, 74.57142857142857, 8.53125, 32.74418604651163, 66.4375, 5.786163522012578, 17.24137931034483, 15.348484848484848, 5.87012987012987, 4.735177865612648, 21.51063829787234, 5.90952380952381, 42.16, 117.54545454545455, 15.22340425531915, 12.448275862068966, 58.94444444444444, 39.69230769230769, 53.142857142857146, 40.5, 87.16666666666667, 116.3076923076923, 10.05072463768116, 7.478260869565218, 93.41666666666667, 42.529411764705884, 70.0625, 27.594594594594593, 66.4375, 3.9209302325581397, 96.5, 93.75, 37.535714285714285]
switch 10 are []
switch 11 are []
switch 12 are []
switch 13 are []
switch 14 are []
switch 15 are []
switch 16 are [0.0]
switch 17 are [0.0, 0.0]
switch 18 are [0.0]
switch 19 are [0.0]
switch_are_with_trim_mean [43.585772627464834, 41.77204512276609, nan, nan, nan, nan, nan, nan, 35.27899287445185, 37.22983250195759, nan, nan, nan, nan, nan, nan, 0.0, 0.0, 0.0, 0.0]
4 algo
d: 5 w: 6 k: 3
all [56.27272727272727] 

ans 56.27272727272727 

number 1 average are:  15.123379624325962 total flow 221  
number 2 average are:  37.85092592592592 total flow 6  


2-1 [80.46666666666667, 80.45454545454545, 70.72727272727273, 65.0, 59.166666666666664, 58.0, 57.083333333333336, 55.75]
2-2 [10.355555555555556, 42.90909090909091, 55.54545454545455, 40.25, 42.166666666666664, 49.583333333333336, 43.166666666666664, 44.166666666666664]
3-1 []
3-2 []
3-3 []
4_algo_switch_ 0 = 712
4_algo_switch_ 1 = 712
4_algo_switch_ 2 = 2
4_algo_switch_ 3 = 2
4_algo_switch_ 4 = 2
4_algo_switch_ 5 = 2
4_algo_switch_ 6 = 2
4_algo_switch_ 7 = 2
4_algo_switch_ 8 = 722
4_algo_switch_ 9 = 714
4_algo_switch_ 10 = 4
4_algo_switch_ 11 = 4
4_algo_switch_ 12 = 4
4_algo_switch_ 13 = 4
4_algo_switch_ 14 = 4
4_algo_switch_ 15 = 4
4_algo_switch_ 16 = 6
4_algo_switch_ 17 = 6
4_algo_switch_ 18 = 6
4_algo_switch_ 19 = 6
[712, 712, 2, 2, 2, 2, 2, 2, 722, 714, 4, 4, 4, 4, 4, 4, 6, 6, 6, 6]
num_of_flow_in_switch [55, 60, 0, 0, 0, 0, 0, 0, 66, 62, 0, 0, 0, 0, 0, 0, 1, 1, 1, 1]
switch 0 are [2.15, 0.5814696485623003, 0.3415841584158416, 1.876068376068376, 5.551282051282051, 44.63636363636363, 0.7382352941176471, 3.5543478260869565, 1.7083333333333333, 26.95, 24.0, 9.351851851851851, 28.3125, 1.3320895522388059, 26.083333333333332, 44.0, 11.55, 9.833333333333334, 4.603448275862069, 10.355555555555556, 12.4, 44.166666666666664, 15.823529411764707, 40.833333333333336, 20.666666666666668, 26.933333333333334, 20.291666666666668, 40.25, 8.027777777777779, 30.375, 5.3875, 16.37037037037037, 25.055555555555557, 26.88888888888889, 27.38888888888889, 31.23076923076923, 2.63768115942029, 2.398550724637681, 3.4574468085106385, 11.696969696969697, 11.696969696969697, 40.833333333333336, 49.583333333333336, 9.5, 12.378378378378379, 13.6, 29.9375, 0.9656357388316151, 44.166666666666664, 40.25, 4.941860465116279, 44.166666666666664, 23.75, 56.27272727272727, 44.166666666666664]
switch 1 are [1.3125, 1.4611650485436893, 1.7161572052401746, 0.17639429312581065, 4.1, 25.0, 14.736842105263158, 11.392857142857142, 5.678571428571429, 12.357142857142858, 37.875, 11.392857142857142, 17.5, 4.7592592592592595, 4.339285714285714, 51.642857142857146, 28.923076923076923, 20.357142857142858, 4.862745098039215, 44.0, 23.1875, 0.20393657736468015, 5.651515151515151, 5.673076923076923, 28.6, 2.466666666666667, 15.444444444444445, 4.507936507936508, 3.9240506329113924, 14.583333333333334, 50.833333333333336, 31.25, 37.31578947368421, 8.216867469879517, 36.0, 23.88, 55.54545454545455, 28.61904761904762, 6.5, 9.625, 18.27777777777778, 30.166666666666668, 38.90909090909091, 1.1102941176470589, 23.666666666666668, 5.804597701149425, 15.61111111111111, 28.423076923076923, 46.5, 48.333333333333336, 48.333333333333336, 31.416666666666668, 11.75, 17.7, 38.46666666666667, 13.161290322580646, 12.357142857142858, 9.452380952380953, 31.25, 13.161290322580646]
switch 2 are []
switch 3 are []
switch 4 are []
switch 5 are []
switch 6 are []
switch 7 are []
switch 8 are [18.6, 20.678571428571427, 4.696969696969697, 6.226190476190476, 6.141176470588236, 3.875, 20.678571428571427, 24.785714285714285, 20.678571428571427, 20.678571428571427, 9.5, 20.678571428571427, 3.190871369294606, 14.6, 9.4, 8.8, 6.231481481481482, 5.837209302325581, 10.451612903225806, 9.5, 23.321428571428573, 39.46666666666667, 29.35, 1.5275080906148868, 22.29032258064516, 27.375, 12.62, 12.195652173913043, 2.79375, 5.837209302325581, 41.5625, 3.540880503144654, 49.583333333333336, 4.365079365079365, 5.25531914893617, 7.666666666666667, 3.2, 28.608695652173914, 7.093333333333334, 39.46666666666667, 44.4, 17.375, 39.46666666666667, 49.583333333333336, 19.93103448275862, 19.12, 6.553191489361702, 7.875, 9.5, 3.043010752688172, 16.714285714285715, 22.346153846153847, 10.655172413793103, 11.782608695652174, 7.454545454545454, 49.583333333333336, 8.483870967741936, 36.9375, 30.615384615384617, 1.3395348837209302, 44.166666666666664, 42.357142857142854, 44.166666666666664, 27.904761904761905, 11.849056603773585, 4.973684210526316]
switch 9 are [11.446428571428571, 12.5, 6.443396226415095, 22.434782608695652, 43.916666666666664, 3.5211267605633805, 2.776470588235294, 2.3629032258064515, 15.357142857142858, 23.892857142857142, 19.428571428571427, 8.625, 18.25, 10.464285714285714, 5.9818181818181815, 5.185483870967742, 16.875, 15.357142857142858, 23.65625, 18.25, 13.892857142857142, 12.714285714285714, 18.25, 15.84375, 11.6, 26.238095238095237, 1.3712574850299402, 12.475, 1.062295081967213, 37.5, 32.6875, 40.46153846153846, 0.15029808597427047, 30.5, 10.355555555555556, 1.7402597402597402, 44.166666666666664, 7.617977528089888, 9.5, 16.966666666666665, 1.4861660079051384, 31.076923076923077, 4.90625, 5.095238095238095, 46.666666666666664, 4.9, 1.9763779527559056, 7.134020618556701, 37.13333333333333, 30.56, 21.542857142857144, 17.348837209302324, 1.050179211469534, 55.54545454545455, 40.25, 22.233333333333334, 8.41891891891892, 3.418032786885246, 17.88235294117647, 20.56, 8.441176470588236, 3.6853932584269664]
switch 10 are []
switch 11 are []
switch 12 are []
switch 13 are []
switch 14 are []
switch 15 are []
switch 16 are [0.0]
switch 17 are [0.0]
switch 18 are [0.0]
switch 19 are [0.0]
switch_are_with_trim_mean [18.96034128127537, 18.172800714469776, nan, nan, nan, nan, nan, nan, 16.739790598386687, 14.905267860355528, nan, nan, nan, nan, nan, nan, 0.0, 0.0, 0.0, 0.0]
[31.666666666666668, 22.25, 23.166666666666668] 41.177.161.164 210.218.218.164
4 algo
d: 5 w: 9 k: 3
all [23.166666666666668] 

ans 23.166666666666668 

number 1 average are:  7.649811466824811 total flow 218  
number 2 average are:  19.364394864394868 total flow 9  


2-1 [43.166666666666664, 37.333333333333336, 35.0, 34.214285714285715, 31.666666666666668, 29.181818181818183, 26.666666666666668, 25.416666666666668, 24.272727272727273, 23.454545454545453, 23.23076923076923, 23.23076923076923]
2-2 [21.0, 19.916666666666668, 18.615384615384617, 18.857142857142858, 18.333333333333332, 20.818181818181817, 19.416666666666668, 21.333333333333332, 19.09090909090909, 21.454545454545453, 17.0, 20.692307692307693]
3-1 [31.666666666666668]
3-2 [22.25]
3-3 [23.166666666666668]
4_algo_switch_ 0 = 712
4_algo_switch_ 1 = 712
4_algo_switch_ 2 = 2
4_algo_switch_ 3 = 2
4_algo_switch_ 4 = 2
4_algo_switch_ 5 = 2
4_algo_switch_ 6 = 2
4_algo_switch_ 7 = 2
4_algo_switch_ 8 = 720
4_algo_switch_ 9 = 716
4_algo_switch_ 10 = 4
4_algo_switch_ 11 = 4
4_algo_switch_ 12 = 4
4_algo_switch_ 13 = 4
4_algo_switch_ 14 = 4
4_algo_switch_ 15 = 4
4_algo_switch_ 16 = 6
4_algo_switch_ 17 = 6
4_algo_switch_ 18 = 6
4_algo_switch_ 19 = 6
[712, 712, 2, 2, 2, 2, 2, 2, 720, 716, 4, 4, 4, 4, 4, 4, 6, 6, 6, 6]
num_of_flow_in_switch [55, 66, 0, 0, 0, 0, 0, 0, 75, 53, 0, 0, 0, 0, 0, 0, 2, 2, 0, 0]
switch 0 are [0.44, 0.805111821086262, 0.4628712871287129, 0.38461538461538464, 4.089285714285714, 1.5769230769230769, 21.454545454545453, 0.45, 2.0652173913043477, 1.35, 16.607142857142858, 1.5471698113207548, 10.409090909090908, 23.166666666666668, 4.411764705882353, 7.964285714285714, 7.1875, 1.3518518518518519, 5.627906976744186, 6.178571428571429, 15.733333333333333, 14.0, 10.3, 19.214285714285715, 17.272727272727273, 23.0, 0.08693275013668672, 21.5, 3.5172413793103448, 5.466666666666667, 8.114285714285714, 0.549407114624506, 3.0317460317460316, 15.75, 17.75, 15.933333333333334, 9.04, 9.458333333333334, 19.916666666666668, 7.964285714285714, 0.5735294117647058, 15.764705882352942, 9.48, 18.333333333333332, 20.692307692307693, 2.3191489361702127, 18.615384615384617, 6.171428571428572, 0.6529209621993127, 13.4, 22.5, 7.096774193548387, 5.238095238095238, 15.75, 9.064516129032258]
switch 1 are [0.44140625, 0.6601941747572816, 0.6375545851528385, 0.04798962386511025, 0.9066666666666666, 12.0, 11.31578947368421, 9.107142857142858, 13.0, 23.166666666666668, 3.9295774647887325, 4.523809523809524, 7.964285714285714, 1.935483870967742, 10.714285714285714, 2.774193548387097, 9.107142857142858, 4.214285714285714, 12.178571428571429, 7.84375, 17.0, 10.142857142857142, 0.7836065573770492, 6.130434782608695, 15.714285714285714, 21.75, 0.06401004079071226, 9.933333333333334, 19.416666666666668, 2.984126984126984, 4.4423076923076925, 2.842696629213483, 7.323529411764706, 3.5625, 3.1714285714285713, 23.083333333333332, 15.733333333333333, 10.32, 14.6, 20.818181818181817, 12.28, 21.333333333333332, 7.388888888888889, 22.0625, 3.975, 3.1, 10.952380952380953, 15.777777777777779, 15.88888888888889, 15.777777777777779, 19.916666666666668, 20.272727272727273, 11.166666666666666, 2.2688172043010755, 12.5, 9.482758620689655, 9.705882352941176, 5.5, 5.266666666666667, 5.783783783783784, 1.4372093023255814, 2.393258426966292, 21.8, 20.272727272727273, 15.714285714285714, 1.912280701754386]
switch 2 are []
switch 3 are []
switch 4 are []
switch 5 are []
switch 6 are []
switch 7 are []
switch 8 are [21.454545454545453, 15.466666666666667, 7.964285714285714, 10.434782608695652, 23.166666666666668, 2.803030303030303, 5.140625, 7.964285714285714, 8.392857142857142, 9.357142857142858, 3.642857142857143, 7.821428571428571, 11.0, 7.25, 7.392857142857143, 18.125, 6.7, 10.535714285714286, 17.0, 9.458333333333334, 3.8703703703703702, 0.8263473053892215, 6.225, 19.214285714285715, 18.25, 3.7, 3.5294117647058822, 15.375, 6.6976744186046515, 7.075, 13.4375, 19.916666666666668, 21.85, 18.307692307692307, 6.305555555555555, 3.126984126984127, 9.916666666666666, 14.666666666666666, 16.533333333333335, 1.6456692913385826, 18.25, 2.5463917525773194, 23.083333333333332, 18.583333333333332, 16.466666666666665, 12.842105263157896, 6.171428571428572, 7.0, 0.5555555555555556, 18.583333333333332, 9.551724137931034, 7.703703703703703, 2.088235294117647, 12.944444444444445, 2.4305555555555554, 20.272727272727273, 1.5901639344262295, 2.5172413793103448, 9.884615384615385, 12.615384615384615, 18.25, 20.833333333333332, 20.692307692307693, 3.8333333333333335, 6.121212121212121, 22.583333333333332, 19.583333333333332, 8.870967741935484, 19.125, 17.0625, 19.916666666666668, 19.583333333333332, 2.8488372093023258, 18.25, 4.339622641509434]
switch 9 are [2.152941176470588, 1.0564516129032258, 9.035714285714286, 7.178571428571429, 7.571428571428571, 3.5535714285714284, 7.75, 3.1636363636363636, 10.1, 8.733333333333333, 6.928571428571429, 9.09375, 1.7037037037037037, 7.357142857142857, 8.785714285714286, 6.928571428571429, 0.3559870550161812, 8.0, 7.88, 16.5625, 1.1380597014925373, 1.3375, 0.9937106918238994, 19.416666666666668, 2.515151515151515, 1.6623376623376624, 5.166666666666667, 6.8, 3.723404255319149, 0.9619047619047619, 7.111111111111111, 2.4683544303797467, 11.130434782608695, 2.2, 1.1076923076923078, 2.8433734939759034, 18.9375, 20.818181818181817, 21.333333333333332, 6.633333333333334, 2.135135135135135, 2.106382978723404, 12.0, 14.19047619047619, 8.652173913043478, 18.333333333333332, 1.2971014492753623, 2.0, 6.2727272727272725, 18.615384615384617, 10.1, 9.571428571428571, 6.928571428571429]
switch 10 are []
switch 11 are []
switch 12 are []
switch 13 are []
switch 14 are []
switch 15 are []
switch 16 are [0.0, 0.0]
switch 17 are [0.0, 0.0]
switch 18 are []
switch 19 are []
switch_are_with_trim_mean [9.051917322193454, 9.340465034302646, nan, nan, nan, nan, nan, nan, 11.209808834993707, 6.530144360849306, nan, nan, nan, nan, nan, nan, 0.0, 0.0, nan, nan]
4 algo
d: 6 w: 9 k: 3
all [24.545454545454547] 

ans 24.545454545454547 

number 1 average are:  6.697414838196604 total flow 223  
number 2 average are:  14.196428571428573 total flow 4  


2-1 [35.72727272727273, 31.571428571428573, 29.75, 25.0, 24.916666666666668]
2-2 [24.545454545454547, 13.285714285714286, 12.833333333333334, 14.333333333333334, 15.333333333333334]
3-1 []
3-2 []
3-3 []
4_algo_switch_ 0 = 712
4_algo_switch_ 1 = 712
4_algo_switch_ 2 = 2
4_algo_switch_ 3 = 2
4_algo_switch_ 4 = 2
4_algo_switch_ 5 = 2
4_algo_switch_ 6 = 2
4_algo_switch_ 7 = 2
4_algo_switch_ 8 = 718
4_algo_switch_ 9 = 718
4_algo_switch_ 10 = 4
4_algo_switch_ 11 = 4
4_algo_switch_ 12 = 4
4_algo_switch_ 13 = 4
4_algo_switch_ 14 = 4
4_algo_switch_ 15 = 4
4_algo_switch_ 16 = 6
4_algo_switch_ 17 = 6
4_algo_switch_ 18 = 6
4_algo_switch_ 19 = 6
[712, 712, 2, 2, 2, 2, 2, 2, 718, 718, 4, 4, 4, 4, 4, 4, 6, 6, 6, 6]
num_of_flow_in_switch [54, 60, 0, 0, 0, 0, 0, 0, 64, 61, 0, 0, 0, 0, 0, 0, 1, 2, 1, 1]
switch 0 are [0.535, 0.6964856230031949, 0.28217821782178215, 0.24786324786324787, 4.410714285714286, 1.2692307692307692, 24.545454545454547, 0.38823529411764707, 2.119565217391304, 1.6833333333333333, 10.066666666666666, 2.0283018867924527, 5.321428571428571, 0.9529411764705882, 2.5647058823529414, 1.314516129032258, 9.428571428571429, 2.2857142857142856, 5.928571428571429, 9.428571428571429, 5.928571428571429, 10.7, 9.1, 7.761904761904762, 22.916666666666668, 21.928571428571427, 9.375, 0.027612174458738627, 5.833333333333333, 2.9523809523809526, 13.6, 1.0434782608695652, 0.9952380952380953, 1.6835443037974684, 7.913043478260869, 7.083333333333333, 2.1615384615384614, 23.333333333333332, 13.75, 13.133333333333333, 2.5180722891566263, 12.833333333333334, 6.068965517241379, 2.4583333333333335, 21.636363636363637, 10.411764705882353, 8.36, 2.6666666666666665, 10.5, 15.923076923076923, 16.083333333333332, 8.238095238095237, 6.548387096774194, 3.4150943396226414]
switch 1 are [0.11328125, 0.8203883495145631, 0.25327510917030566, 0.1880674448767834, 1.0, 8.928571428571429, 9.31578947368421, 6.0, 9.76923076923077, 9.304347826086957, 1.7605633802816902, 6.0, 6.142857142857143, 7.464285714285714, 3.5535714285714284, 7.285714285714286, 6.214285714285714, 3.5813953488372094, 7.285714285714286, 7.285714285714286, 9.09375, 20.384615384615383, 3.9, 13.285714285714286, 0.5278688524590164, 16.90909090909091, 2.590909090909091, 5.769230769230769, 1.3311688311688312, 1.7865168539325842, 7.5, 4.764705882352941, 1.3917525773195876, 17.533333333333335, 11.473684210526315, 3.558139534883721, 11.25, 20.09090909090909, 9.2, 15.333333333333334, 9.0, 1.9625, 1.7254901960784315, 9.944444444444445, 13.38888888888889, 15.333333333333334, 8.961538461538462, 18.333333333333332, 23.846153846153847, 2.0319148936170213, 6.5, 5.891891891891892, 1.6790697674418604, 1.3298969072164948, 15.833333333333334, 8.85, 15.333333333333334, 12.066666666666666, 13.0, 15.666666666666666]
switch 2 are []
switch 3 are []
switch 4 are []
switch 5 are []
switch 6 are []
switch 7 are []
switch 8 are [5.7727272727272725, 3.303030303030303, 2.328125, 9.428571428571429, 6.535714285714286, 14.9, 11.4375, 5.0625, 6.1, 7.8125, 1.5462962962962963, 2.2096774193548385, 8.821428571428571, 9.178571428571429, 17.533333333333335, 0.44983818770226536, 8.419354838709678, 10.458333333333334, 2.685185185185185, 0.6437125748502994, 3.22, 5.705882352941177, 21.375, 3.511627906976744, 1.0125786163522013, 21.833333333333332, 2.6724137931034484, 6.916666666666667, 15.23076923076923, 4.111111111111111, 3.8412698412698414, 16.583333333333332, 19.733333333333334, 12.1875, 22.166666666666668, 19.333333333333332, 4.8, 15.333333333333334, 2.8513513513513513, 1.9148936170212767, 8.476190476190476, 7.277777777777778, 9.777777777777779, 15.333333333333334, 6.25, 1.3114754098360655, 2.5057471264367814, 11.666666666666666, 6.0, 11.08695652173913, 4.2, 3.515151515151515, 5.909090909090909, 5.2272727272727275, 11.416666666666666, 9.064516129032258, 12.3125, 2.191011235955056, 2.7906976744186047, 8.7, 12.545454545454545, 15.166666666666666, 6.309523809523809, 1.8245614035087718]
switch 9 are [24.545454545454547, 7.142857142857143, 23.166666666666668, 2.3452380952380953, 7.142857142857143, 7.464285714285714, 9.607142857142858, 6.214285714285714, 5.127272727272727, 0.6307053941908713, 7.892857142857143, 0.7407407407407407, 3.232142857142857, 9.035714285714286, 11.035714285714286, 6.52, 17.5625, 0.6828358208955224, 13.285714285714286, 3.5652173913043477, 16.4375, 1.30625, 4.825, 16.53846153846154, 0.09513395297977037, 15.833333333333334, 4.533333333333333, 4.371428571428571, 18.416666666666668, 4.297872340425532, 2.890625, 10.86111111111111, 8.36111111111111, 1.8142857142857143, 3.013333333333333, 21.466666666666665, 1.1968503937007875, 10.52, 1.136200716845878, 10.52, 12.833333333333334, 14.2, 10.708333333333334, 4.833333333333333, 11.625, 2.7125, 7.444444444444445, 0.7830882352941176, 7.75, 2.247311827956989, 14.0, 10.904761904761905, 7.961538461538462, 15.416666666666666, 22.25, 2.0942028985507246, 1.3043478260869565, 16.5, 4.771428571428571, 6.214285714285714, 5.354838709677419]
switch 10 are []
switch 11 are []
switch 12 are []
switch 13 are []
switch 14 are []
switch 15 are []
switch 16 are [0.0]
switch 17 are [0.0, 0.0]
switch 18 are [0.0]
switch 19 are [0.0]
switch_are_with_trim_mean [6.330435014361876, 7.512914900784529, nan, nan, nan, nan, nan, nan, 7.520314868531894, 7.669553519353242, nan, nan, nan, nan, nan, nan, 0.0, 0.0, 0.0, 0.0]
4 algo
d: 5 w: 3 k: 5
all [95.16666666666667] 

ans 95.16666666666667 

number 1 average are:  34.23849539751746 total flow 222  
number 2 average are:  78.52640692640692 total flow 5  


2-1 [125.54545454545455, 115.0, 114.91666666666667, 102.86666666666666, 101.41666666666667, 100.27272727272727, 99.75, 98.35714285714286]
2-2 [93.72727272727273, 82.41666666666667, 86.83333333333333, 62.666666666666664, 94.83333333333333, 85.72727272727273, 92.83333333333333, 72.57142857142857]
3-1 []
3-2 []
3-3 []
4_algo_switch_ 0 = 712
4_algo_switch_ 1 = 712
4_algo_switch_ 2 = 2
4_algo_switch_ 3 = 2
4_algo_switch_ 4 = 2
4_algo_switch_ 5 = 2
4_algo_switch_ 6 = 2
4_algo_switch_ 7 = 2
4_algo_switch_ 8 = 722
4_algo_switch_ 9 = 714
4_algo_switch_ 10 = 4
4_algo_switch_ 11 = 4
4_algo_switch_ 12 = 4
4_algo_switch_ 13 = 4
4_algo_switch_ 14 = 4
4_algo_switch_ 15 = 4
4_algo_switch_ 16 = 6
4_algo_switch_ 17 = 6
4_algo_switch_ 18 = 6
4_algo_switch_ 19 = 6
[712, 712, 2, 2, 2, 2, 2, 2, 722, 714, 4, 4, 4, 4, 4, 4, 6, 6, 6, 6]
num_of_flow_in_switch [68, 67, 0, 0, 0, 0, 0, 0, 44, 63, 0, 0, 0, 0, 0, 0, 2, 2, 0, 1]
switch 0 are [4.63, 2.1853035143769968, 19.607142857142858, 12.512820512820513, 85.72727272727273, 7.783333333333333, 42.34782608695652, 7.5, 39.214285714285715, 36.642857142857146, 40.5, 34.607142857142854, 32.233333333333334, 40.214285714285715, 31.9375, 23.511627906976745, 34.607142857142854, 33.0, 80.07692307692308, 19.85185185185185, 69.375, 94.81818181818181, 70.21428571428571, 61.3125, 6.2625, 64.875, 25.837209302325583, 27.15, 0.2601192343897082, 24.822222222222223, 86.83333333333333, 51.7, 36.53333333333333, 21.425531914893618, 31.055555555555557, 31.055555555555557, 11.620253164556962, 81.86666666666666, 7.299212598425197, 86.83333333333333, 92.83333333333333, 81.86666666666666, 69.26666666666667, 89.63636363636364, 33.37931034482759, 38.88, 86.83333333333333, 13.243243243243244, 49.19047619047619, 35.925925925925924, 54.388888888888886, 63.111111111111114, 54.388888888888886, 82.08333333333333, 94.81818181818181, 8.459016393442623, 42.916666666666664, 13.28735632183908, 37.827586206896555, 95.16666666666667, 92.83333333333333, 86.83333333333333, 82.08333333333333, 51.7, 10.202247191011235, 12.093023255813954, 86.83333333333333, 31.161290322580644]
switch 1 are [4.05078125, 3.995145631067961, 3.493449781659389, 9.037735849056604, 45.77272727272727, 33.107142857142854, 37.0, 16.363636363636363, 4.020746887966805, 28.84375, 35.785714285714285, 7.842592592592593, 16.580645161290324, 35.785714285714285, 62.666666666666664, 37.92857142857143, 72.57142857142857, 19.76086956521739, 78.23076923076923, 63.3125, 84.83333333333333, 14.158730158730158, 18.807692307692307, 16.3015873015873, 83.13333333333334, 87.66666666666667, 9.608247422680412, 67.125, 40.2, 78.58333333333333, 69.93333333333334, 38.791666666666664, 29.27777777777778, 30.833333333333332, 58.6875, 10.9375, 9.686274509803921, 52.05555555555556, 38.57692307692308, 35.73076923076923, 89.83333333333333, 46.26923076923077, 40.52173913043478, 95.16666666666667, 19.483333333333334, 78.58333333333333, 31.058823529411764, 20.704545454545453, 84.83333333333333, 33.32258064516129, 63.375, 78.15384615384616, 27.756756756756758, 26.285714285714285, 58.6875, 3.1580756013745703, 84.75, 67.66666666666667, 52.2, 92.54545454545455, 67.21428571428571, 44.476190476190474, 37.0, 24.333333333333332, 8.333333333333334, 78.58333333333333, 32.193548387096776]
switch 2 are []
switch 3 are []
switch 4 are []
switch 5 are []
switch 6 are []
switch 7 are []
switch 8 are [1.3613861386138615, 3.076923076923077, 0.669260700389105, 85.72727272727273, 2.4176470588235293, 35.857142857142854, 85.0, 10.235294117647058, 19.75, 35.857142857142854, 36.92857142857143, 63.5, 50.6, 37.2, 38.75, 24.8, 87.5, 17.705882352941178, 0.5352651722252597, 30.8, 85.0, 15.46551724137931, 14.636363636363637, 29.352941176470587, 43.869565217391305, 38.791666666666664, 58.6875, 7.938461538461539, 78.5, 92.83333333333333, 62.6, 53.31578947368421, 26.285714285714285, 21.186046511627907, 10.506024096385541, 3.164874551971326, 59.705882352941174, 48.142857142857146, 72.38461538461539, 6.478260869565218, 30.272727272727273, 30.272727272727273, 3.9395348837209303, 17.0188679245283]
switch 9 are [11.793478260869565, 8.22, 91.8, 41.035714285714285, 20.075757575757574, 13.011904761904763, 12.847058823529412, 17.390625, 41.035714285714285, 48.714285714285715, 48.67857142857143, 26.446428571428573, 53.892857142857146, 41.035714285714285, 48.392857142857146, 57.85, 10.153225806451612, 68.15, 45.36666666666667, 47.6875, 14.555555555555555, 48.67857142857143, 41.035714285714285, 20.017857142857142, 48.714285714285715, 48.392857142857146, 62.666666666666664, 47.03125, 3.9741100323624594, 45.36666666666667, 64.85714285714286, 4.735074626865671, 3.6646706586826348, 72.57142857142857, 3.5639344262295083, 22.54, 9.566037735849056, 84.83333333333333, 43.25714285714286, 8.980519480519481, 86.83333333333333, 16.269662921348313, 31.694444444444443, 4.466403162055336, 89.53846153846153, 5.585714285714285, 23.015625, 21.07936507936508, 15.814285714285715, 17.546666666666667, 54.32, 13.712765957446809, 13.7125, 75.83333333333333, 18.208333333333332, 94.81818181818181, 48.67857142857143, 3.327205882352941, 13.96774193548387, 54.68, 9.079710144927537, 13.797872340425531, 22.183333333333334]
switch 10 are []
switch 11 are []
switch 12 are []
switch 13 are []
switch 14 are []
switch 15 are []
switch 16 are [0.0, 0.0]
switch 17 are [0.0, 0.0]
switch 18 are []
switch 19 are [0.0]
switch_are_with_trim_mean [45.050717089642845, 42.11144588209932, nan, nan, nan, nan, nan, nan, 33.96046928306021, 32.4187578126064, nan, nan, nan, nan, nan, nan, 0.0, 0.0, nan, 0.0]
4 algo
d: 5 w: 6 k: 5
all [48.666666666666664] 

ans 48.666666666666664 

number 1 average are:  15.323073743898409 total flow 223  
number 2 average are:  39.56250000000001 total flow 4  


2-1 [67.66666666666667, 67.41666666666667, 66.27272727272727, 60.833333333333336, 60.666666666666664, 53.733333333333334, 52.0, 49.916666666666664]
2-2 [47.666666666666664, 39.916666666666664, 44.63636363636363, 42.083333333333336, 44.25, 35.4, 39.0, 45.25]
3-1 []
3-2 []
3-3 []
4_algo_switch_ 0 = 712
4_algo_switch_ 1 = 712
4_algo_switch_ 2 = 2
4_algo_switch_ 3 = 2
4_algo_switch_ 4 = 2
4_algo_switch_ 5 = 2
4_algo_switch_ 6 = 2
4_algo_switch_ 7 = 2
4_algo_switch_ 8 = 720
4_algo_switch_ 9 = 716
4_algo_switch_ 10 = 4
4_algo_switch_ 11 = 4
4_algo_switch_ 12 = 4
4_algo_switch_ 13 = 4
4_algo_switch_ 14 = 4
4_algo_switch_ 15 = 4
4_algo_switch_ 16 = 6
4_algo_switch_ 17 = 6
4_algo_switch_ 18 = 6
4_algo_switch_ 19 = 6
[712, 712, 2, 2, 2, 2, 2, 2, 720, 716, 4, 4, 4, 4, 4, 4, 6, 6, 6, 6]
num_of_flow_in_switch [48, 65, 0, 0, 0, 0, 0, 0, 60, 70, 0, 0, 0, 0, 0, 0, 2, 2, 0, 0]
switch 0 are [2.295, 1.415335463258786, 0.8267326732673267, 1.1452991452991452, 9.553571428571429, 6.641025641025641, 30.0, 0.8764705882352941, 2.8043478260869565, 2.375, 22.266666666666666, 3.011764705882353, 6.581818181818182, 35.9375, 11.178571428571429, 5.089285714285714, 20.107142857142858, 9.733333333333333, 20.8125, 10.82, 44.63636363636363, 19.125, 4.287878787878788, 7.944444444444445, 1.1422924901185771, 5.359375, 40.833333333333336, 1.5354330708661417, 38.4, 6.120481927710843, 48.666666666666664, 40.833333333333336, 10.925925925925926, 3.1147540983606556, 19.58823529411765, 2.6666666666666665, 17.944444444444443, 45.25, 45.25, 8.25, 48.25, 33.6875, 5.930232558139535, 28.8, 45.25, 27.142857142857142, 8.471698113207546, 4.5964912280701755]
switch 1 are [1.89453125, 0.7572815533980582, 1.445414847161572, 0.7107652399481194, 3.0733333333333333, 19.0, 17.42105263157895, 13.821428571428571, 25.115384615384617, 21.47826086956522, 8.253521126760564, 17.464285714285715, 19.071428571428573, 19.75, 16.5, 11.066666666666666, 15.15625, 17.464285714285715, 18.5, 20.84, 25.666666666666668, 1.039344262295082, 39.0, 2.81875, 42.166666666666664, 6.155172413793103, 42.083333333333336, 21.633333333333333, 15.972222222222221, 13.38888888888889, 3.430379746835443, 21.47826086956522, 5.8933333333333335, 36.333333333333336, 42.083333333333336, 42.166666666666664, 26.210526315789473, 21.4, 15.057142857142857, 31.3125, 38.46666666666667, 46.0, 13.48, 16.233333333333334, 5.986486486486487, 25.761904761904763, 18.444444444444443, 18.444444444444443, 6.777777777777778, 35.5, 28.166666666666668, 30.818181818181817, 1.1764705882352942, 20.53846153846154, 20.615384615384617, 14.217391304347826, 45.25, 11.575757575757576, 6.954545454545454, 10.316666666666666, 1.5395348837209302, 45.833333333333336, 3.662921348314607, 42.083333333333336, 7.333333333333333]
switch 2 are []
switch 3 are []
switch 4 are []
switch 5 are []
switch 6 are []
switch 7 are []
switch 8 are [25.5, 36.45454545454545, 5.757575757575758, 8.694117647058823, 4.796875, 15.142857142857142, 23.964285714285715, 25.5, 5.857142857142857, 25.5, 1.900414937759336, 14.066666666666666, 22.1875, 12.290322580645162, 41.32142857142857, 23.964285714285715, 48.46666666666667, 48.45, 20.84375, 1.401294498381877, 6.296296296296297, 1.4580838323353293, 8.372549019607844, 39.0, 7.930232558139535, 0.15249450894257924, 0.2946965554948059, 11.366666666666667, 6.079365079365079, 17.244444444444444, 18.142857142857142, 6.8936170212765955, 33.76923076923077, 2.3285714285714287, 6.587301587301587, 4.485714285714286, 40.833333333333336, 36.333333333333336, 26.875, 42.083333333333336, 23.412371134020617, 31.0, 29.133333333333333, 31.96, 48.666666666666664, 27.310344827586206, 22.1875, 6.4361702127659575, 9.3, 9.3, 37.833333333333336, 17.285714285714285, 12.241379310344827, 28.53846153846154, 2.898550724637681, 2.9468085106382977, 10.96774193548387, 27.53846153846154, 1.0309278350515463, 17.55]
switch 9 are [11.357142857142858, 4.311320754716981, 44.0, 6.011904761904762, 1.8709677419354838, 24.107142857142858, 8.642857142857142, 11.357142857142858, 11.357142857142858, 11.714285714285714, 16.55, 3.7016129032258065, 11.535714285714286, 11.357142857142858, 4.398148148148148, 4.453703703703703, 7.046511627906977, 15.892857142857142, 22.35483870967742, 28.692307692307693, 23.291666666666668, 1.4253731343283582, 16.575, 24.071428571428573, 31.166666666666668, 10.73913043478261, 44.63636363636363, 32.75, 9.85, 42.30769230769231, 32.75, 2.3962264150943398, 45.916666666666664, 9.326923076923077, 3.220779220779221, 28.15, 5.617977528089888, 9.176470588235293, 5.888888888888889, 13.416666666666666, 35.0, 3.330769230769231, 38.266666666666666, 16.209302325581394, 1.6523297491039426, 22.458333333333332, 8.75, 4.715686274509804, 11.714285714285714, 22.458333333333332, 7.080459770114943, 21.52, 45.25, 19.76923076923077, 35.166666666666664, 2.0579710144927534, 11.787878787878787, 27.833333333333332, 12.911764705882353, 14.216216216216216, 15.085714285714285, 32.75, 44.0, 35.0, 48.09090909090909, 41.07142857142857, 10.161290322580646, 11.535714285714286, 31.166666666666668, 10.161290322580646]
switch 10 are []
switch 11 are []
switch 12 are []
switch 13 are []
switch 14 are []
switch 15 are []
switch 16 are [0.0, 0.0]
switch 17 are [0.0, 0.0]
switch 18 are []
switch 19 are []
switch_are_with_trim_mean [15.651682806309092, 18.28456554620767, nan, nan, nan, nan, nan, nan, 17.70969322609687, 17.22147961273369, nan, nan, nan, nan, nan, nan, 0.0, 0.0, nan, nan]
[23.818181818181817, 23.09090909090909, 23.272727272727273] 41.177.26.176 122.39.210.202
4 algo
d: 5 w: 9 k: 5
all [23.272727272727273] 

ans 23.272727272727273 

number 1 average are:  7.3608175913223155 total flow 221  
number 2 average are:  15.363247863247864 total flow 6  


2-1 [57.25, 45.416666666666664, 27.75, 27.75, 26.291666666666668, 26.0, 25.454545454545453, 25.125, 24.0, 23.818181818181817]
2-2 [19.333333333333332, 17.166666666666668, 20.916666666666668, 18.166666666666668, 9.583333333333334, 19.90909090909091, 16.90909090909091, 11.833333333333334, 13.846153846153847, 18.0]
3-1 [23.818181818181817]
3-2 [23.09090909090909]
3-3 [23.272727272727273]
4_algo_switch_ 0 = 712
4_algo_switch_ 1 = 712
4_algo_switch_ 2 = 2
4_algo_switch_ 3 = 2
4_algo_switch_ 4 = 2
4_algo_switch_ 5 = 2
4_algo_switch_ 6 = 2
4_algo_switch_ 7 = 2
4_algo_switch_ 8 = 720
4_algo_switch_ 9 = 716
4_algo_switch_ 10 = 4
4_algo_switch_ 11 = 4
4_algo_switch_ 12 = 4
4_algo_switch_ 13 = 4
4_algo_switch_ 14 = 4
4_algo_switch_ 15 = 4
4_algo_switch_ 16 = 6
4_algo_switch_ 17 = 6
4_algo_switch_ 18 = 6
4_algo_switch_ 19 = 6
[712, 712, 2, 2, 2, 2, 2, 2, 720, 716, 4, 4, 4, 4, 4, 4, 6, 6, 6, 6]
num_of_flow_in_switch [57, 60, 0, 0, 0, 0, 0, 0, 68, 61, 0, 0, 0, 0, 0, 0, 3, 1, 0, 1]
switch 0 are [0.43, 0.17252396166134185, 0.17326732673267325, 0.28205128205128205, 5.232142857142857, 2.8333333333333335, 16.545454545454547, 0.09705882352941177, 1.7934782608695652, 7.857142857142857, 16.133333333333333, 1.7735849056603774, 11.545454545454545, 22.0, 1.4588235294117646, 2.611764705882353, 1.2096774193548387, 2.28125, 9.678571428571429, 4.482142857142857, 7.321428571428571, 11.4, 3.5652173913043477, 18.09090909090909, 4.825, 13.846153846153847, 20.416666666666668, 2.9365079365079363, 7.485714285714286, 21.833333333333332, 1.348314606741573, 2.6984126984126986, 18.8, 11.0625, 1.2615384615384615, 15.083333333333334, 22.0, 12.933333333333334, 4.514285714285714, 0.6308243727598566, 16.5, 23.272727272727273, 10.5, 6.148148148148148, 13.277777777777779, 13.277777777777779, 18.0, 2.413793103448276, 7.4, 6.0606060606060606, 14.5, 15.083333333333334, 2.5697674418604652, 19.466666666666665, 19.90909090909091, 11.238095238095237, 19.666666666666668]
switch 1 are [0.3046875, 0.7718446601941747, 0.30131004366812225, 0.22957198443579765, 0.5866666666666667, 7.5, 15.210526315789474, 10.0, 11.884615384615385, 13.565217391304348, 2.9859154929577465, 9.392857142857142, 8.59375, 2.509259259259259, 1.5740740740740742, 9.678571428571429, 8.193548387096774, 18.692307692307693, 9.92, 10.791666666666666, 13.761904761904763, 18.09090909090909, 19.785714285714285, 1.0, 18.375, 6.441860465116279, 8.1, 22.583333333333332, 5.689655172413793, 1.2012987012987013, 15.95, 9.527777777777779, 7.25, 2.962025316455696, 11.833333333333334, 21.75, 22.75, 5.767441860465116, 2.433734939759036, 17.625, 23.272727272727273, 8.413793103448276, 10.32, 15.0, 12.222222222222221, 22.583333333333332, 18.0, 1.3852459016393444, 2.064516129032258, 4.116666666666666, 2.1595744680851063, 20.333333333333332, 7.323529411764706, 7.258064516129032, 5.918918918918919, 6.8, 13.15, 2.1235955056179776, 5.095238095238095, 4.811320754716981]
switch 2 are []
switch 3 are []
switch 4 are []
switch 5 are []
switch 6 are []
switch 7 are []
switch 8 are [1.1916666666666667, 7.214285714285714, 2.893939393939394, 8.535714285714286, 7.214285714285714, 3.5714285714285716, 5.892857142857143, 7.392857142857143, 3.1818181818181817, 0.6514522821576764, 8.65, 6.8, 5.666666666666667, 6.558139534883721, 5.892857142857143, 10.107142857142858, 8.821428571428571, 14.333333333333334, 9.071428571428571, 6.8, 2.925925925925926, 0.8805970149253731, 3.825, 4.019607843137255, 15.4375, 13.846153846153847, 1.509433962264151, 4.711111111111111, 6.066666666666666, 3.893617021276596, 20.153846153846153, 8.558823529411764, 3.859375, 4.555555555555555, 5.1, 10.173913043478262, 2.56, 1.220472440944882, 13.4, 16.533333333333335, 9.52, 14.666666666666666, 23.272727272727273, 21.916666666666668, 9.333333333333334, 1.65, 13.80952380952381, 6.714285714285714, 9.666666666666666, 12.055555555555555, 9.576923076923077, 10.142857142857142, 6.448275862068965, 8.391304347826088, 18.5, 18.692307692307693, 1.318840579710145, 6.787878787878788, 20.333333333333332, 3.5833333333333335, 13.846153846153847, 13.6875, 0.8093023255813954, 19.90909090909091, 12.785714285714286, 15.666666666666666, 6.142857142857143, 6.548387096774194]
switch 9 are [22.0, 2.261904761904762, 7.535714285714286, 6.642857142857143, 6.321428571428571, 7.178571428571429, 9.607142857142858, 3.0357142857142856, 8.5, 16.65, 18.5, 5.40625, 7.3125, 2.8548387096774195, 10.142857142857142, 7.15625, 0.8025889967637541, 12.3125, 0.9610778443113772, 13.642857142857142, 21.833333333333332, 0.5606557377049181, 3.26, 11.8125, 0.06934421085660496, 0.11153635866593767, 20.416666666666668, 3.9393939393939394, 2.9423076923076925, 21.833333333333332, 1.2648221343873518, 1.7, 3.142857142857143, 11.833333333333334, 18.8, 2.0618556701030926, 22.0, 17.57894736842105, 7.56, 10.5, 8.055555555555555, 3.4054054054054053, 1.2659574468085106, 2.325, 4.46078431372549, 2.3194444444444446, 14.38888888888889, 0.7794117647058824, 15.294117647058824, 10.423076923076923, 18.083333333333332, 7.8076923076923075, 16.833333333333332, 3.036231884057971, 4.931818181818182, 0.7731958762886598, 17.833333333333332, 16.833333333333332, 10.95, 6.290322580645161, 1.736842105263158]
switch 10 are []
switch 11 are []
switch 12 are []
switch 13 are []
switch 14 are []
switch 15 are []
switch 16 are [0.0, 0.0, 0.0]
switch 17 are [0.0]
switch 18 are []
switch 19 are [0.0]
switch_are_with_trim_mean [8.920241517971258, 8.988555221544322, nan, nan, nan, nan, nan, nan, 8.198180053541549, 7.956999030032943, nan, nan, nan, nan, nan, nan, 0.0, 0.0, nan, 0.0]
4 algo
d: 6 w: 9 k: 5
all [21.75] 

ans 21.75 

number 1 average are:  6.773519927243078 total flow 223  
number 2 average are:  17.8125 total flow 4  


2-1 [26.90909090909091, 24.0, 23.583333333333332, 22.75, 22.333333333333332, 21.083333333333332, 21.083333333333332]
2-2 [19.363636363636363, 20.75, 19.166666666666668, 16.083333333333332, 18.666666666666668, 17.333333333333332, 21.0]
3-1 []
3-2 []
3-3 []
4_algo_switch_ 0 = 712
4_algo_switch_ 1 = 712
4_algo_switch_ 2 = 2
4_algo_switch_ 3 = 2
4_algo_switch_ 4 = 2
4_algo_switch_ 5 = 2
4_algo_switch_ 6 = 2
4_algo_switch_ 7 = 2
4_algo_switch_ 8 = 718
4_algo_switch_ 9 = 718
4_algo_switch_ 10 = 4
4_algo_switch_ 11 = 4
4_algo_switch_ 12 = 4
4_algo_switch_ 13 = 4
4_algo_switch_ 14 = 4
4_algo_switch_ 15 = 4
4_algo_switch_ 16 = 6
4_algo_switch_ 17 = 6
4_algo_switch_ 18 = 6
4_algo_switch_ 19 = 6
[712, 712, 2, 2, 2, 2, 2, 2, 718, 718, 4, 4, 4, 4, 4, 4, 6, 6, 6, 6]
num_of_flow_in_switch [55, 62, 0, 0, 0, 0, 0, 0, 59, 67, 0, 0, 0, 0, 0, 0, 0, 0, 2, 1]
switch 0 are [1.085, 0.8466453674121406, 0.22277227722772278, 0.5854700854700855, 2.8214285714285716, 2.0641025641025643, 17.636363636363637, 0.36176470588235293, 1.8695652173913044, 1.7083333333333333, 8.428571428571429, 16.6, 1.1603773584905661, 8.590909090909092, 20.166666666666668, 2.4242424242424243, 1.4758064516129032, 6.5, 1.4193548387096775, 17.4375, 16.083333333333332, 4.906976744186046, 14.76923076923077, 0.40476190476190477, 4.412698412698413, 17.833333333333332, 21.0, 18.666666666666668, 21.0, 15.266666666666667, 8.04, 11.8125, 5.833333333333333, 15.75, 12.555555555555555, 1.9305555555555556, 16.583333333333332, 10.166666666666666, 12.176470588235293, 1.7471264367816093, 1.7311827956989247, 13.666666666666666, 11.5, 9.047619047619047, 16.833333333333332, 6.393939393939394, 4.090909090909091, 21.75, 13.0, 4.783783783783784, 15.5625, 0.8093023255813954, 19.166666666666668, 9.25, 7.071428571428571]
switch 1 are [0.98828125, 1.1796116504854368, 0.4978165938864629, 0.17769130998702984, 1.38, 7.071428571428571, 8.578947368421053, 7.821428571428571, 7.615384615384615, 8.565217391304348, 3.0422535211267605, 7.0, 9.428571428571429, 8.107142857142858, 7.666666666666667, 1.6388888888888888, 10.357142857142858, 7.071428571428571, 6.0625, 16.23076923076923, 8.04, 7.708333333333333, 4.314814814814815, 4.225, 16.083333333333332, 19.363636363636363, 0.88125, 17.25, 2.95, 13.0, 17.333333333333332, 4.136363636363637, 9.45, 5.277777777777778, 5.966666666666667, 0.4031620553359684, 6.872340425531915, 3.6470588235294117, 3.0625, 7.777777777777778, 5.222222222222222, 2.2911392405063293, 6.057142857142857, 19.363636363636363, 2.85, 2.65, 9.11111111111111, 9.11111111111111, 10.23076923076923, 6.586206896551724, 1.289855072463768, 5.666666666666667, 16.416666666666668, 2.033333333333333, 0.7010309278350515, 2.764044943820225, 1.9651162790697674, 12.166666666666666, 15.75, 19.363636363636363, 5.741935483870968, 17.666666666666668]
switch 2 are []
switch 3 are []
switch 4 are []
switch 5 are []
switch 6 are []
switch 7 are []
switch 8 are [7.285714285714286, 2.1176470588235294, 3.640625, 7.285714285714286, 4.267857142857143, 9.535714285714286, 7.428571428571429, 2.4363636363636365, 8.866666666666667, 9.571428571428571, 6.375, 1.7777777777777777, 3.395348837209302, 7.428571428571429, 3.2142857142857144, 0.2783171521035599, 6.483870967741935, 0.6916167664670658, 4.18, 4.130434782608695, 0.09075997813012575, 17.333333333333332, 0.5714285714285714, 14.75, 2.337078651685393, 3.9682539682539684, 3.657142857142857, 4.093333333333334, 16.266666666666666, 15.1875, 1.8, 2.0412371134020617, 18.666666666666668, 21.0, 8.947368421052632, 1.7951807228915662, 0.6236559139784946, 8.44, 19.363636363636363, 7.137931034482759, 8.84, 5.555555555555555, 3.054054054054054, 1.6170212765957446, 8.37037037037037, 1.5392156862745099, 18.22222222222222, 20.09090909090909, 1.3524590163934427, 10.538461538461538, 2.933333333333333, 2.4680851063829787, 21.75, 13.538461538461538, 6.571428571428571, 19.166666666666668, 15.866666666666667, 3.7735849056603774, 7.709677419354839]
switch 9 are [1.6823529411764706, 2.142857142857143, 7.714285714285714, 14.214285714285714, 7.571428571428571, 6.142857142857143, 8.107142857142858, 2.5357142857142856, 6.071428571428571, 6.857142857142857, 11.75, 0.6390041493775933, 15.5, 6.625, 7.571428571428571, 5.875, 6.392857142857143, 9.214285714285714, 8.071428571428571, 6.857142857142857, 9.35, 7.5, 9.857142857142858, 1.1156716417910448, 21.071428571428573, 0.580327868852459, 3.7058823529411766, 21.071428571428573, 13.0, 12.75, 0.06652023846877941, 7.133333333333334, 1.2452830188679245, 17.666666666666668, 3.9310344827586206, 3.2857142857142856, 4.5, 3.4444444444444446, 5.285714285714286, 8.0, 7.25, 16.6, 0.7637795275590551, 16.0, 12.8, 3.6511627906976742, 17.333333333333332, 12.2, 7.333333333333333, 20.25, 11.095238095238095, 7.714285714285714, 0.5367647058823529, 8.76, 8.384615384615385, 8.0, 17.333333333333332, 14.23076923076923, 1.4130434782608696, 6.5, 7.225806451612903, 19.333333333333332, 13.142857142857142, 15.5, 9.476190476190476, 4.714285714285714, 1.6491228070175439]
switch 10 are []
switch 11 are []
switch 12 are []
switch 13 are []
switch 14 are []
switch 15 are []
switch 16 are []
switch 17 are []
switch 18 are [0.0, 0.0]
switch 19 are [0.0]
switch_are_with_trim_mean [8.745200230256067, 6.784666731225823, nan, nan, nan, nan, nan, nan, 6.89375269184032, 8.088349666706845, nan, nan, nan, nan, nan, nan, nan, nan, 0.0, 0.0]
