4 algo
d: 5 w: 3 k: 1
all [11.583333333333334] 

ans 11.583333333333334 

number 1 average are:  3.545694376269641 total flow 216  
number 2 average are:  7.949431881250064 total flow 11  


2-1 [28.0, 22.333333333333332, 21.928571428571427, 19.75, 17.818181818181817, 16.5, 15.933333333333334, 15.6, 15.0, 14.333333333333334, 12.833333333333334, 12.75, 12.666666666666666]
2-2 [6.833333333333333, 10.083333333333334, 8.142857142857142, 9.5, 8.545454545454545, 6.666666666666667, 5.2, 7.666666666666667, 8.692307692307692, 7.75, 6.722222222222222, 11.583333333333334, 9.166666666666666]
3-1 []
3-2 []
3-3 []
4_algo_switch_ 0 = 295
4_algo_switch_ 1 = 210
4_algo_switch_ 2 = 113
4_algo_switch_ 3 = 231
4_algo_switch_ 4 = 108
4_algo_switch_ 5 = 142
4_algo_switch_ 6 = 158
4_algo_switch_ 7 = 167
4_algo_switch_ 8 = 440
4_algo_switch_ 9 = 442
4_algo_switch_ 10 = 318
4_algo_switch_ 11 = 322
4_algo_switch_ 12 = 240
4_algo_switch_ 13 = 240
4_algo_switch_ 14 = 304
4_algo_switch_ 15 = 308
4_algo_switch_ 16 = 296
4_algo_switch_ 17 = 296
4_algo_switch_ 18 = 300
4_algo_switch_ 19 = 298
[295, 210, 113, 231, 108, 142, 158, 167, 440, 442, 318, 322, 240, 240, 304, 308, 296, 296, 300, 298]
num_of_flow_in_switch [10, 13, 7, 11, 12, 13, 15, 15, 12, 11, 10, 12, 12, 12, 18, 14, 14, 12, 14, 15]
switch 0 are [0.095, 0.31629392971246006, 0.13106796116504854, 7.928571428571429, 3.75, 8.5, 1.1111111111111112, 1.551948051948052, 0.8714285714285714, 10.083333333333334]
switch 1 are [0.5512820512820513, 3.7142857142857144, 3.7142857142857144, 4.25, 3.7142857142857144, 8.692307692307692, 0.03263256981487292, 0.23715415019762845, 1.0632911392405062, 4.041666666666667, 7.388888888888889, 11.583333333333334, 10.307692307692308]
switch 2 are [0.9464285714285714, 0.675, 0.2033195020746888, 3.0, 5.375, 8.272727272727273, 3.129032258064516]
switch 3 are [0.75390625, 0.0311284046692607, 0.28, 2.9696969696969697, 7.392857142857143, 5.857142857142857, 3.1176470588235294, 6.666666666666667, 10.052631578947368, 1.4137931034482758, 1.0614035087719298]
switch 4 are [3.392857142857143, 3.392857142857143, 9.25, 0.9577464788732394, 3.2857142857142856, 1.24, 7.2, 6.6875, 3.0, 6.5, 7.2, 5.35]
switch 5 are [0.849009900990099, 0.2222222222222222, 0.26176470588235295, 10.0625, 10.333333333333334, 2.257142857142857, 0.4014336917562724, 4.666666666666667, 1.45, 4.230769230769231, 10.333333333333334, 3.3846153846153846, 3.857142857142857]
switch 6 are [0.34497816593886466, 11.454545454545455, 0.5652173913043478, 4.105263157894737, 2.4642857142857144, 5.95, 4.48, 2.5428571428571427, 6.722222222222222, 6.611111111111111, 1.9393939393939394, 2.914285714285714, 0.41924398625429554, 10.5, 5.85]
switch 7 are [7.666666666666667, 1.0, 1.9294117647058824, 1.7419354838709677, 0.5988023952095808, 8.142857142857142, 9.6, 1.797752808988764, 9.5, 3.372549019607843, 7.388888888888889, 1.0289855072463767, 1.326086956521739, 2.382978723404255, 10.083333333333334]
switch 8 are [4.5, 1.0892857142857142, 0.5833333333333334, 2.4, 2.260869565217391, 3.361111111111111, 0.5538461538461539, 9.466666666666667, 11.5, 10.333333333333334, 6.3125, 6.142857142857143]
switch 9 are [4.043478260869565, 1.3035714285714286, 1.1451612903225807, 8.125, 1.6142857142857143, 4.043478260869565, 2.395348837209302, 8.666666666666666, 3.0, 11.583333333333334, 2.1132075471698113]
switch 10 are [2.65625, 3.64, 4.523809523809524, 6.75, 9.166666666666666, 1.8372093023255813, 0.9375, 0.6987951807228916, 3.0, 2.25]
switch 11 are [3.8214285714285716, 3.21875, 1.5092592592592593, 4.678571428571429, 0.2912621359223301, 1.7, 3.68, 5.882352941176471, 0.7096774193548387, 2.774193548387097, 3.183333333333333, 1.1395348837209303]
switch 12 are [0.4339622641509434, 1.4404761904761905, 5.8, 3.5714285714285716, 4.428571428571429, 1.2857142857142858, 8.142857142857142, 2.015873015873016, 1.1587301587301588, 7.75, 0.9574468085106383, 4.44]
switch 13 are [5.954545454545454, 4.035714285714286, 3.107142857142857, 10.75, 4.333333333333333, 10.0, 0.36082474226804123, 0.7432432432432432, 0.7625, 7.846153846153846, 8.583333333333334, 8.583333333333334]
switch 14 are [8.071428571428571, 4.571428571428571, 6.0, 1.8604651162790697, 9.166666666666666, 0.07217058501913615, 4.404255319148936, 9.4, 6.0, 8.75, 5.56, 6.833333333333333, 7.076923076923077, 4.3478260869565215, 1.7333333333333334, 3.727272727272727, 0.6186046511627907, 1.9285714285714286]
switch 15 are [4.423076923076923, 0.4274193548387097, 3.5, 5.75, 0.8262295081967214, 8.692307692307692, 2.2586206896551726, 8.4, 9.636363636363637, 3.2, 8.833333333333334, 6.833333333333333, 0.3125, 0.8032786885245902]
switch 16 are [3.1785714285714284, 3.1785714285714284, 3.2666666666666666, 10.636363636363637, 0.2389937106918239, 2.6538461538461537, 8.75, 2.25, 0.4409448818897638, 9.5, 1.25, 3.0454545454545454, 9.5, 9.5]
switch 17 are [2.2363636363636363, 3.7, 2.357142857142857, 2.642857142857143, 0.525, 3.45, 7.75, 6.0, 2.7777777777777777, 6.833333333333333, 7.0, 0.9887640449438202]
switch 18 are [7.666666666666667, 1.34375, 6.3125, 2.9, 3.6875, 7.2, 3.875, 0.8636363636363636, 4.566666666666666, 9.833333333333334, 3.642857142857143, 4.857142857142857, 3.911764705882353, 8.75]
switch 19 are [4.9, 3.3548387096774195, 8.0, 1.5, 0.39925373134328357, 4.75, 1.8666666666666667, 7.153846153846154, 1.7058823529411764, 6.666666666666667, 9.636363636363637, 4.571428571428571, 8.636363636363637, 6.571428571428571, 3.4193548387096775]
switch_are_with_trim_mean [3.0200526317420837, 4.334103639921171, 3.0859296577564357, 3.2792348397119304, 4.724892857142858, 3.7958526025726416, 4.235683106123786, 4.375239458673733, 4.64499568668047, 3.9227818572935615, 3.1993461032668886, 2.641474844405546, 3.284824045930429, 5.3949299686799685, 5.040631805156564, 4.49563329360554, 4.709504592083332, 3.7986238792418563, 4.892820669934641, 4.853575089825272]
4 algo
d: 5 w: 6 k: 1
all [3.909090909090909] 

ans 3.909090909090909 

number 1 average are:  0.7333006095268679 total flow 215  
number 2 average are:  1.918321608946609 total flow 12  


2-1 [14.827586206896552, 10.0, 8.4, 8.321428571428571, 8.0625, 7.230769230769231, 5.25, 5.133333333333334, 4.909090909090909, 4.5, 4.25, 4.125]
2-2 [1.0, 1.2857142857142858, 2.4, 0.5714285714285714, 2.1875, 2.0, 2.5833333333333335, 2.6666666666666665, 2.5454545454545454, 1.5714285714285714, 2.0833333333333335, 2.125]
3-1 []
3-2 []
3-3 []
4_algo_switch_ 0 = 295
4_algo_switch_ 1 = 210
4_algo_switch_ 2 = 113
4_algo_switch_ 3 = 231
4_algo_switch_ 4 = 108
4_algo_switch_ 5 = 142
4_algo_switch_ 6 = 158
4_algo_switch_ 7 = 167
4_algo_switch_ 8 = 440
4_algo_switch_ 9 = 442
4_algo_switch_ 10 = 322
4_algo_switch_ 11 = 318
4_algo_switch_ 12 = 242
4_algo_switch_ 13 = 238
4_algo_switch_ 14 = 306
4_algo_switch_ 15 = 306
4_algo_switch_ 16 = 300
4_algo_switch_ 17 = 296
4_algo_switch_ 18 = 294
4_algo_switch_ 19 = 300
[295, 210, 113, 231, 108, 142, 158, 167, 440, 442, 322, 318, 242, 238, 306, 306, 300, 296, 294, 300]
num_of_flow_in_switch [14, 11, 12, 12, 11, 14, 12, 13, 12, 12, 12, 11, 14, 11, 13, 12, 17, 10, 12, 16]
switch 0 are [0.07, 0.08945686900958466, 0.1553398058252427, 0.25, 1.0869565217391304, 1.2857142857142858, 0.30357142857142855, 1.3571428571428572, 0.22580645161290322, 0.3, 2.0, 0.29896907216494845, 2.0, 2.375]
switch 1 are [0.5641025641025641, 0.5357142857142857, 1.0357142857142858, 0.35714285714285715, 0.3090909090909091, 0.5714285714285714, 0.35714285714285715, 0.7419354838709677, 0.12313432835820895, 0.24285714285714285, 1.7391304347826086]
switch 2 are [0.10714285714285714, 0.06666666666666667, 0.0995850622406639, 0.0625, 0.12962962962962962, 1.2857142857142858, 0.09061488673139159, 2.5833333333333335, 0.053763440860215055, 1.5294117647058822, 3.142857142857143, 0.8709677419354839]
switch 3 are [0.0625, 0.05188067444876784, 0.23333333333333334, 0.16666666666666666, 1.5, 0.6071428571428571, 0.71875, 0.4375, 0.24, 0.16666666666666666, 2.6666666666666665, 0.3218390804597701]
switch 4 are [0.8214285714285714, 0.35714285714285715, 0.5833333333333334, 0.2112676056338028, 0.45, 0.6428571428571429, 0.16875, 1.0625, 0.12698412698412698, 0.5714285714285714, 0.8]
switch 5 are [0.30198019801980197, 0.18803418803418803, 0.11764705882352941, 0.3018867924528302, 3.6818181818181817, 0.10714285714285714, 0.4642857142857143, 0.08333333333333333, 2.4166666666666665, 0.1595744680851064, 3.8, 2.0, 0.24719101123595505, 0.9285714285714286]
switch 6 are [0.0, 2.4545454545454546, 0.10869565217391304, 0.5263157894736842, 1.2857142857142858, 0.16666666666666666, 1.2857142857142858, 0.8214285714285714, 0.5, 2.1875, 0.3404255319148936, 0.9]
switch 7 are [1.5333333333333334, 0.023529411764705882, 0.18823529411764706, 0.375, 0.13953488372093023, 0.37425149700598803, 3.0, 1.0, 0.9130434782608695, 0.09420289855072464, 0.5209302325581395, 0.8041237113402062, 2.1666666666666665]
switch 8 are [0.42857142857142855, 0.32142857142857145, 0.7, 0.6428571428571429, 0.037037037037037035, 0.21739130434782608, 1.4545454545454546, 0.08441558441558442, 0.5833333333333334, 2.4, 1.9166666666666667, 2.0]
switch 9 are [1.55, 1.5833333333333333, 1.1428571428571428, 2.125, 0.26666666666666666, 0.019762845849802372, 0.20253164556962025, 0.15714285714285714, 2.5454545454545454, 0.45, 0.7619047619047619, 3.1666666666666665]
switch 10 are [0.9047619047619048, 1.5, 0.9803921568627451, 0.09302325581395349, 2.5833333333333335, 0.06153846153846154, 0.6024096385542169, 2.625, 0.9090909090909091, 0.7045454545454546, 2.090909090909091, 0.2894736842105263]
switch 11 are [0.6785714285714286, 2.0833333333333335, 1.1333333333333333, 0.3333333333333333, 2.1578947368421053, 1.4, 0.7647058823529411, 1.032258064516129, 0.15, 0.12790697674418605, 0.5283018867924528]
switch 12 are [0.39285714285714285, 0.17857142857142858, 1.2857142857142858, 1.5714285714285714, 1.75, 1.9714285714285715, 0.14285714285714285, 0.5333333333333333, 2.4375, 1.0384615384615385, 1.8125, 2.6666666666666665, 1.8571428571428572, 1.4285714285714286]
switch 13 are [0.6071428571428571, 0.35714285714285715, 0.7692307692307693, 2.0833333333333335, 0.3918918918918919, 1.4615384615384615, 1.25, 0.5675675675675675, 1.5, 0.967741935483871, 3.4166666666666665]
switch 14 are [0.7142857142857143, 0.8928571428571429, 0.03333333333333333, 2.75, 0.2, 0.43333333333333335, 0.05660377358490566, 0.33707865168539325, 2.2, 0.6, 1.4814814814814814, 0.4, 2.0]
switch 15 are [0.6923076923076923, 0.016129032258064516, 0.0, 0.25, 0.5645161290322581, 0.5714285714285714, 0.0, 2.125, 0.0, 0.06666666666666667, 0.18604651162790697, 0.7222222222222222]
switch 16 are [1.5714285714285714, 0.007530593034201443, 0.38095238095238093, 0.3269230769230769, 1.1388888888888888, 0.2440944881889764, 2.4, 2.6666666666666665, 2.1875, 1.8333333333333333, 1.5555555555555556, 0.875, 0.6111111111111112, 3.2777777777777777, 0.7307692307692307, 1.8333333333333333, 1.9166666666666667]
switch 17 are [1.025, 0.02569710224166211, 0.1276595744680851, 0.359375, 0.1388888888888889, 0.68, 0.8620689655172413, 0.2125, 1.3888888888888888, 0.75]
switch 18 are [3.125, 0.54, 1.3125, 1.0833333333333333, 2.5454545454545454, 0.5333333333333333, 0.6666666666666666, 0.051470588235294115, 1.2857142857142858, 1.0, 0.8787878787878788, 0.7428571428571429]
switch 19 are [3.3076923076923075, 0.5172413793103449, 1.6153846153846154, 0.38235294117647056, 1.25, 2.8666666666666667, 1.32, 1.25, 0.47058823529411764, 3.909090909090909, 0.1721311475409836, 0.26881720430107525, 3.0555555555555554, 2.0, 0.2391304347826087, 1.8333333333333333]
switch_are_with_trim_mean [0.7794131076483651, 0.5239032174516045, 0.6825566228100195, 0.44543986042692935, 0.5118008979804755, 0.9095665470946882, 0.81224607830863, 0.7372110905049549, 0.8349209486166007, 1.0784890952928927, 1.0657939428082135, 0.900426362470328, 1.3547924297924299, 1.066494090687639, 0.84687637247527, 0.3069316825543383, 1.3514815535878528, 0.5194365536092769, 1.0588647186147184, 1.4554830481069356]
4 algo
d: 5 w: 9 k: 1
all [1.25] 

ans 1.25 

number 1 average are:  0.25896023796647455 total flow 210  
number 2 average are:  0.6139718799245654 total flow 17  


2-1 [4.5, 2.75, 2.347826086956522, 2.1785714285714284, 2.0, 1.6875, 1.7777777777777777, 2.0, 1.6666666666666667, 1.6428571428571428, 1.625, 1.6, 2.1666666666666665, 1.5833333333333333, 2.1666666666666665, 1.3333333333333333, 1.2857142857142858, 1.2727272727272727, 2.0]
2-2 [0.9285714285714286, 1.1666666666666667, 0.391304347826087, 0.32142857142857145, 0.1875, 0.9375, 0.7222222222222222, 1.2307692307692308, 0.3333333333333333, 0.2857142857142857, 1.0625, 0.9, 0.9166666666666666, 1.0, 0.8333333333333334, 0.25, 0.2857142857142857, 0.2727272727272727, 0.6785714285714286]
3-1 []
3-2 []
3-3 []
4_algo_switch_ 0 = 295
4_algo_switch_ 1 = 210
4_algo_switch_ 2 = 113
4_algo_switch_ 3 = 231
4_algo_switch_ 4 = 108
4_algo_switch_ 5 = 142
4_algo_switch_ 6 = 158
4_algo_switch_ 7 = 167
4_algo_switch_ 8 = 442
4_algo_switch_ 9 = 440
4_algo_switch_ 10 = 318
4_algo_switch_ 11 = 322
4_algo_switch_ 12 = 242
4_algo_switch_ 13 = 238
4_algo_switch_ 14 = 308
4_algo_switch_ 15 = 304
4_algo_switch_ 16 = 300
4_algo_switch_ 17 = 296
4_algo_switch_ 18 = 294
4_algo_switch_ 19 = 300
[295, 210, 113, 231, 108, 142, 158, 167, 442, 440, 318, 322, 242, 238, 308, 304, 300, 296, 294, 300]
num_of_flow_in_switch [19, 18, 7, 19, 12, 14, 18, 18, 13, 9, 11, 8, 11, 9, 14, 18, 12, 7, 11, 10]
switch 0 are [0.21, 0.1501597444089457, 0.0, 1.2142857142857142, 0.5217391304347826, 0.0, 0.7142857142857143, 0.39285714285714285, 0.0, 0.8928571428571429, 0.65, 0.5357142857142857, 0.0, 0.3333333333333333, 0.5, 1.0769230769230769, 1.0, 1.0625, 1.2307692307692308]
switch 1 are [0.6025641025641025, 1.1785714285714286, 0.25, 0.2857142857142857, 0.6545454545454545, 0.8571428571428571, 0.5357142857142857, 0.0967741935483871, 0.20833333333333334, 0.06343283582089553, 0.075, 0.7692307692307693, 0.03333333333333333, 0.34782608695652173, 1.1666666666666667, 0.08333333333333333, 1.25, 0.6428571428571429]
switch 2 are [0.10714285714285714, 0.0, 0.07053941908713693, 0.40625, 0.1388888888888889, 0.0, 0.125]
switch 3 are [0.1171875, 0.03372243839169909, 0.04666666666666667, 0.14285714285714285, 0.2857142857142857, 0.07575757575757576, 0.0, 0.17857142857142858, 0.6875, 0.1875, 0.24, 0.047619047619047616, 0.37037037037037035, 0.0, 0.0, 0.05263157894736842, 0.3218390804597701, 0.13333333333333333, 0.05263157894736842]
switch 4 are [0.21428571428571427, 0.2857142857142857, 0.08333333333333333, 0.0, 0.3, 0.0, 0.10714285714285714, 0.32142857142857145, 0.03571428571428571, 0.8461538461538461, 0.06875, 0.875]
switch 5 are [0.0024752475247524753, 0.03418803418803419, 0.17941176470588235, 0.2727272727272727, 0.2619047619047619, 0.5357142857142857, 0.0, 0.0, 0.08333333333333333, 0.46153846153846156, 0.23809523809523808, 0.06976744186046512, 0.4, 0.0967741935483871]
switch 6 are [0.039301310043668124, 0.18181818181818182, 0.0, 1.0526315789473684, 1.1538461538461537, 0.2727272727272727, 0.6785714285714286, 0.07142857142857142, 0.0, 0.0, 0.0, 0.8666666666666667, 0.003278688524590164, 0.025, 0.3055555555555556, 0.3333333333333333, 0.05405405405405406, 0.14285714285714285]
switch 7 are [0.0, 0.8235294117647058, 0.0, 0.11290322580645161, 0.078125, 0.0, 0.32558139534883723, 0.03293413173652695, 0.9166666666666666, 0.10606060606060606, 0.9, 0.6666666666666666, 1.1818181818181819, 0.0392156862745098, 0.9090909090909091, 0.6956521739130435, 0.25, 0.027491408934707903]
switch 8 are [0.2857142857142857, 0.021739130434782608, 0.9090909090909091, 0.004706620646375902, 0.047619047619047616, 0.09740259740259741, 0.25, 0.6666666666666666, 0.125, 0.7222222222222222, 1.0625, 1.2307692307692308, 0.42857142857142855]
switch 9 are [0.07258064516129033, 0.03333333333333333, 1.1428571428571428, 0.05172413793103448, 0.08888888888888889, 0.05928853754940711, 0.13924050632911392, 0.05714285714285714, 0.26666666666666666]
switch 10 are [0.046511627906976744, 0.4166666666666667, 0.1875, 0.1076923076923077, 0.1927710843373494, 0.9375, 0.375, 0.0, 0.0, 0.2727272727272727, 0.45454545454545453]
switch 11 are [0.1875, 0.032362459546925564, 0.25, 1.0666666666666667, 0.0035842293906810036, 0.08, 0.21212121212121213, 0.16981132075471697]
switch 12 are [0.12264150943396226, 0.32142857142857145, 0.32142857142857145, 0.9285714285714286, 0.22857142857142856, 0.047619047619047616, 0.23809523809523808, 0.3404255319148936, 0.04, 0.4375, 0.033707865168539325]
switch 13 are [0.625, 0.25, 0.25, 1.0833333333333333, 0.013513513513513514, 0.3888888888888889, 0.75, 0.25, 0.5]
switch 14 are [1.1071428571428572, 0.26666666666666666, 0.9285714285714286, 0.0016402405686167304, 0.36666666666666664, 0.23270440251572327, 0.056179775280898875, 0.0, 1.0666666666666667, 0.1111111111111111, 0.2833333333333333, 0.03255813953488372, 0.5, 0.14285714285714285]
switch 15 are [0.5217391304347826, 0.4838709677419355, 0.9166666666666666, 0.28, 1.0625, 0.9, 0.4666666666666667, 0.24, 0.627906976744186, 1.0, 0.36666666666666664, 0.3333333333333333, 0.5714285714285714, 0.10344827586206896, 0.05319148936170213, 0.9166666666666666, 1.25, 0.8333333333333334]
switch 16 are [0.6785714285714286, 0.25984251968503935, 0.3333333333333333, 0.9375, 0.4375, 0.20833333333333334, 0.7222222222222222, 0.5, 0.15384615384615385, 0.028985507246376812, 0.4166666666666667, 0.20454545454545456]
switch 17 are [0.05555555555555555, 0.12, 0.75, 0.08571428571428572, 0.0, 0.5, 0.25]
switch 18 are [0.3333333333333333, 1.1666666666666667, 0.5, 0.2777777777777778, 0.051470588235294115, 0.15384615384615385, 0.11764705882352941, 0.3225806451612903, 0.2857142857142857, 0.4166666666666667, 0.2903225806451613]
switch 19 are [0.08823529411764706, 0.09278350515463918, 1.0, 0.0, 0.3333333333333333, 0.12295081967213115, 1.1176470588235294, 0.16129032258064516, 0.043478260869565216, 0.8333333333333334]
switch_are_with_trim_mean [0.5443914873588316, 0.4886066734999665, 0.12111730930269757, 0.13449423691976806, 0.22625228937728936, 0.1750179791188824, 0.25170148653298957, 0.36774483014147696, 0.41968420797472183, 0.21241363509552608, 0.22815715709733642, 0.25025573606002527, 0.23307887761019033, 0.4567484150817484, 0.33241296448109486, 0.6015142034715548, 0.39148611122036325, 0.25160997732426305, 0.2997653891075776, 0.3344256086326618]
4 algo
d: 6 w: 9 k: 1
all [1.625] 

ans 1.625 

number 1 average are:  0.21813753805109815 total flow 219  
number 2 average are:  0.6073848026973028 total flow 8  


2-1 [4.625, 3.272727272727273, 2.769230769230769, 2.75, 2.0833333333333335, 2.0833333333333335, 1.8125, 1.75, 1.6666666666666667, 1.6666666666666667]
2-2 [0.6875, 0.45454545454545453, 0.5384615384615384, 0.17857142857142858, 0.4166666666666667, 0.8333333333333334, 1.625, 0.9166666666666666, 0.8333333333333334, 1.25]
3-1 []
3-2 []
3-3 []
4_algo_switch_ 0 = 295
4_algo_switch_ 1 = 210
4_algo_switch_ 2 = 113
4_algo_switch_ 3 = 231
4_algo_switch_ 4 = 108
4_algo_switch_ 5 = 142
4_algo_switch_ 6 = 158
4_algo_switch_ 7 = 167
4_algo_switch_ 8 = 442
4_algo_switch_ 9 = 440
4_algo_switch_ 10 = 322
4_algo_switch_ 11 = 318
4_algo_switch_ 12 = 242
4_algo_switch_ 13 = 238
4_algo_switch_ 14 = 308
4_algo_switch_ 15 = 304
4_algo_switch_ 16 = 300
4_algo_switch_ 17 = 298
4_algo_switch_ 18 = 296
4_algo_switch_ 19 = 296
[295, 210, 113, 231, 108, 142, 158, 167, 442, 440, 322, 318, 242, 238, 308, 304, 300, 298, 296, 296]
num_of_flow_in_switch [19, 18, 8, 16, 15, 16, 14, 17, 12, 18, 11, 7, 10, 11, 12, 13, 10, 6, 7, 9]
switch 0 are [0.2, 0.0, 0.2524271844660194, 0.35714285714285715, 0.2608695652173913, 0.6071428571428571, 0.0, 0.0, 0.5, 0.0, 0.15, 0.6, 0.027777777777777776, 1.5, 0.6666666666666666, 0.2, 1.625, 0.7692307692307693, 0.2903225806451613]
switch 1 are [0.11538461538461539, 0.5, 0.6785714285714286, 0.17857142857142858, 0.2909090909090909, 0.32142857142857145, 0.39285714285714285, 0.2903225806451613, 0.7083333333333334, 0.2462686567164179, 0.05, 0.6875, 0.0009413241292751804, 0.019762845849802372, 0.2, 0.1724137931034483, 1.25, 0.6666666666666666]
switch 2 are [0.0, 0.09166666666666666, 0.024896265560165973, 0.09375, 0.0, 0.32142857142857145, 0.0, 0.08333333333333333]
switch 3 are [0.0, 0.08171206225680934, 0.22666666666666666, 1.1428571428571428, 0.0, 0.9642857142857143, 1.0, 0.125, 0.03125, 0.16, 0.047619047619047616, 0.05555555555555555, 0.3333333333333333, 0.0625, 0.1935483870967742, 0.13333333333333333]
switch 4 are [0.03571428571428571, 0.14285714285714285, 0.8333333333333334, 0.38028169014084506, 0.4, 0.0, 0.25, 0.5357142857142857, 0.5384615384615384, 0.0125, 0.6875, 0.015873015873015872, 1.0, 0.02857142857142857, 0.6]
switch 5 are [0.0, 0.021367521367521368, 0.17352941176470588, 0.03773584905660377, 0.09090909090909091, 0.0, 0.25, 0.0, 0.14285714285714285, 0.0625, 0.4166666666666667, 0.0, 0.0, 0.46153846153846156, 0.046511627906976744, 0.10714285714285714]
switch 6 are [0.017467248908296942, 0.45454545454545453, 0.30434782608695654, 0.3157894736842105, 0.07692307692307693, 0.03571428571428571, 0.03571428571428571, 0.17857142857142858, 0.0, 0.13333333333333333, 1.2142857142857142, 0.4666666666666667, 0.1, 0.0032804811372334607]
switch 7 are [0.4666666666666667, 0.21176470588235294, 0.5294117647058824, 0.25806451612903225, 0.40625, 0.5625, 0.0, 0.03225806451612903, 0.15568862275449102, 0.0, 0.16, 1.1428571428571428, 0.6875, 0.0, 0.012578616352201259, 0.46078431372549017, 0.2872340425531915]
switch 8 are [0.5714285714285714, 0.021739130434782608, 0.7272727272727273, 0.031746031746031744, 0.09090909090909091, 0.004761904761904762, 0.3333333333333333, 0.0, 0.06299212598425197, 1.0666666666666667, 0.4583333333333333, 1.625]
switch 9 are [0.0, 0.8, 0.05, 0.9230769230769231, 0.0, 0.35555555555555557, 0.0, 1.3846153846153846, 0.08823529411764706, 0.012658227848101266, 0.43478260869565216, 0.14432989690721648, 0.4, 0.8333333333333334, 0.6111111111111112, 0.01639344262295082, 1.25, 0.6428571428571429]
switch 10 are [0.125, 0.37209302325581395, 0.34615384615384615, 0.09375, 0.007692307692307693, 0.18072289156626506, 0.041666666666666664, 0.027777777777777776, 0.06896551724137931, 0.11363636363636363, 0.08771929824561403]
switch 11 are [0.45454545454545453, 0.17857142857142858, 0.4, 0.2631578947368421, 0.08823529411764706, 0.09433962264150944, 0.0967741935483871]
switch 12 are [0.8333333333333334, 0.17857142857142858, 0.3142857142857143, 0.19047619047619047, 1.0833333333333333, 0.1595744680851064, 0.4, 0.3076923076923077, 0.75, 0.42857142857142855]
switch 13 are [0.4444444444444444, 0.05017921146953405, 0.0, 0.03571428571428571, 0.038461538461538464, 0.25, 0.0, 0.9166666666666666, 0.3, 0.4166666666666667, 0.16666666666666666]
switch 14 are [0.2857142857142857, 0.16853932584269662, 0.0, 0.0, 1.2, 0.4074074074074074, 0.5, 0.08695652173913043, 0.1, 0.36363636363636365, 0.018604651162790697, 0.030927835051546393]
switch 15 are [0.006557377049180328, 0.13636363636363635, 0.6, 0.0, 0.3333333333333333, 0.48, 0.046511627906976744, 0.8333333333333334, 0.16666666666666666, 0.09191176470588236, 0.2222222222222222, 0.3333333333333333, 0.3]
switch 16 are [0.0, 0.5833333333333334, 0.1875, 0.013888888888888888, 0.1111111111111111, 0.08695652173913043, 0.6666666666666666, 0.8333333333333334, 0.16666666666666666, 0.2727272727272727]
switch 17 are [0.08, 0.0, 0.0375, 0.0, 0.10112359550561797, 0.047619047619047616]
switch 18 are [0.5384615384615384, 0.25, 0.45454545454545453, 0.02702702702702703, 0.0, 0.6190476190476191, 0.06060606060606061]
switch 19 are [0.4166666666666667, 0.6, 0.47619047619047616, 0.9090909090909091, 0.35294117647058826, 0.07526881720430108, 0.06521739130434782, 0.13513513513513514, 0.9166666666666666]
switch_are_with_trim_mean [0.3753870740170294, 0.3449368846273192, 0.07688435462359217, 0.2439145785819453, 0.34313897851275965, 0.09637286911939753, 0.17686279677376907, 0.28204675421902914, 0.3369182915870693, 0.41014584600785214, 0.12059915125421251, 0.22508912688018126, 0.4253663003663004, 0.1891258681581262, 0.1961786390554221, 0.24699090559829376, 0.26110630764163373, 0.04437377385411093, 0.2785268142411, 0.43857524874767667]
[16.866666666666667, 10.933333333333334, 11.333333333333334] 246.142.202.211 246.142.202.202
4 algo
d: 5 w: 3 k: 3
all [11.333333333333334] 

ans 11.333333333333334 

number 1 average are:  3.604601110140349 total flow 212  
number 2 average are:  7.71025410749095 total flow 15  


2-1 [26.545454545454547, 21.666666666666668, 21.5, 17.454545454545453, 15.916666666666666, 15.909090909090908, 15.363636363636363, 14.071428571428571, 13.88888888888889, 13.666666666666666, 13.166666666666666, 12.785714285714286, 11.833333333333334, 11.818181818181818, 11.6875, 11.6, 11.421052631578947]
2-2 [9.272727272727273, 8.666666666666666, 9.083333333333334, 9.636363636363637, 10.416666666666666, 8.727272727272727, 9.363636363636363, 3.5, 5.444444444444445, 8.0, 7.083333333333333, 9.571428571428571, 6.166666666666667, 9.363636363636363, 5.8125, 7.733333333333333, 5.842105263157895]
3-1 [16.866666666666667]
3-2 [10.933333333333334]
3-3 [11.333333333333334]
4_algo_switch_ 0 = 295
4_algo_switch_ 1 = 210
4_algo_switch_ 2 = 113
4_algo_switch_ 3 = 231
4_algo_switch_ 4 = 108
4_algo_switch_ 5 = 142
4_algo_switch_ 6 = 158
4_algo_switch_ 7 = 167
4_algo_switch_ 8 = 442
4_algo_switch_ 9 = 440
4_algo_switch_ 10 = 322
4_algo_switch_ 11 = 318
4_algo_switch_ 12 = 242
4_algo_switch_ 13 = 238
4_algo_switch_ 14 = 302
4_algo_switch_ 15 = 310
4_algo_switch_ 16 = 296
4_algo_switch_ 17 = 300
4_algo_switch_ 18 = 296
4_algo_switch_ 19 = 298
[295, 210, 113, 231, 108, 142, 158, 167, 442, 440, 322, 318, 242, 238, 302, 310, 296, 300, 296, 298]
num_of_flow_in_switch [12, 14, 10, 8, 10, 10, 12, 13, 10, 14, 12, 11, 17, 15, 12, 19, 14, 13, 17, 15]
switch 0 are [1.465, 0.7731629392971247, 0.12135922330097088, 2.8214285714285716, 3.9130434782608696, 6.642857142857143, 4.717391304347826, 1.3103448275862069, 0.5974025974025974, 2.7666666666666666, 3.652173913043478, 6.533333333333333]
switch 1 are [1.8846153846153846, 3.5, 7.035714285714286, 3.1785714285714284, 0.9636363636363636, 0.4032258064516129, 4.928571428571429, 3.15, 1.0158102766798418, 0.8476190476190476, 0.4810126582278481, 3.5, 1.4488188976377954, 8.0]
switch 2 are [1.25, 0.24166666666666667, 3.5, 10.454545454545455, 7.083333333333333, 0.8674698795180723, 0.5949820788530465, 6.411764705882353, 5.928571428571429, 2.225806451612903]
switch 3 are [0.6953125, 0.02594033722438392, 0.13333333333333333, 1.5909090909090908, 3.0357142857142856, 1.2156862745098038, 4.947368421052632, 0.9655172413793104]
switch 4 are [2.892857142857143, 3.142857142857143, 9.666666666666666, 4.45, 5.8125, 3.607142857142857, 0.7936507936507936, 0.7866666666666666, 2.3142857142857145, 5.8125]
switch 5 are [0.2747524752475248, 0.41452991452991456, 0.3352941176470588, 0.8207547169811321, 1.0238095238095237, 10.416666666666666, 7.083333333333333, 1.4125, 5.8, 5.538461538461538]
switch 6 are [0.21397379912663755, 9.272727272727273, 1.0326086956521738, 9.692307692307692, 5.233333333333333, 0.13114754098360656, 11.333333333333334, 4.944444444444445, 6.277777777777778, 2.1166666666666667, 1.2765957446808511, 5.484848484848484]
switch 7 are [7.733333333333333, 0.4588235294117647, 1.3176470588235294, 0.4274193548387097, 1.890625, 10.0625, 6.7, 11.333333333333334, 3.96, 8.727272727272727, 1.5694444444444444, 6.166666666666667, 0.3713235294117647]
switch 8 are [1.2142857142857142, 4.35, 3.1, 0.7870370370370371, 0.9464285714285714, 0.7857142857142857, 8.727272727272727, 9.583333333333334, 8.083333333333334, 7.916666666666667]
switch 9 are [3.0714285714285716, 3.0357142857142856, 1.3035714285714286, 3.0357142857142856, 2.6, 4.4, 0.8144329896907216, 5.277777777777778, 6.166666666666667, 9.363636363636363, 7.0625, 10.0, 10.916666666666666, 1.0087719298245614]
switch 10 are [0.1908713692946058, 2.09375, 3.21875, 4.68, 7.875, 10.454545454545455, 6.615384615384615, 0.36153846153846153, 2.96, 3.5, 0.6274509803921569, 2.227272727272727]
switch 11 are [3.3214285714285716, 3.1785714285714284, 2.65625, 0.32407407407407407, 9.083333333333334, 1.9230769230769231, 1.21875, 9.083333333333334, 1.2795698924731183, 2.6666666666666665, 9.636363636363637]
switch 12 are [5.842105263157895, 1.6901408450704225, 3.2857142857142856, 10.0, 10.666666666666666, 6.5, 6.958333333333333, 2.189189189189189, 1.2, 9.61111111111111, 4.783783783783784, 9.0, 1.3707865168539326, 7.0, 6.0, 4.0, 9.0]
switch 13 are [4.318181818181818, 7.178571428571429, 3.3214285714285716, 3.1785714285714284, 9.571428571428571, 0.25625, 6.3125, 2.25, 1.1746031746031746, 7.066666666666666, 3.6538461538461537, 8.0, 6.0476190476190474, 1.0465116279069768, 11.333333333333334]
switch 14 are [5.842105263157895, 8.5, 4.72093023255814, 0.27044025157232704, 8.952380952380953, 9.583333333333334, 6.214285714285714, 9.461538461538462, 0.5144927536231884, 0.6159420289855072, 0.9302325581395349, 0.993127147766323]
switch 15 are [7.733333333333333, 3.607142857142857, 9.178571428571429, 3.4375, 1.1129032258064515, 4.071428571428571, 0.3208955223880597, 9.083333333333334, 2.225, 0.057408419901585565, 9.6, 5.235294117647059, 11.333333333333334, 9.75, 3.7777777777777777, 6.888888888888889, 6.277777777777778, 9.916666666666666, 6.1]
switch 16 are [3.5714285714285716, 3.4285714285714284, 4.904761904761905, 1.9767441860465116, 0.038280514590524006, 1.6507936507936507, 2.4444444444444446, 2.75, 9.666666666666666, 9.333333333333334, 4.333333333333333, 9.333333333333334, 3.3548387096774195, 1.7166666666666666]
switch 17 are [9.272727272727273, 3.8214285714285716, 4.25, 0.30538922155688625, 1.6, 7.6923076923076925, 2.7142857142857144, 7.666666666666667, 4.88, 2.2285714285714286, 6.0625, 4.068965517241379, 3.0]
switch 18 are [5.8125, 8.133333333333333, 0.33980582524271846, 5.741935483870968, 8.291666666666666, 1.537037037037037, 9.571428571428571, 10.416666666666666, 2.0757575757575757, 3.2888888888888888, 1.053191489361702, 4.956521739130435, 10.307692307692308, 3.323529411764706, 9.636363636363637, 8.80952380952381, 2.8867924528301887]
switch 19 are [4.035714285714286, 9.846153846153847, 1.0337078651685394, 2.0638297872340425, 10.916666666666666, 10.916666666666666, 8.6, 8.6, 2.2790697674418605, 9.8125, 3.9310344827586206, 9.363636363636363, 0.4344262295081967, 10.75, 2.4761904761904763]
switch_are_with_trim_mean [2.8549947631366672, 2.661197480939452, 3.482740984721392, 1.576222685515355, 3.603224206349206, 2.8035853930953127, 4.554528391156533, 4.45579382861738, 4.3906280062530065, 4.693815109111161, 3.415914678458796, 3.8234422387648195, 5.815410955214264, 4.85537911452491, 4.6745035112435716, 5.783324323574248, 4.066520796865883, 4.362247780954677, 5.6950774935766555, 6.439115656997286]
4 algo
d: 5 w: 6 k: 3
all [5.133333333333334] 

ans 5.133333333333334 

number 1 average are:  0.9067884692806188 total flow 219  
number 2 average are:  1.9768533549783551 total flow 8  


2-1 [21.466666666666665, 21.0, 13.35, 10.0, 9.0, 9.0, 7.833333333333333, 7.357142857142857, 6.035714285714286]
2-2 [5.133333333333334, 2.3636363636363638, 1.35, 1.625, 2.5833333333333335, 2.75, 3.25, 0.9642857142857143, 0.9285714285714286]
3-1 []
3-2 []
3-3 []
4_algo_switch_ 0 = 295
4_algo_switch_ 1 = 210
4_algo_switch_ 2 = 113
4_algo_switch_ 3 = 231
4_algo_switch_ 4 = 108
4_algo_switch_ 5 = 142
4_algo_switch_ 6 = 158
4_algo_switch_ 7 = 167
4_algo_switch_ 8 = 442
4_algo_switch_ 9 = 440
4_algo_switch_ 10 = 318
4_algo_switch_ 11 = 322
4_algo_switch_ 12 = 238
4_algo_switch_ 13 = 242
4_algo_switch_ 14 = 304
4_algo_switch_ 15 = 308
4_algo_switch_ 16 = 296
4_algo_switch_ 17 = 296
4_algo_switch_ 18 = 298
4_algo_switch_ 19 = 300
[295, 210, 113, 231, 108, 142, 158, 167, 442, 440, 318, 322, 238, 242, 304, 308, 296, 296, 298, 300]
num_of_flow_in_switch [14, 14, 8, 15, 11, 10, 14, 17, 12, 13, 11, 12, 11, 13, 13, 15, 8, 10, 13, 14]
switch 0 are [0.43, 0.08945686900958466, 0.13592233009708737, 2.9130434782608696, 1.0357142857142858, 0.0, 0.0, 0.9642857142857143, 1.8790322580645162, 0.9666666666666667, 0.0, 0.7, 0.2608695652173913, 0.10309278350515463]
switch 1 are [0.0641025641025641, 0.5, 1.8571428571428572, 0.509090909090909, 1.0, 0.5714285714285714, 0.5483870967741935, 0.325, 0.16233766233766234, 1.7916666666666667, 2.2, 2.5, 2.0, 2.3846153846153846]
switch 2 are [1.2321428571428572, 0.24166666666666667, 0.04564315352697095, 0.5625, 0.4642857142857143, 0.05177993527508091, 1.625, 3.0]
switch 3 are [0.30859375, 0.07911802853437094, 0.5733333333333334, 0.07142857142857142, 0.09090909090909091, 0.39285714285714285, 3.625, 0.7441860465116279, 0.03125, 1.1666666666666667, 0.32, 0.21666666666666667, 1.404494382022472, 0.6226415094339622, 0.30701754385964913]
switch 4 are [0.7857142857142857, 0.75, 2.5, 0.11267605633802817, 1.05, 1.5625, 0.42857142857142855, 1.25, 0.6428571428571429, 0.2, 1.2]
switch 5 are [0.0, 0.10683760683760683, 0.0, 0.5283018867924528, 1.3181818181818181, 0.0, 0.0, 3.25, 0.20212765957446807, 0.8928571428571429]
switch 6 are [0.08296943231441048, 4.545454545454546, 1.368421052631579, 0.7307692307692307, 1.7857142857142858, 1.1428571428571428, 1.1428571428571428, 1.8, 1.2666666666666666, 0.3142857142857143, 1.1666666666666667, 0.6060606060606061, 0.16279069767441862, 0.06529209621993128]
switch 7 are [1.0, 1.0470588235294118, 2.0823529411764707, 0.1774193548387097, 0.4375, 0.375, 0.4418604651162791, 0.3870967741935484, 0.11377245508982035, 2.5833333333333335, 5.133333333333334, 2.75, 2.3636363636363638, 2.0, 0.2765957446808511, 3.0833333333333335, 3.0833333333333335]
switch 8 are [0.7142857142857143, 2.0357142857142856, 1.6785714285714286, 0.5, 1.0357142857142858, 0.06521739130434782, 2.1818181818181817, 0.009413241292751805, 0.10344827586206896, 0.17777777777777778, 1.7142857142857142, 1.1111111111111112]
switch 9 are [0.9642857142857143, 2.1333333333333333, 1.35, 1.5416666666666667, 0.041044776119402986, 3.357142857142857, 0.15019762845849802, 0.8734177215189873, 0.3142857142857143, 2.8333333333333335, 1.5, 1.1764705882352942, 3.3333333333333335]
switch 10 are [0.6071428571428571, 1.03125, 0.92, 0.5714285714285714, 1.375, 0.17647058823529413, 2.1666666666666665, 0.3194444444444444, 0.27956989247311825, 1.911764705882353, 0.7954545454545454]
switch 11 are [0.28703703703703703, 1.35, 0.6111111111111112, 2.5833333333333335, 1.0666666666666667, 4.133333333333334, 3.375, 0.9444444444444444, 0.2988505747126437, 0.5757575757575758, 0.6451612903225806, 0.3023255813953488]
switch 12 are [0.9285714285714286, 0.42857142857142855, 0.075, 1.25, 0.3333333333333333, 2.9166666666666665, 0.08602150537634409, 0.05, 0.6, 0.8076923076923077, 2.9166666666666665]
switch 13 are [0.9285714285714286, 0.8571428571428571, 4.6875, 3.25, 0.5396825396825397, 0.30158730158730157, 0.3375, 1.3888888888888888, 1.6153846153846154, 1.1538461538461537, 2.25, 3.533333333333333, 0.6190476190476191]
switch 14 are [0.4642857142857143, 0.5, 2.142857142857143, 0.475, 0.6, 0.3888888888888889, 1.4666666666666666, 3.090909090909091, 2.4166666666666665, 2.3636363636363638, 0.41379310344827586, 0.13043478260869565, 1.25]
switch 15 are [0.29347826086956524, 1.3928571428571428, 1.3928571428571428, 0.06229508196721312, 0.66, 1.8125, 0.017495899398578457, 1.25, 5.133333333333334, 1.75, 1.48, 1.2777777777777777, 2.75, 1.1428571428571428, 0.7391304347826086]
switch 16 are [0.16853932584269662, 0.3888888888888889, 0.2289156626506024, 0.8275862068965517, 0.3108108108108108, 2.0833333333333335, 1.2380952380952381, 0.8387096774193549]
switch 17 are [0.9285714285714286, 0.14285714285714285, 0.2978723404255319, 0.17333333333333334, 0.8125, 0.2283464566929134, 1.3157894736842106, 1.8333333333333333, 0.04779411764705882, 2.9166666666666665]
switch 18 are [0.14465408805031446, 0.13636363636363635, 0.08571428571428572, 0.3333333333333333, 0.0, 3.558139534883721, 1.9166666666666667, 1.625, 0.4426229508196721, 0.2028985507246377, 2.3333333333333335, 0.5675675675675675, 1.1875]
switch 19 are [3.8461538461538463, 2.3846153846153846, 0.4807692307692308, 2.3076923076923075, 1.0588235294117647, 2.75, 0.32, 0.39215686274509803, 1.4444444444444444, 1.125, 3.25, 2.3076923076923075, 2.5714285714285716, 0.8709677419354839]
switch_are_with_trim_mean [0.5470867060467001, 1.1541390956713538, 0.9028772908621613, 0.484454825555658, 0.8744047619047619, 0.38103826428043613, 0.9641715532081553, 1.4725680311447755, 0.9136125984626734, 1.4700294575864432, 0.8678950018695433, 1.1752650577743704, 0.8250951855790566, 1.497581585081585, 1.1347085951317926, 1.2310579218437379, 0.7606098929921847, 0.7165754386122367, 0.8159685829612225, 1.7452991983945492]
[5.0, 0.625, 0.6875] 41.177.230.164 210.218.218.164
4 algo
d: 5 w: 9 k: 3
all [1.2] 

ans 1.2 

number 1 average are:  0.21441818696859105 total flow 213  
number 2 average are:  0.412220291913006 total flow 13  
number 3 average are:  0.6875 total flow 1  


2-1 [4.464285714285714, 2.5238095238095237, 2.2857142857142856, 2.2857142857142856, 1.9285714285714286, 1.5416666666666667, 1.8571428571428572, 1.53125, 2.5833333333333335, 1.4444444444444444, 1.4166666666666667, 1.3636363636363635, 1.3548387096774193, 1.2666666666666666, 1.25, 1.206896551724138]
2-2 [0.42857142857142855, 0.38095238095238093, 0.39285714285714285, 0.7142857142857143, 0.35714285714285715, 0.20833333333333334, 0.35714285714285715, 0.21875, 1.0, 0.5555555555555556, 0.5, 1.1818181818181819, 0.1935483870967742, 1.2, 0.5, 0.5517241379310345]
3-1 [5.0]
3-2 [0.625]
3-3 [0.6875]
4_algo_switch_ 0 = 295
4_algo_switch_ 1 = 210
4_algo_switch_ 2 = 113
4_algo_switch_ 3 = 231
4_algo_switch_ 4 = 108
4_algo_switch_ 5 = 142
4_algo_switch_ 6 = 158
4_algo_switch_ 7 = 167
4_algo_switch_ 8 = 442
4_algo_switch_ 9 = 440
4_algo_switch_ 10 = 322
4_algo_switch_ 11 = 318
4_algo_switch_ 12 = 240
4_algo_switch_ 13 = 240
4_algo_switch_ 14 = 308
4_algo_switch_ 15 = 304
4_algo_switch_ 16 = 298
4_algo_switch_ 17 = 298
4_algo_switch_ 18 = 298
4_algo_switch_ 19 = 296
[295, 210, 113, 231, 108, 142, 158, 167, 442, 440, 322, 318, 240, 240, 308, 304, 298, 298, 298, 296]
num_of_flow_in_switch [19, 18, 10, 19, 13, 11, 14, 14, 11, 13, 10, 10, 11, 11, 15, 11, 14, 10, 13, 10]
switch 0 are [0.28, 0.03194888178913738, 0.27184466019417475, 0.0, 0.782608695652174, 0.6428571428571429, 0.05357142857142857, 0.08928571428571429, 0.42857142857142855, 0.0, 0.0, 0.9, 0.03571428571428571, 0.26666666666666666, 0.05, 0.08620689655172414, 0.015873015873015872, 0.8333333333333334, 0.6666666666666666]
switch 1 are [0.02564102564102564, 0.07142857142857142, 0.39285714285714285, 0.39285714285714285, 0.01818181818181818, 0.14285714285714285, 0.07142857142857142, 0.1935483870967742, 0.20833333333333334, 0.014925373134328358, 0.0, 0.0012550988390335738, 0.38571428571428573, 0.0, 1.2, 0.8333333333333334, 0.9230769230769231, 0.11403508771929824]
switch 2 are [0.25, 0.15, 0.004149377593360996, 0.5, 0.19444444444444445, 0.0, 0.02912621359223301, 0.1875, 0.5833333333333334, 0.25806451612903225]
switch 3 are [0.22265625, 0.0, 0.22666666666666666, 0.35714285714285715, 0.06060606060606061, 0.35714285714285715, 0.0, 0.21875, 0.0625, 0.0, 0.20833333333333334, 0.38095238095238093, 0.0, 0.038461538461538464, 0.0, 0.0, 0.16153846153846155, 0.06060606060606061, 0.30303030303030304]
switch 4 are [0.07142857142857142, 0.35714285714285715, 0.32142857142857145, 1.0833333333333333, 0.09859154929577464, 0.15, 0.6875, 0.03571428571428571, 0.03571428571428571, 0.15384615384615385, 0.08125, 0.1875, 0.047619047619047616]
switch 5 are [0.0, 0.0, 0.023529411764705882, 0.16037735849056603, 0.22727272727272727, 0.15476190476190477, 0.0, 0.35714285714285715, 0.0, 0.96, 0.05]
switch 6 are [0.13537117903930132, 0.0, 0.010869565217391304, 0.3157894736842105, 0.0, 0.35714285714285715, 0.0, 0.2857142857142857, 0.06666666666666667, 0.03571428571428571, 0.0, 0.0005467468562055768, 0.06382978723404255, 0.023255813953488372]
switch 7 are [0.8, 0.047058823529411764, 0.011764705882352941, 0.03225806451612903, 0.03125, 0.0, 0.0967741935483871, 0.5, 0.9333333333333333, 0.02247191011235955, 0.08333333333333333, 1.1818181818181819, 1.0, 0.05154639175257732]
switch 8 are [1.0357142857142858, 0.018518518518518517, 0.2608695652173913, 0.09090909090909091, 0.12337662337662338, 0.19047619047619047, 0.08695652173913043, 0.23809523809523808, 0.5555555555555556, 0.0, 0.75]
switch 9 are [0.42857142857142855, 0.7142857142857143, 0.38461538461538464, 0.1111111111111111, 0.03333333333333333, 0.0, 0.46153846153846156, 0.029411764705882353, 0.20253164556962025, 0.041666666666666664, 0.26666666666666666, 1.2, 0.375]
switch 10 are [0.1935483870967742, 0.1568627450980392, 0.20930232558139536, 0.012048192771084338, 0.04, 1.0555555555555556, 0.00980392156862745, 0.47058823529411764, 0.011494252873563218, 0.29411764705882354]
switch 11 are [0.39285714285714285, 0.6875, 0.0, 0.0625, 0.4166666666666667, 0.5517241379310345, 0.25, 0.25806451612903225, 0.0898876404494382, 0.6363636363636364]
switch 12 are [0.4642857142857143, 0.0, 0.0, 0.1875, 0.5, 0.75, 0.09523809523809523, 0.15384615384615385, 0.08571428571428572, 1.0, 0.26666666666666666]
switch 13 are [0.07142857142857142, 0.75, 0.0, 0.08333333333333333, 0.5, 0.09574468085106383, 0.1125, 0.23076923076923078, 0.038461538461538464, 0.8333333333333334, 0.75]
switch 14 are [0.5714285714285714, 0.4642857142857143, 0.005988023952095809, 0.35714285714285715, 0.575, 0.0440251572327044, 0.0, 0.1702127659574468, 0.06666666666666667, 0.68, 0.5833333333333334, 0.5555555555555556, 0.21666666666666667, 0.3333333333333333, 0.5]
switch 15 are [0.65625, 0.006557377049180328, 0.02, 0.5, 0.36363636363636365, 0.0, 0.26666666666666666, 0.1, 0.5555555555555556, 0.007352941176470588, 0.3333333333333333]
switch 16 are [0.21875, 0.007874015748031496, 0.16, 0.425, 1.0, 0.01639344262295082, 0.25, 0.8333333333333334, 0.8695652173913043, 0.036231884057971016, 0.08333333333333333, 0.42857142857142855, 0.2903225806451613, 0.32075471698113206]
switch 17 are [0.08333333333333333, 0.3466666666666667, 0.5, 0.6, 0.8604651162790697, 0.07692307692307693, 0.4482758620689655, 0.2558139534883721, 0.8333333333333334, 0.4642857142857143]
switch 18 are [0.5, 0.08333333333333333, 0.010752688172043012, 0.16666666666666666, 1.1818181818181819, 0.5517241379310345, 0.1111111111111111, 0.2361111111111111, 0.5454545454545454, 0.13978494623655913, 0.9166666666666666, 0.5405405405405406, 1.0]
switch 19 are [0.35714285714285715, 0.6875, 0.38095238095238093, 0.7142857142857143, 0.05154639175257732, 0.06756756756756757, 0.4444444444444444, 0.07246376811594203, 1.0, 0.16666666666666666]
switch_are_with_trim_mean [0.26677345980746425, 0.2368420773436703, 0.19666056896988382, 0.13396672873694931, 0.19927463967956927, 0.10812047327030679, 0.07814648367332314, 0.30081589633399036, 0.25719525598752657, 0.27715747064220636, 0.17349522322172467, 0.3322579675496189, 0.2781389906389906, 0.29247081720485973, 0.34181835735038035, 0.23923358193528557, 0.3276879947447179, 0.44146360789704814, 0.43558118718650624, 0.36137792489694665]
4 algo
d: 6 w: 9 k: 3
all [1.25] 

ans 1.25 

number 1 average are:  0.22973393315078164 total flow 215  
number 2 average are:  0.4535726335068441 total flow 12  


2-1 [2.9285714285714284, 2.8333333333333335, 2.8125, 2.5, 2.2142857142857144, 1.8666666666666667, 1.7857142857142858, 1.6842105263157894, 1.65625, 1.5, 1.4615384615384615, 1.3571428571428572]
2-2 [0.21428571428571427, 0.08333333333333333, 0.3125, 0.9166666666666666, 0.6428571428571429, 0.4, 0.32142857142857145, 0.3684210526315789, 0.3125, 0.25, 0.6923076923076923, 0.9285714285714286]
3-1 []
3-2 []
3-3 []
4_algo_switch_ 0 = 295
4_algo_switch_ 1 = 210
4_algo_switch_ 2 = 113
4_algo_switch_ 3 = 231
4_algo_switch_ 4 = 108
4_algo_switch_ 5 = 142
4_algo_switch_ 6 = 158
4_algo_switch_ 7 = 167
4_algo_switch_ 8 = 442
4_algo_switch_ 9 = 440
4_algo_switch_ 10 = 324
4_algo_switch_ 11 = 316
4_algo_switch_ 12 = 240
4_algo_switch_ 13 = 240
4_algo_switch_ 14 = 304
4_algo_switch_ 15 = 308
4_algo_switch_ 16 = 298
4_algo_switch_ 17 = 298
4_algo_switch_ 18 = 298
4_algo_switch_ 19 = 296
[295, 210, 113, 231, 108, 142, 158, 167, 442, 440, 324, 316, 240, 240, 304, 308, 298, 298, 298, 296]
num_of_flow_in_switch [19, 15, 11, 14, 13, 14, 18, 18, 10, 13, 11, 7, 12, 10, 10, 17, 12, 8, 11, 8]
switch 0 are [0.055, 0.07348242811501597, 0.3883495145631068, 1.0357142857142858, 0.0, 0.32142857142857145, 0.0, 0.0, 1.0, 0.0, 0.0, 0.0, 0.009259259259259259, 0.4, 0.3, 0.09523809523809523, 1.1333333333333333, 0.4375, 0.12903225806451613]
switch 1 are [0.46153846153846156, 0.6071428571428571, 0.14285714285714285, 1.1428571428571428, 0.18181818181818182, 0.03571428571428571, 0.42857142857142855, 0.03225806451612903, 0.125, 0.0, 0.6923076923076923, 0.012550988390335738, 0.015810276679841896, 0.08695652173913043, 1.25]
switch 2 are [0.08928571428571429, 0.08333333333333333, 0.07053941908713693, 0.3125, 0.027777777777777776, 0.21428571428571427, 0.003236245954692557, 0.125, 0.25, 0.5277777777777778, 0.25]
switch 3 are [0.0, 0.011673151750972763, 0.06666666666666667, 0.21428571428571427, 0.21212121212121213, 0.0, 0.07142857142857142, 0.3125, 0.375, 0.2037037037037037, 0.0392156862745098, 0.019230769230769232, 0.05, 0.07865168539325842]
switch 4 are [0.35714285714285715, 0.0, 0.08333333333333333, 0.0, 0.1, 0.1875, 0.14285714285714285, 0.03571428571428571, 0.00625, 0.1875, 0.031746031746031744, 0.8125, 0.4666666666666667]
switch 5 are [0.0, 0.08974358974358974, 0.026470588235294117, 0.08490566037735849, 0.045454545454545456, 0.03571428571428571, 0.0, 0.21428571428571427, 0.5625, 0.0, 0.5, 0.047619047619047616, 0.25806451612903225, 0.3333333333333333]
switch 6 are [0.034934497816593885, 1.1818181818181819, 0.08695652173913043, 0.3684210526315789, 0.0, 0.6071428571428571, 1.0, 0.42857142857142855, 0.0, 0.21428571428571427, 0.07142857142857142, 0.0, 0.006557377049180328, 0.05, 0.06666666666666667, 0.16216216216216217, 0.4, 0.11904761904761904]
switch 7 are [1.0666666666666667, 0.17647058823529413, 0.3764705882352941, 0.08064516129032258, 0.78125, 0.3125, 0.59375, 0.7441860465116279, 0.25806451612903225, 0.03592814371257485, 1.0833333333333333, 0.02, 0.6428571428571429, 0.3125, 0.011235955056179775, 0.014705882352941176, 0.9565217391304348, 0.14705882352941177]
switch 8 are [0.0, 0.0, 0.0, 0.7272727272727273, 0.06493506493506493, 0.03333333333333333, 0.16666666666666666, 0.6666666666666666, 0.2, 0.16666666666666666]
switch 9 are [0.08870967741935484, 0.9285714285714286, 0.05172413793103448, 0.5111111111111111, 0.43333333333333335, 0.6923076923076923, 0.4411764705882353, 0.05063291139240506, 0.0, 0.5, 0.8666666666666667, 0.16666666666666666, 0.9230769230769231]
switch 10 are [0.12, 0.047619047619047616, 0.32558139534883723, 0.140625, 0.06923076923076923, 0.0, 0.76, 0.011494252873563218, 0.4090909090909091, 0.25806451612903225, 0.36363636363636365]
switch 11 are [0.6923076923076923, 0.4, 0.0, 0.0392156862745098, 0.15151515151515152, 0.1511627906976744, 0.12280701754385964]
switch 12 are [0.42857142857142855, 0.8571428571428571, 0.4, 1.0571428571428572, 0.20634920634920634, 0.8125, 0.9166666666666666, 1.0, 1.2307692307692308, 0.11428571428571428, 0.8333333333333334, 0.19047619047619047]
switch 13 are [0.08333333333333333, 0.7692307692307693, 0.0, 0.5, 0.03942652329749104, 0.010638297872340425, 0.38461538461538464, 0.4166666666666667, 0.2692307692307692, 0.0]
switch 14 are [0.03571428571428571, 0.005467468562055768, 0.13333333333333333, 0.07547169811320754, 0.0, 0.0851063829787234, 0.26666666666666666, 0.48, 0.023255813953488372, 0.5833333333333334]
switch 15 are [0.32142857142857145, 0.3125, 0.0, 1.15, 0.16666666666666666, 0.32, 0.4186046511627907, 0.23333333333333334, 0.03571428571428571, 0.2222222222222222, 0.6551724137931034, 0.14492753623188406, 0.06666666666666667, 0.13829787234042554, 0.061855670103092786, 0.75, 0.75]
switch 16 are [0.21428571428571427, 0.15748031496062992, 0.13333333333333333, 0.1566265060240964, 1.1666666666666667, 0.25, 0.12162162162162163, 0.4074074074074074, 1.0833333333333333, 0.16666666666666666, 0.13043478260869565, 0.09433962264150944]
switch 17 are [0.9166666666666666, 0.4, 0.075, 0.6666666666666666, 0.027777777777777776, 0.2777777777777778, 0.16, 0.2727272727272727]
switch 18 are [0.6428571428571429, 0.2727272727272727, 0.16666666666666666, 0.0, 0.5238095238095238, 0.4444444444444444, 0.16666666666666666, 0.5454545454545454, 0.03278688524590164, 0.23529411764705882, 0.7142857142857143]
switch 19 are [0.3684210526315789, 0.9285714285714286, 0.030927835051546393, 0.10344827586206896, 0.16666666666666666, 0.08602150537634409, 0.4166666666666667, 0.21428571428571427]
switch_are_with_trim_mean [0.24970614190487356, 0.3050294649332792, 0.1580802176410752, 0.10662309673794819, 0.14533730158730157, 0.1362992734076834, 0.2260109042838439, 0.40747345616567143, 0.16228354978354978, 0.42958232640849303, 0.19392691710316914, 0.2224297626198411, 0.670218253968254, 0.21298887187699816, 0.13812695616522008, 0.3064926593108695, 0.2821189680241499, 0.3495770202020202, 0.3367452517243581, 0.28937614313900184]
4 algo
d: 5 w: 3 k: 5
all [10.833333333333334] 

ans 10.833333333333334 

number 1 average are:  3.386474528625478 total flow 214  
number 2 average are:  7.682555478709324 total flow 13  


2-1 [35.72727272727273, 21.857142857142858, 21.454545454545453, 19.75, 17.916666666666668, 16.75, 15.083333333333334, 14.5, 14.333333333333334, 14.0, 13.666666666666666, 13.307692307692308, 13.0, 12.285714285714286, 11.833333333333334, 11.833333333333334, 11.38888888888889]
2-2 [9.090909090909092, 4.178571428571429, 7.2727272727272725, 7.0, 9.583333333333334, 9.833333333333334, 10.416666666666666, 9.5, 7.733333333333333, 7.846153846153846, 8.0, 7.153846153846154, 8.333333333333334, 7.285714285714286, 8.833333333333334, 8.0, 7.222222222222222]
3-1 []
3-2 []
3-3 []
4_algo_switch_ 0 = 295
4_algo_switch_ 1 = 210
4_algo_switch_ 2 = 113
4_algo_switch_ 3 = 231
4_algo_switch_ 4 = 108
4_algo_switch_ 5 = 142
4_algo_switch_ 6 = 158
4_algo_switch_ 7 = 167
4_algo_switch_ 8 = 444
4_algo_switch_ 9 = 438
4_algo_switch_ 10 = 318
4_algo_switch_ 11 = 322
4_algo_switch_ 12 = 240
4_algo_switch_ 13 = 240
4_algo_switch_ 14 = 306
4_algo_switch_ 15 = 306
4_algo_switch_ 16 = 304
4_algo_switch_ 17 = 292
4_algo_switch_ 18 = 296
4_algo_switch_ 19 = 298
[295, 210, 113, 231, 108, 142, 158, 167, 444, 438, 318, 322, 240, 240, 306, 306, 304, 292, 296, 298]
num_of_flow_in_switch [12, 12, 10, 14, 11, 13, 13, 15, 12, 13, 11, 12, 16, 11, 15, 16, 12, 14, 14, 10]
switch 0 are [1.095, 0.19808306709265175, 0.3737864077669903, 3.4642857142857144, 4.086956521739131, 1.3392857142857142, 7.714285714285714, 1.2941176470588236, 0.9841269841269841, 4.695652173913044, 7.733333333333333, 8.75]
switch 1 are [0.8589743589743589, 3.0714285714285716, 3.0714285714285716, 4.178571428571429, 0.5161290322580645, 0.43283582089552236, 0.1619047619047619, 2.4683544303797467, 1.9285714285714286, 6.6, 3.9565217391304346, 8.5]
switch 2 are [3.142857142857143, 0.9333333333333333, 0.16597510373443983, 1.5625, 7.2727272727272725, 0.35125448028673834, 5.529411764705882, 9.090909090909092, 5.0, 3.193548387096774]
switch 3 are [0.4375, 0.19844357976653695, 6.142857142857143, 1.5303030303030303, 4.964285714285714, 4.964285714285714, 4.5, 6.9523809523809526, 10.733333333333333, 2.0689655172413794, 4.176470588235294, 3.0, 2.3833333333333333, 1.3255813953488371]
switch 4 are [3.0357142857142856, 3.107142857142857, 8.583333333333334, 0.9154929577464789, 3.0357142857142856, 7.846153846153846, 0.45, 6.6875, 0.9523809523809523, 3.5555555555555554, 2.6285714285714286]
switch 5 are [0.29455445544554454, 0.19230769230769232, 0.11764705882352941, 1.028301886792453, 6.0625, 9.5, 1.8, 3.7083333333333335, 3.3461538461538463, 8.416666666666666, 7.6923076923076925, 9.5, 3.064516129032258]
switch 6 are [0.30131004366812225, 9.636363636363637, 0.5869565217391305, 6.684210526315789, 4.85, 3.4680851063829787, 6.3125, 5.944444444444445, 3.875, 7.666666666666667, 3.5, 2.183333333333333, 1.2340425531914894]
switch 7 are [6.2, 0.3058823529411765, 0.3467741935483871, 2.03125, 1.0454545454545454, 8.333333333333334, 9.090909090909092, 8.0, 7.0, 5.0, 1.3333333333333333, 8.0, 8.0, 8.0, 5.75]
switch 8 are [3.0357142857142856, 0.9636363636363636, 6.85, 3.0357142857142856, 0.02447442736115469, 1.2307692307692308, 7.538461538461538, 3.5, 7.222222222222222, 5.166666666666667, 5.9375, 7.6923076923076925]
switch 9 are [3.892857142857143, 8.857142857142858, 1.6785714285714286, 3.892857142857143, 5.35, 1.3518518518518519, 0.7922077922077922, 0.24110671936758893, 1.422680412371134, 7.466666666666667, 9.583333333333334, 10.416666666666666, 1.9056603773584906]
switch 10 are [1.1466666666666667, 0.3559870550161812, 3.08, 5.375, 10.833333333333334, 0.6, 9.416666666666666, 5.421052631578948, 3.08, 2.787878787878788, 0.9662921348314607]
switch 11 are [2.65625, 0.4537037037037037, 3.0357142857142856, 4.416666666666667, 0.17049180327868851, 1.42, 8.416666666666666, 3.0344827586206895, 3.3333333333333335, 6.3125, 1.0196078431372548, 2.6451612903225805]
switch 12 are [0.6190476190476191, 6.0, 7.285714285714286, 10.333333333333334, 2.3142857142857145, 2.888888888888889, 10.416666666666666, 7.75, 0.9893617021276596, 3.64, 8.833333333333334, 7.1, 10.666666666666666, 6.714285714285714, 2.6666666666666665, 8.0]
switch 13 are [3.590909090909091, 2.607142857142857, 6.1875, 2.9285714285714284, 1.9206349206349207, 0.625, 1.0875, 3.0714285714285716, 3.230769230769231, 5.3125, 6.666666666666667]
switch 14 are [1.188235294117647, 3.2142857142857144, 0.3203592814371258, 4.232558139534884, 8.076923076923077, 1.1235955056179776, 4.166666666666667, 6.5, 0.96875, 2.3714285714285714, 4.166666666666667, 6.0, 10.454545454545455, 8.0, 8.833333333333334]
switch 15 are [5.6923076923076925, 4.535714285714286, 4.178571428571429, 6.1875, 8.6875, 0.0634226353198469, 4.8, 2.9655172413793105, 9.333333333333334, 7.733333333333333, 5.2, 2.604651162790698, 9.090909090909092, 3.7027027027027026, 0.6186046511627907, 0.3539518900343643]
switch 16 are [3.5357142857142856, 2.8214285714285716, 2.6, 1.4883720930232558, 1.2678571428571428, 10.833333333333334, 2.625, 10.416666666666666, 9.583333333333334, 6.2, 0.5507246376811594, 8.0]
switch 17 are [9.285714285714286, 1.2777777777777777, 6.964285714285714, 5.642857142857143, 7.846153846153846, 7.2727272727272725, 7.285714285714286, 8.076923076923077, 0.44654088050314467, 1.5135135135135136, 7.222222222222222, 0.5983606557377049, 10.666666666666666, 0.956140350877193]
switch 18 are [3.1333333333333333, 7.0, 8.2, 2.0, 0.8503937007874016, 8.333333333333334, 3.48, 9.583333333333334, 8.0, 0.9032258064516129, 4.904761904761905, 6.724137931034483, 0.8188405797101449, 2.393939393939394]
switch 19 are [3.642857142857143, 2.0161290322580645, 3.096774193548387, 3.7666666666666666, 1.55, 2.0, 0.6933333333333334, 0.5662650602409639, 0.30514705882352944, 3.5357142857142856]
switch_are_with_trim_mean [3.278083021079545, 2.7082815381638126, 3.3732040476258924, 3.5371636156892827, 3.5293584632199657, 4.100512882003589, 4.209567195643076, 5.310780415820738, 4.448068459318459, 4.199439000474349, 3.5415063208469473, 2.8327419881498512, 6.066609736093019, 3.326328455495122, 4.526341766813426, 4.739375962778978, 4.853837209302325, 5.3285325120420035, 4.660260450303456, 2.137634130994022]
4 algo
d: 5 w: 6 k: 5
all [4.133333333333334] 

ans 4.133333333333334 

number 1 average are:  0.8522096328769161 total flow 224  
number 2 average are:  1.9930555555555554 total flow 3  


2-1 [21.333333333333332, 5.416666666666667, 5.416666666666667, 4.25, 4.166666666666667]
2-2 [4.133333333333334, 2.6666666666666665, 3.3333333333333335, 1.0625, 2.25]
3-1 []
3-2 []
3-3 []
4_algo_switch_ 0 = 295
4_algo_switch_ 1 = 210
4_algo_switch_ 2 = 113
4_algo_switch_ 3 = 231
4_algo_switch_ 4 = 108
4_algo_switch_ 5 = 142
4_algo_switch_ 6 = 158
4_algo_switch_ 7 = 167
4_algo_switch_ 8 = 440
4_algo_switch_ 9 = 442
4_algo_switch_ 10 = 320
4_algo_switch_ 11 = 320
4_algo_switch_ 12 = 240
4_algo_switch_ 13 = 240
4_algo_switch_ 14 = 306
4_algo_switch_ 15 = 306
4_algo_switch_ 16 = 298
4_algo_switch_ 17 = 296
4_algo_switch_ 18 = 296
4_algo_switch_ 19 = 300
[295, 210, 113, 231, 108, 142, 158, 167, 440, 442, 320, 320, 240, 240, 306, 306, 298, 296, 296, 300]
num_of_flow_in_switch [14, 13, 7, 13, 11, 13, 14, 14, 10, 16, 11, 10, 11, 9, 15, 14, 10, 13, 12, 14]
switch 0 are [0.12, 0.08945686900958466, 0.038834951456310676, 0.39285714285714285, 1.1304347826086956, 0.9285714285714286, 0.17857142857142858, 2.65, 0.0, 0.3670886075949367, 0.32857142857142857, 1.25, 0.3875, 2.0625]
switch 1 are [0.5512820512820513, 0.6428571428571429, 0.35714285714285715, 2.1785714285714284, 0.07272727272727272, 1.0, 0.5714285714285714, 0.10820895522388059, 0.007844367743959836, 0.24110671936758893, 0.26666666666666666, 2.9166666666666665, 1.5833333333333333]
switch 2 are [0.48214285714285715, 0.041666666666666664, 0.06639004149377593, 0.10714285714285714, 0.012944983818770227, 1.8333333333333333, 1.2142857142857142]
switch 3 are [0.140625, 0.010376134889753566, 0.6133333333333333, 0.35714285714285715, 1.3571428571428572, 1.0625, 0.018518518518518517, 1.0625, 0.27906976744186046, 0.6, 0.64, 1.2134831460674158, 0.3023255813953488]
switch 4 are [0.8214285714285714, 1.6428571428571428, 0.5, 0.6901408450704225, 1.05, 0.6875, 0.14285714285714285, 0.10714285714285714, 1.4375, 1.1785714285714286, 0.6857142857142857]
switch 5 are [0.0297029702970297, 0.11538461538461539, 0.08235294117647059, 0.08490566037735849, 1.9090909090909092, 0.14285714285714285, 0.5714285714285714, 0.6875, 2.6666666666666665, 1.1428571428571428, 1.15, 2.25, 1.0]
switch 6 are [0.1572052401746725, 3.3636363636363638, 1.0326086956521738, 1.5263157894736843, 2.730769230769231, 1.75, 1.0357142857142858, 0.17857142857142858, 0.2, 0.5, 4.133333333333334, 0.32, 0.5348837209302325, 0.5]
switch 7 are [1.4666666666666666, 1.0941176470588236, 0.047058823529411764, 0.6209677419354839, 0.078125, 0.46875, 0.5581395348837209, 0.3709677419354839, 0.05688622754491018, 2.9166666666666665, 0.18055555555555555, 2.0833333333333335, 2.9166666666666665, 2.9166666666666665]
switch 8 are [0.3392857142857143, 0.9642857142857143, 0.5, 0.65, 0.5652173913043478, 2.6363636363636362, 0.3051948051948052, 0.6333333333333333, 2.1538461538461537, 2.1666666666666665]
switch 9 are [0.8571428571428571, 0.11290322580645161, 0.36666666666666664, 2.2, 0.3548387096774194, 1.0, 1.7142857142857142, 0.6521739130434783, 0.14615384615384616, 2.466666666666667, 2.466666666666667, 0.25, 1.2857142857142858, 3.3333333333333335, 0.3115942028985507, 3.4615384615384617]
switch 10 are [0.07142857142857142, 0.0625, 1.125, 0.56, 1.619047619047619, 0.296875, 2.4375, 1.2105263157894737, 0.6666666666666666, 0.5161290322580645, 2.090909090909091]
switch 11 are [0.2878787878787879, 0.037037037037037035, 1.0625, 0.6470588235294118, 2.6666666666666665, 0.2988505747126437, 0.24731182795698925, 0.6666666666666666, 0.47058823529411764, 0.2833333333333333]
switch 12 are [0.10714285714285714, 0.8214285714285714, 0.10714285714285714, 0.38125, 2.6666666666666665, 0.3333333333333333, 1.0384615384615385, 1.1666666666666667, 2.6666666666666665, 1.1333333333333333, 0.3333333333333333]
switch 13 are [1.6153846153846154, 2.5833333333333335, 0.22857142857142856, 0.36507936507936506, 0.047619047619047616, 1.125, 0.14893617021276595, 0.84, 1.4285714285714286]
switch 14 are [0.2857142857142857, 0.16666666666666666, 1.6666666666666667, 1.2857142857142858, 2.9375, 2.066666666666667, 2.55, 0.6, 1.4545454545454546, 1.4444444444444444, 1.3888888888888888, 0.8333333333333334, 0.09420289855072464, 0.7166666666666667, 0.35106382978723405]
switch 15 are [0.6785714285714286, 0.03934426229508197, 0.24, 0.008747949699289229, 0.07547169811320754, 2.460674157303371, 4.133333333333334, 1.7333333333333334, 3.25, 1.1111111111111112, 0.4325581395348837, 0.8350515463917526, 1.25, 0.8214285714285714]
switch 16 are [0.175, 0.34615384615384615, 0.2268041237113402, 1.8666666666666667, 1.4166666666666667, 1.1875, 2.5454545454545454, 0.6818181818181818, 0.5675675675675675, 2.0625]
switch 17 are [0.9777777777777777, 2.769230769230769, 1.4722222222222223, 0.11023622047244094, 0.7142857142857143, 0.1927710843373494, 0.0931899641577061, 1.4827586206896552, 0.7222222222222222, 2.9411764705882355, 2.3333333333333335, 0.4782608695652174, 1.1612903225806452]
switch 18 are [2.4615384615384617, 0.25757575757575757, 3.0, 1.9166666666666667, 0.21568627450980393, 1.5, 3.3333333333333335, 0.08088235294117647, 1.1923076923076923, 1.9615384615384615, 2.4166666666666665, 0.7169811320754716]
switch 19 are [1.55, 0.8103448275862069, 1.0952380952380953, 0.5833333333333334, 0.851063829787234, 0.17647058823529413, 0.0, 3.4, 0.24324324324324326, 0.3770491803278688, 1.125, 0.8620689655172413, 2.25, 0.3684210526315789]
switch_are_with_trim_mean [0.606198886603413, 0.6884840907818902, 0.5368437791262821, 0.5717725639908486, 0.7993013637379834, 0.8305797257429283, 1.1393749595622833, 1.0676535651872758, 0.9965793717152414, 1.2432312044463918, 0.9062869217888319, 0.4955235311714937, 0.8868462555962555, 0.9313883765302207, 1.1392593222380456, 1.077295354006895, 1.0444596315730337, 1.1285808324288498, 1.5638961112878982, 0.8576860929916746]
4 algo
d: 5 w: 9 k: 5
all [1.75] 

ans 1.75 

number 1 average are:  0.22148502899363254 total flow 220  
number 2 average are:  0.5719233147804575 total flow 7  


2-1 [7.083333333333333, 3.533333333333333, 3.0476190476190474, 2.909090909090909, 2.5714285714285716, 2.0, 1.8571428571428572]
2-2 [0.16666666666666666, 0.8, 0.47619047619047616, 0.7272727272727273, 0.35714285714285715, 0.8333333333333334, 0.6428571428571429]
3-1 []
3-2 []
3-3 []
4_algo_switch_ 0 = 295
4_algo_switch_ 1 = 210
4_algo_switch_ 2 = 113
4_algo_switch_ 3 = 231
4_algo_switch_ 4 = 108
4_algo_switch_ 5 = 142
4_algo_switch_ 6 = 158
4_algo_switch_ 7 = 167
4_algo_switch_ 8 = 442
4_algo_switch_ 9 = 440
4_algo_switch_ 10 = 320
4_algo_switch_ 11 = 320
4_algo_switch_ 12 = 238
4_algo_switch_ 13 = 242
4_algo_switch_ 14 = 304
4_algo_switch_ 15 = 308
4_algo_switch_ 16 = 296
4_algo_switch_ 17 = 296
4_algo_switch_ 18 = 298
4_algo_switch_ 19 = 300
[295, 210, 113, 231, 108, 142, 158, 167, 442, 440, 320, 320, 238, 242, 304, 308, 296, 296, 298, 300]
num_of_flow_in_switch [19, 16, 11, 15, 15, 12, 16, 17, 10, 12, 9, 5, 9, 10, 16, 14, 11, 11, 6, 12]
switch 0 are [0.2, 0.025559105431309903, 0.1650485436893204, 0.0, 1.4782608695652173, 0.0, 0.0, 0.08928571428571429, 0.2857142857142857, 0.0, 0.0, 0.0, 0.6071428571428571, 0.09259259259259259, 0.2, 0.0, 0.21428571428571427, 0.0, 0.22857142857142856]
switch 1 are [0.05128205128205128, 0.17857142857142858, 0.17857142857142858, 0.07142857142857142, 0.23636363636363636, 0.32142857142857145, 1.1428571428571428, 0.2903225806451613, 1.3333333333333333, 0.04477611940298507, 0.38461538461538464, 0.0, 0.4166666666666667, 0.16666666666666666, 1.75, 0.6875]
switch 2 are [0.05357142857142857, 0.06666666666666667, 0.024896265560165973, 0.125, 0.10185185185185185, 0.17857142857142858, 0.0, 0.3125, 0.7272727272727273, 0.42857142857142855, 0.0967741935483871]
switch 3 are [0.01171875, 0.00648508430609598, 0.4, 0.0, 0.0, 0.14285714285714285, 0.0, 0.0, 0.78125, 0.0, 0.0, 0.11764705882352941, 0.0, 0.0, 0.41935483870967744]
switch 4 are [0.35714285714285715, 0.4642857142857143, 0.0, 0.09859154929577464, 0.0, 0.375, 1.5357142857142858, 1.5714285714285714, 0.10625, 0.25, 0.36507936507936506, 0.3125, 0.11428571428571428, 0.375, 0.4666666666666667]
switch 5 are [0.019801980198019802, 0.008547008547008548, 0.10882352941176471, 0.0660377358490566, 0.0, 0.03571428571428571, 0.03571428571428571, 0.0, 0.0, 0.0898876404494382, 0.08139534883720931, 1.0]
switch 6 are [0.17467248908296942, 0.7272727272727273, 0.06521739130434782, 0.0, 1.1923076923076923, 0.0, 0.0, 0.0, 0.0, 0.2, 0.0, 0.03571428571428571, 0.46808510638297873, 0.0, 0.03255813953488372, 0.55]
switch 7 are [0.8, 0.1411764705882353, 0.0, 0.5, 1.09375, 0.0, 0.22580645161290322, 0.16666666666666666, 0.6428571428571429, 0.0, 0.24528301886792453, 0.02247191011235955, 0.7391304347826086, 0.09420289855072464, 1.1666666666666667, 0.29411764705882354, 0.8333333333333334]
switch 8 are [0.075, 0.043478260869565216, 0.0021964229683087543, 0.047619047619047616, 0.012987012987012988, 0.0, 0.08333333333333333, 0.20253164556962025, 0.1111111111111111, 0.25]
switch 9 are [0.1, 1.1206896551724137, 0.2222222222222222, 0.5666666666666667, 0.3076923076923077, 0.023809523809523808, 0.20588235294117646, 0.2916666666666667, 0.1958762886597938, 0.26666666666666666, 0.08196721311475409, 1.3076923076923077]
switch 10 are [0.14285714285714285, 0.21153846153846154, 0.16666666666666666, 0.125, 0.09230769230769231, 0.14457831325301204, 0.10344827586206896, 0.1590909090909091, 0.05]
switch 11 are [0.8, 0.375, 0.28, 0.7058823529411765, 0.07894736842105263]
switch 12 are [0.5, 0.14285714285714285, 0.16071428571428573, 0.08333333333333333, 0.047619047619047616, 0.0, 0.0, 0.44, 0.038461538461538464]
switch 13 are [0.35714285714285715, 0.8461538461538461, 0.875, 0.2222222222222222, 1.0833333333333333, 0.2222222222222222, 0.19230769230769232, 0.4166666666666667, 0.25806451612903225, 0.2857142857142857]
switch 14 are [0.2, 0.02694610778443114, 0.16666666666666666, 0.05, 0.0010934937124111536, 0.4722222222222222, 0.7333333333333333, 0.47619047619047616, 0.2222222222222222, 0.8333333333333334, 0.06382978723404255, 0.18181818181818182, 0.40540540540540543, 0.010309278350515464, 0.4642857142857143, 0.3333333333333333]
switch 15 are [0.7272727272727273, 0.15294117647058825, 0.0, 0.3, 0.3125, 0.5303030303030303, 0.0, 0.08333333333333333, 1.2, 0.0, 0.45454545454545453, 0.4230769230769231, 0.38333333333333336, 0.75]
switch 16 are [0.031496062992125984, 0.06666666666666667, 0.06666666666666667, 1.375, 0.25, 0.027777777777777776, 0.025, 0.47619047619047616, 0.9090909090909091, 0.6153846153846154, 0.1320754716981132]
switch 17 are [0.8, 0.18666666666666668, 0.11428571428571428, 0.28, 0.7931034482758621, 0.12745098039215685, 0.8333333333333334, 0.2857142857142857, 0.050724637681159424, 0.21212121212121213, 0.5]
switch 18 are [0.37037037037037035, 0.09722222222222222, 0.7777777777777778, 0.007352941176470588, 0.3103448275862069, 0.42857142857142855]
switch 19 are [0.6428571428571429, 0.014336917562724014, 1.0833333333333333, 0.23333333333333334, 1.5, 0.08108108108108109, 0.125, 0.0, 0.03571428571428571, 0.7916666666666666, 0.043010752688172046, 0.4166666666666667]
switch_are_with_trim_mean [0.12401177892430723, 0.39317025584521625, 0.15426702926015082, 0.08446637497664967, 0.3708089348054137, 0.044592181472106855, 0.16096572423515662, 0.3865863982953815, 0.0722821043072499, 0.3359330039802668, 0.13283194017510594, 0.4479659442724458, 0.156998371998372, 0.43539832703139153, 0.2718973377747532, 0.3431088315279492, 0.28614984960748346, 0.3665935897173219, 0.33193992795074606, 0.34670001799034056]
4 algo
d: 6 w: 9 k: 5
all [1.4166666666666667] 

ans 1.4166666666666667 

number 1 average are:  0.20105312777741188 total flow 219  
number 2 average are:  0.49379323122529645 total flow 8  


2-1 [3.260869565217391, 2.923076923076923, 2.7333333333333334, 2.0, 1.6666666666666667, 1.5833333333333333, 1.5833333333333333, 1.5, 1.4166666666666667]
2-2 [0.21739130434782608, 1.0, 0.6666666666666666, 0.75, 0.045454545454545456, 0.5833333333333334, 0.75, 0.4375, 0.5]
3-1 []
3-2 []
3-3 []
4_algo_switch_ 0 = 295
4_algo_switch_ 1 = 210
4_algo_switch_ 2 = 113
4_algo_switch_ 3 = 231
4_algo_switch_ 4 = 108
4_algo_switch_ 5 = 142
4_algo_switch_ 6 = 158
4_algo_switch_ 7 = 167
4_algo_switch_ 8 = 438
4_algo_switch_ 9 = 444
4_algo_switch_ 10 = 322
4_algo_switch_ 11 = 318
4_algo_switch_ 12 = 242
4_algo_switch_ 13 = 238
4_algo_switch_ 14 = 304
4_algo_switch_ 15 = 308
4_algo_switch_ 16 = 300
4_algo_switch_ 17 = 296
4_algo_switch_ 18 = 298
4_algo_switch_ 19 = 296
[295, 210, 113, 231, 108, 142, 158, 167, 438, 444, 322, 318, 242, 238, 304, 308, 300, 296, 298, 296]
num_of_flow_in_switch [15, 18, 10, 14, 12, 14, 14, 17, 11, 15, 9, 8, 12, 14, 11, 15, 6, 9, 11, 13]
switch 0 are [0.0, 0.012779552715654952, 0.014563106796116505, 0.7142857142857143, 0.21739130434782608, 0.2857142857142857, 0.6071428571428571, 0.9285714285714286, 0.5714285714285714, 0.15, 0.25, 0.009259259259259259, 0.2, 0.2727272727272727, 0.13924050632911392]
switch 1 are [0.23076923076923078, 0.5714285714285714, 0.0, 0.5357142857142857, 0.2727272727272727, 0.0, 0.8214285714285714, 0.03225806451612903, 0.07835820895522388, 0.1, 1.2307692307692308, 0.0034515218073423283, 0.0, 0.9166666666666666, 0.0, 1.0, 1.0, 0.2641509433962264]
switch 2 are [0.3392857142857143, 0.0, 0.0, 0.0, 0.1388888888888889, 0.0, 0.0, 0.75, 0.07228915662650602, 0.5454545454545454]
switch 3 are [0.0, 0.0025940337224383916, 0.02, 1.1428571428571428, 0.0, 0.0, 0.0, 1.0, 0.0, 0.0, 0.07407407407407407, 0.023255813953488372, 0.2, 0.0449438202247191]
switch 4 are [0.03571428571428571, 0.14285714285714285, 0.0, 0.0, 0.85, 0.4375, 0.10714285714285714, 0.14285714285714285, 0.0, 0.08125, 0.3125, 0.375]
switch 5 are [0.0, 0.3076923076923077, 0.026470588235294117, 0.0660377358490566, 0.09090909090909091, 0.07142857142857142, 0.32142857142857145, 0.5, 0.1111111111111111, 0.0, 0.025089605734767026, 0.23076923076923078, 0.75, 0.8]
switch 6 are [0.0, 0.36363636363636365, 0.11956521739130435, 0.0, 0.0, 0.03571428571428571, 0.0, 0.2857142857142857, 0.03333333333333333, 0.03571428571428571, 0.0, 0.0, 0.0, 0.25]
switch 7 are [0.0, 0.0, 0.15294117647058825, 0.0, 0.3125, 0.3125, 0.0, 0.43548387096774194, 0.20958083832335328, 0.0, 0.0, 0.4, 0.045454545454545456, 0.35661764705882354, 0.13043478260869565, 0.06666666666666667, 0.013745704467353952]
switch 8 are [0.043478260869565216, 0.12698412698412698, 0.07792207792207792, 0.0, 0.0, 0.07142857142857142, 0.25333333333333335, 0.015748031496062992, 0.0, 0.5, 0.6666666666666666]
switch 9 are [0.23214285714285715, 0.06451612903225806, 0.23333333333333334, 0.6666666666666666, 0.7916666666666666, 0.7857142857142857, 0.41379310344827586, 0.26666666666666666, 0.08571428571428572, 0.2647058823529412, 0.08333333333333333, 0.8333333333333334, 0.875, 1.0, 0.13157894736842105]
switch 10 are [0.4375, 0.0392156862745098, 0.15384615384615385, 0.75, 0.015625, 0.09230769230769231, 0.0625, 0.049019607843137254, 0.09090909090909091]
switch 11 are [0.03125, 0.3333333333333333, 0.3684210526315789, 0.25, 0.034482758620689655, 0.11764705882352941, 0.22580645161290322, 0.25806451612903225]
switch 12 are [0.07142857142857142, 0.125, 0.5833333333333334, 0.0, 0.07936507936507936, 0.0, 0.0625, 0.07446808510638298, 0.44, 0.4166666666666667, 0.6923076923076923, 0.6666666666666666]
switch 13 are [0.6428571428571429, 0.6666666666666666, 0.3333333333333333, 0.5769230769230769, 0.0, 0.5, 0.2702702702702703, 0.2857142857142857, 0.75, 0.06976744186046512, 1.3333333333333333, 0.19047619047619047, 0.1935483870967742, 0.75]
switch 14 are [0.16666666666666666, 0.42857142857142855, 0.0, 0.0032804811372334607, 0.06289308176100629, 0.0, 0.08333333333333333, 0.2127659574468085, 0.13333333333333333, 0.13793103448275862, 0.15151515151515152]
switch 15 are [0.07142857142857142, 0.04590163934426229, 1.25, 0.045454545454545456, 0.5, 0.26666666666666666, 0.4, 1.1666666666666667, 0.02459016393442623, 0.34615384615384615, 0.2028985507246377, 0.13829787234042554, 0.05116279069767442, 1.4166666666666667, 0.2]
switch 16 are [0.5833333333333334, 0.13333333333333333, 0.20689655172413793, 0.13333333333333333, 0.4166666666666667, 0.15]
switch 17 are [0.75, 0.3333333333333333, 0.02857142857142857, 0.2, 0.6666666666666666, 0.2875, 0.0, 0.0, 0.125]
switch 18 are [0.3333333333333333, 0.3125, 0.04054054054054054, 0.025, 0.1111111111111111, 0.013888888888888888, 1.3529411764705883, 0.036231884057971016, 0.06060606060606061, 0.5, 0.11904761904761904]
switch 19 are [0.21739130434782608, 0.46153846153846156, 0.0, 1.1818181818181819, 0.4166666666666667, 1.0, 0.2857142857142857, 0.6111111111111112, 1.1818181818181819, 0.03571428571428571, 0.021505376344086023, 0.2222222222222222, 0.42857142857142855]
switch_are_with_trim_mean [0.2649640331343594, 0.364184583588095, 0.13698978815695684, 0.11373897849789333, 0.16348214285714285, 0.20841140109650005, 0.06333678398895791, 0.1333627574033351, 0.12098826689263754, 0.43566533551854353, 0.18788035902006492, 0.20237564639388333, 0.25194284025667, 0.4357963995998504, 0.10574655996403241, 0.3603562422674843, 0.2705938697318007, 0.2656746031746031, 0.17093006096629282, 0.44384121127714143]
