4 algo
d: 5 w: 3 k: 1
all [16.333333333333332] 

ans 16.333333333333332 

number 1 average are:  4.942144153232238 total flow 219  
number 2 average are:  10.368223443223444 total flow 8  


2-1 [33.63636363636363, 27.76923076923077, 22.933333333333334, 22.583333333333332, 22.545454545454547, 20.583333333333332, 20.066666666666666, 18.25, 17.583333333333332, 17.583333333333332, 17.5, 16.5, 16.5]
2-2 [13.545454545454545, 11.307692307692308, 7.733333333333333, 12.75, 14.818181818181818, 15.333333333333334, 9.0, 12.75, 10.583333333333334, 10.0, 9.571428571428571, 11.0, 13.75]
3-1 []
3-2 []
3-3 []
4_algo_switch_ 0 = 227
4_algo_switch_ 1 = 238
4_algo_switch_ 2 = 241
4_algo_switch_ 3 = 200
4_algo_switch_ 4 = 324
4_algo_switch_ 5 = 194
4_algo_switch_ 6 = 0
4_algo_switch_ 7 = 0
4_algo_switch_ 8 = 412
4_algo_switch_ 9 = 406
4_algo_switch_ 10 = 398
4_algo_switch_ 11 = 398
4_algo_switch_ 12 = 466
4_algo_switch_ 13 = 464
4_algo_switch_ 14 = 0
4_algo_switch_ 15 = 0
4_algo_switch_ 16 = 280
4_algo_switch_ 17 = 282
4_algo_switch_ 18 = 278
4_algo_switch_ 19 = 280
[227, 238, 241, 200, 324, 194, 0, 0, 412, 406, 398, 398, 466, 464, 0, 0, 280, 282, 278, 280]
num_of_flow_in_switch [9, 21, 14, 10, 17, 16, 0, 0, 21, 17, 10, 14, 14, 19, 0, 0, 15, 20, 17, 18]
switch 0 are [0.155, 0.10546875, 0.01764705882352941, 11.307692307692308, 12.75, 0.23076923076923078, 0.5197132616487455, 1.7415730337078652, 13.75]
switch 1 are [1.4472843450479234, 0.4033722438391699, 14.818181818181818, 2.36, 7.733333333333333, 11.821428571428571, 11.307692307692308, 16.266666666666666, 14.333333333333334, 13.96, 7.761904761904762, 9.222222222222221, 2.8191489361702127, 6.617647058823529, 7.159090909090909, 16.333333333333332, 2.066666666666667, 0.7395348837209302, 1.0274914089347078, 2.011627906976744, 9.571428571428571]
switch 2 are [0.3640776699029126, 8.052631578947368, 4.5, 1.1690140845070423, 2.0714285714285716, 2.106382978723404, 2.744186046511628, 9.23076923076923, 5.1923076923076925, 11.833333333333334, 11.166666666666666, 0.927536231884058, 6.3, 11.166666666666666]
switch 3 are [0.65, 7.607142857142857, 4.607142857142857, 4.233333333333333, 1.3796296296296295, 4.607142857142857, 0.3917910447761194, 12.083333333333334, 1.1566265060240963, 0.9754098360655737]
switch 4 are [0.3589108910891089, 1.1965811965811965, 2.375, 1.2608695652173914, 1.1415094339622642, 7.107142857142857, 4.90625, 12.5, 5.333333333333333, 13.538461538461538, 2.28125, 4.25, 14.75, 7.75, 9.0, 7.107142857142857, 6.32258064516129]
switch 5 are [0.30131004366812225, 1.4230769230769231, 5.260869565217392, 1.621212121212121, 4.678571428571429, 8.033333333333333, 11.0, 4.3, 2.126984126984127, 8.6, 4.24, 7.1875, 11.0, 10.909090909090908, 9.076923076923077, 13.416666666666666]
switch 6 are []
switch 7 are []
switch 8 are [4.607142857142857, 4.607142857142857, 2.2976190476190474, 1.453125, 4.607142857142857, 4.15625, 3.467741935483871, 6.857142857142857, 3.46, 9.3125, 7.25, 2.857142857142857, 10.0, 12.75, 10.583333333333334, 2.0972222222222223, 11.38888888888889, 3.5, 6.757575757575758, 16.333333333333332, 5.709677419354839]
switch 9 are [14.818181818181818, 6.0, 8.884615384615385, 6.909090909090909, 1.2588235294117647, 10.0, 3.4651162790697674, 3.425, 0.925, 3.046511627906977, 8.157894736842104, 5.444444444444445, 13.75, 5.827586206896552, 0.8623188405797102, 13.75, 7.85]
switch 10 are [4.714285714285714, 1.8571428571428572, 0.7096774193548387, 3.9, 0.3611111111111111, 0.22950819672131148, 3.1956521739130435, 13.333333333333334, 0.3543307086614173, 13.545454545454545]
switch 11 are [11.714285714285714, 1.9090909090909092, 0.5186721991701245, 9.4, 6.428571428571429, 2.7142857142857144, 1.962962962962963, 13.545454545454545, 0.40711462450592883, 1.6582278481012658, 1.6, 1.0919540229885059, 13.75, 12.333333333333334]
switch 12 are [10.666666666666666, 4.0, 4.0, 0.26537216828478966, 11.0, 3.4444444444444446, 0.6818181818181818, 2.3333333333333335, 12.5, 9.125, 1.7162162162162162, 4.785714285714286, 8.0, 9.76923076923077]
switch 13 are [3.7529411764705882, 5.285714285714286, 4.107142857142857, 5.285714285714286, 4.678571428571429, 9.0, 11.23076923076923, 0.7485029940119761, 0.9874213836477987, 4.057142857142857, 3.640449438202247, 3.085714285714286, 8.533333333333333, 2.9607843137254903, 8.352941176470589, 6.04, 5.115384615384615, 7.9375, 12.25]
switch 14 are []
switch 15 are []
switch 16 are [7.733333333333333, 4.964285714285714, 3.7857142857142856, 3.875, 4.571428571428571, 3.175, 6.4, 3.103448275862069, 4.826086956521739, 4.92, 1.45, 5.238095238095238, 4.695652173913044, 3.2162162162162162, 1.2105263157894737]
switch 17 are [5.678571428571429, 6.642857142857143, 5.1, 14.875, 12.357142857142858, 0.0825587752870421, 7.476190476190476, 0.8142857142857143, 2.588235294117647, 1.4933333333333334, 10.583333333333334, 11.466666666666667, 13.545454545454545, 9.166666666666666, 11.7, 0.4338235294117647, 5.114285714285714, 7.6875, 10.090909090909092, 3.4838709677419355]
switch 18 are [8.625, 9.0, 8.625, 2.826923076923077, 11.5, 4.75, 8.9375, 9.0, 5.25, 6.137931034482759, 4.527777777777778, 1.6914893617021276, 7.833333333333333, 3.6666666666666665, 14.416666666666666, 11.333333333333334, 3.4047619047619047]
switch 19 are [1.217741935483871, 6.4, 5.84375, 4.642857142857143, 4.096774193548387, 7.76, 8.875, 1.9019607843137254, 8.25, 0.06683401317853781, 2.3181818181818183, 5.166666666666667, 2.0412371134020617, 7.777777777777778, 11.0, 1.3978494623655915, 9.571428571428571, 3.1320754716981134]
switch_are_with_trim_mean [4.508651515849075, 7.414028361837389, 5.38563247903436, 3.1520534845601507, 5.738008095133514, 6.389825820314951, nan, nan, 5.965841215762943, 6.579605541218527, 3.553191664725289, 5.406403223187042, 5.793535324785324, 5.53244262752964, nan, nan, 4.1708405716951455, 6.965240542881376, 7.027881808485257, 5.024581308607733]
4 algo
d: 5 w: 6 k: 1
all [11.615384615384615] 

ans 11.615384615384615 

number 1 average are:  1.5484979095032863 total flow 225  
number 2 average are:  2.65625 total flow 2  


2-1 [16.75, 13.0]
2-2 [2.125, 3.1875]
3-1 []
3-2 []
3-3 []
4_algo_switch_ 0 = 227
4_algo_switch_ 1 = 238
4_algo_switch_ 2 = 241
4_algo_switch_ 3 = 200
4_algo_switch_ 4 = 324
4_algo_switch_ 5 = 194
4_algo_switch_ 6 = 0
4_algo_switch_ 7 = 0
4_algo_switch_ 8 = 410
4_algo_switch_ 9 = 408
4_algo_switch_ 10 = 398
4_algo_switch_ 11 = 398
4_algo_switch_ 12 = 464
4_algo_switch_ 13 = 466
4_algo_switch_ 14 = 0
4_algo_switch_ 15 = 0
4_algo_switch_ 16 = 280
4_algo_switch_ 17 = 280
4_algo_switch_ 18 = 280
4_algo_switch_ 19 = 280
[227, 238, 241, 200, 324, 194, 0, 0, 410, 408, 398, 398, 464, 466, 0, 0, 280, 280, 280, 280]
num_of_flow_in_switch [19, 19, 18, 13, 15, 12, 0, 0, 14, 18, 12, 16, 11, 15, 0, 0, 13, 16, 16, 14]
switch 0 are [0.0, 0.2421875, 0.029411764705882353, 0.7857142857142857, 3.5357142857142856, 4.535714285714286, 7.909090909090909, 7.071428571428571, 1.0483870967741935, 0.56, 3.1875, 6.9375, 5.2, 5.0476190476190474, 0.6372549019607843, 2.8461538461538463, 0.16666666666666666, 0.3188405797101449, 0.7415730337078652]
switch 1 are [0.10223642172523961, 0.0025940337224383916, 5.090909090909091, 0.48, 3.466666666666667, 1.8076923076923077, 0.8333333333333334, 0.4838709677419355, 3.255813953488372, 3.764705882352941, 3.8666666666666667, 0.9666666666666667, 0.648936170212766, 2.4705882352941178, 1.4090909090909092, 7.833333333333333, 1.903225806451613, 0.8837209302325582, 1.1612903225806452]
switch 2 are [0.470873786407767, 1.894736842105263, 1.25, 0.5352112676056338, 1.0357142857142858, 2.6785714285714284, 0.6607142857142857, 0.30357142857142855, 4.381818181818182, 0.06224066390041494, 6.25, 0.18518518518518517, 0.8214285714285714, 3.5833333333333335, 6.75, 0.08934707903780069, 3.25, 3.5833333333333335]
switch 3 are [0.225, 1.6071428571428572, 1.5, 0.6666666666666666, 0.26851851851851855, 1.75, 1.75, 2.8, 1.5, 2.125, 0.4583333333333333, 1.6551724137931034, 0.3375]
switch 4 are [0.06435643564356436, 0.08974358974358974, 0.6964285714285714, 0.021739130434782608, 0.27358490566037735, 0.4642857142857143, 2.2857142857142856, 1.2857142857142858, 1.875, 0.045307443365695796, 4.333333333333333, 0.49206349206349204, 3.0, 3.6, 1.150943396226415]
switch 5 are [0.13537117903930132, 0.46153846153846156, 0.6956521739130435, 3.25, 0.13636363636363635, 0.35294117647058826, 0.4112903225806452, 0.8125, 0.5, 0.17857142857142858, 0.3333333333333333, 2.25]
switch 6 are []
switch 7 are []
switch 8 are [0.3125, 1.6071428571428572, 0.8928571428571429, 1.03125, 1.1904761904761905, 8.066666666666666, 2.8333333333333335, 2.1333333333333333, 0.06451612903225806, 5.363636363636363, 0.84, 2.111111111111111, 0.15441176470588236, 1.2]
switch 9 are [0.09411764705882353, 1.3571428571428572, 2.1, 3.125, 1.2142857142857142, 0.5581395348837209, 3.466666666666667, 1.3333333333333333, 2.15, 0.15625, 11.615384615384615, 5.833333333333333, 1.4814814814814814, 2.7916666666666665, 0.3793103448275862, 1.8275862068965518, 0.38333333333333336, 4.166666666666667]
switch 10 are [0.5666666666666667, 0.9166666666666666, 0.29850746268656714, 6.25, 0.21311475409836064, 1.5434782608695652, 0.20689655172413793, 0.38095238095238093, 0.782608695652174, 0.33783783783783783, 0.8571428571428571, 0.20491803278688525]
switch 11 are [1.1785714285714286, 6.75, 3.1818181818181817, 2.125, 0.18181818181818182, 0.12658227848101267, 3.2666666666666666, 9.333333333333334, 1.6666666666666667, 2.8333333333333335, 0.9090909090909091, 3.3125, 0.2744186046511628, 4.75, 4.083333333333333, 1.6451612903225807]
switch 12 are [0.6071428571428571, 1.3571428571428572, 1.1333333333333333, 2.0, 0.10476190476190476, 0.4375, 0.26666666666666666, 2.3125, 1.2777777777777777, 1.5384615384615385, 1.5238095238095237]
switch 13 are [2.0357142857142856, 0.39285714285714285, 0.5357142857142857, 1.84375, 2.923076923076923, 2.44, 0.1407185628742515, 0.2578616352201258, 0.3333333333333333, 1.8333333333333333, 2.2, 4.352941176470588, 2.3076923076923075, 3.0833333333333335, 3.0952380952380953]
switch 14 are []
switch 15 are []
switch 16 are [0.2, 1.3333333333333333, 1.3333333333333333, 0.7777777777777778, 0.3051948051948052, 4.923076923076923, 0.2558139534883721, 0.8194444444444444, 2.217391304347826, 1.7272727272727273, 1.1081081081081081, 2.5, 0.3684210526315789]
switch 17 are [2.7142857142857144, 6.285714285714286, 0.015855658829961726, 0.7619047619047619, 0.4857142857142857, 0.4881889763779528, 3.5, 2.8666666666666667, 3.5, 0.6666666666666666, 1.2777777777777777, 2.4545454545454546, 2.1538461538461537, 1.375, 4.2727272727272725, 1.4285714285714286]
switch 18 are [3.1875, 0.5961538461538461, 5.833333333333333, 0.7303370786516854, 1.851063829787234, 1.0, 3.5, 1.894736842105263, 0.3614457831325301, 1.2916666666666667, 1.6944444444444444, 0.3404255319148936, 1.68, 3.466666666666667, 3.7857142857142856, 0.7142857142857143]
switch 19 are [1.5806451612903225, 0.13725490196078433, 0.013178537809852526, 0.803030303030303, 1.2857142857142858, 0.19230769230769232, 0.23711340206185566, 2.48, 1.0285714285714285, 1.05, 1.6666666666666667, 8.916666666666666, 0.1935483870967742, 3.923076923076923]
switch_are_with_trim_mean [2.5230391685805795, 1.9173773135944605, 1.9358649380516562, 1.2380303444958616, 1.1787032399881532, 0.6132190532771137, nan, nan, 1.6391710080496846, 2.0202622587198693, 0.6103872134297215, 2.5827413283051746, 1.1268705060371726, 1.7909157442702437, nan, nan, 1.1587355309029368, 1.9961353685060097, 1.8395725112577384, 1.214827429314753]
4 algo
d: 5 w: 9 k: 1
all [4.818181818181818] 

ans 4.818181818181818 

number 1 average are:  0.49319988594286723 total flow 224  
number 2 average are:  1.1092796092796091 total flow 3  


2-1 [5.909090909090909, 5.846153846153846, 5.285714285714286, 4.833333333333333]
2-2 [4.818181818181818, 0.4230769230769231, 1.5714285714285714, 1.3333333333333333]
3-1 []
3-2 []
3-3 []
4_algo_switch_ 0 = 227
4_algo_switch_ 1 = 238
4_algo_switch_ 2 = 241
4_algo_switch_ 3 = 200
4_algo_switch_ 4 = 324
4_algo_switch_ 5 = 194
4_algo_switch_ 6 = 0
4_algo_switch_ 7 = 0
4_algo_switch_ 8 = 410
4_algo_switch_ 9 = 408
4_algo_switch_ 10 = 398
4_algo_switch_ 11 = 398
4_algo_switch_ 12 = 464
4_algo_switch_ 13 = 466
4_algo_switch_ 14 = 0
4_algo_switch_ 15 = 0
4_algo_switch_ 16 = 284
4_algo_switch_ 17 = 278
4_algo_switch_ 18 = 280
4_algo_switch_ 19 = 278
[227, 238, 241, 200, 324, 194, 0, 0, 410, 408, 398, 398, 464, 466, 0, 0, 284, 278, 280, 278]
num_of_flow_in_switch [20, 21, 17, 19, 18, 16, 0, 0, 15, 19, 14, 12, 13, 13, 0, 0, 12, 11, 9, 14]
switch 0 are [0.255, 0.46875, 0.008823529411764706, 0.42857142857142855, 0.03571428571428571, 0.07142857142857142, 2.909090909090909, 0.0, 1.53125, 0.03571428571428571, 1.25, 0.016129032258064516, 0.32142857142857145, 0.21568627450980393, 1.0, 0.06153846153846154, 0.22727272727272727, 0.2558139534883721, 2.3333333333333335, 1.3333333333333333]
switch 1 are [0.051118210862619806, 0.009079118028534372, 4.818181818181818, 0.18666666666666668, 0.3333333333333333, 0.4230769230769231, 0.05952380952380952, 0.8214285714285714, 0.008064516129032258, 0.5625, 0.39285714285714285, 0.03225806451612903, 0.325, 0.0015688735487919673, 0.6666666666666666, 0.5185185185185185, 0.5531914893617021, 2.264705882352941, 3.4166666666666665, 0.07441860465116279, 0.06529209621993128]
switch 2 are [0.0, 0.3684210526315789, 2.1785714285714284, 0.0, 0.39285714285714285, 1.0714285714285714, 0.05357142857142857, 0.25, 0.4, 0.14937759336099585, 0.05, 0.0, 0.0, 0.0, 0.5, 1.3333333333333333, 0.08695652173913043]
switch 3 are [0.13333333333333333, 1.0357142857142858, 1.0714285714285714, 0.13333333333333333, 0.009259259259259259, 0.2857142857142857, 0.10714285714285714, 0.65, 3.142857142857143, 1.5833333333333333, 1.6875, 3.8333333333333335, 0.3333333333333333, 0.04054054054054054, 0.75, 0.8695652173913043, 1.5833333333333333, 0.6363636363636364, 0.21212121212121213]
switch 4 are [0.019801980198019802, 0.16666666666666666, 0.35714285714285715, 0.043478260869565216, 0.18867924528301888, 0.8571428571428571, 0.35714285714285715, 1.1785714285714286, 0.375, 0.6428571428571429, 0.9375, 1.0, 0.6031746031746031, 0.1388888888888889, 0.4230769230769231, 1.2, 1.4761904761904763, 0.8095238095238095]
switch 5 are [0.048034934497816595, 0.02564102564102564, 0.0, 0.75, 0.0, 0.23529411764705882, 0.056451612903225805, 0.2857142857142857, 0.9642857142857143, 0.0, 0.48214285714285715, 0.5, 0.0, 1.4375, 0.5555555555555556, 1.6666666666666667]
switch 6 are []
switch 7 are []
switch 8 are [0.39285714285714285, 0.39285714285714285, 0.09523809523809523, 0.42, 1.5714285714285714, 0.16666666666666666, 0.025974025974025976, 0.029411764705882353, 0.12857142857142856, 0.9166666666666666, 0.72, 0.08695652173913043, 0.21666666666666667, 0.3225806451612903, 0.4838709677419355]
switch 9 are [4.818181818181818, 0.85, 0.13953488372093023, 1.4666666666666666, 0.09259259259259259, 3.0625, 0.1, 0.4883720930232558, 0.8461538461538461, 0.06060606060606061, 0.36538461538461536, 1.1666666666666667, 0.033707865168539325, 1.0, 0.5416666666666666, 1.75, 0.35, 0.3595505617977528, 2.5714285714285716]
switch 10 are [0.4230769230769231, 0.037037037037037035, 1.1666666666666667, 0.048507462686567165, 0.019672131147540985, 0.34782608695652173, 0.025, 0.0038272279934390375, 0.10344827586206896, 0.28888888888888886, 1.2608695652173914, 0.36666666666666664, 0.06557377049180328, 1.0769230769230769]
switch 11 are [0.7142857142857143, 1.0, 0.7272727272727273, 0.019762845849802372, 0.0, 0.06329113924050633, 0.03614457831325301, 0.5833333333333334, 1.5555555555555556, 0.4482758620689655, 1.3333333333333333, 1.9166666666666667]
switch 12 are [0.09385113268608414, 1.5714285714285714, 4.166666666666667, 0.05714285714285714, 0.28125, 0.10666666666666667, 1.0, 0.6, 1.3888888888888888, 1.6363636363636365, 0.5357142857142857, 1.8125, 0.42857142857142855]
switch 13 are [1.0, 0.3125, 1.1785714285714286, 1.4615384615384615, 0.96, 0.09880239520958084, 0.08176100628930817, 0.2777777777777778, 0.5833333333333334, 1.1764705882352942, 0.875, 0.6666666666666666, 0.5]
switch 14 are []
switch 15 are []
switch 16 are [0.6153846153846154, 0.13333333333333333, 0.4, 0.6666666666666666, 1.1162790697674418, 0.15412186379928317, 0.0375, 0.125, 0.6190476190476191, 0.21621621621621623, 0.9, 0.13157894736842105]
switch 17 are [0.55, 0.15873015873015872, 0.10236220472440945, 1.4666666666666666, 1.0909090909090908, 1.0, 0.9444444444444444, 0.08455882352941177, 0.38461538461538464, 0.6285714285714286, 1.9090909090909092]
switch 18 are [0.16666666666666666, 0.25, 0.13333333333333333, 1.0, 0.08333333333333333, 0.3448275862068966, 0.1595744680851064, 0.06896551724137931, 0.68]
switch 19 are [0.5142857142857142, 0.9166666666666666, 0.010309278350515464, 0.52, 0.42857142857142855, 0.8666666666666667, 0.1625, 0.10784313725490197, 0.3118279569892473, 0.6923076923076923, 1.6153846153846154, 1.5, 0.37735849056603776, 0.6451612903225806]
switch_are_with_trim_mean [0.4692269328286191, 0.4317432410626266, 0.31039637626147876, 0.838565553878853, 0.5799278462712887, 0.3814728645276814, nan, nan, 0.336334131451696, 0.8947719543945661, 0.3307739155336468, 0.6481255089253191, 0.8595667827563237, 0.6935565627085528, nan, nan, 0.3961349261816155, 0.7029221531846203, 0.3207445449851906, 0.586932420302578]
[2.0, 1.8333333333333333, 0.0] 41.177.26.176 77.197.128.224
4 algo
d: 6 w: 9 k: 1
all [1.8181818181818181] 

ans 1.8181818181818181 

number 1 average are:  0.3965665885507982 total flow 218  
number 3 average are:  0.0 total flow 1  
number 2 average are:  0.765232683982684 total flow 8  


2-1 [12.666666666666666, 6.363636363636363, 4.333333333333333, 3.909090909090909, 3.4615384615384617, 3.0, 2.8333333333333335, 2.2142857142857144, 2.142857142857143, 2.107142857142857, 2.0, 1.8627450980392157]
2-2 [0.8666666666666667, 1.4545454545454546, 1.1666666666666667, 1.0909090909090908, 1.6923076923076923, 1.75, 1.75, 0.25, 0.5714285714285714, 0.6428571428571429, 1.2, 0.3333333333333333]
3-1 [2.0]
3-2 [1.8333333333333333]
3-3 [0.0]
4_algo_switch_ 0 = 227
4_algo_switch_ 1 = 238
4_algo_switch_ 2 = 241
4_algo_switch_ 3 = 200
4_algo_switch_ 4 = 324
4_algo_switch_ 5 = 194
4_algo_switch_ 6 = 2
4_algo_switch_ 7 = 0
4_algo_switch_ 8 = 410
4_algo_switch_ 9 = 408
4_algo_switch_ 10 = 398
4_algo_switch_ 11 = 398
4_algo_switch_ 12 = 466
4_algo_switch_ 13 = 464
4_algo_switch_ 14 = 2
4_algo_switch_ 15 = 2
4_algo_switch_ 16 = 282
4_algo_switch_ 17 = 280
4_algo_switch_ 18 = 280
4_algo_switch_ 19 = 280
[227, 238, 241, 200, 324, 194, 2, 0, 410, 408, 398, 398, 466, 464, 2, 2, 282, 280, 280, 280]
num_of_flow_in_switch [21, 18, 18, 17, 17, 14, 0, 0, 18, 20, 11, 16, 15, 14, 0, 1, 12, 14, 12, 15]
switch 0 are [0.24, 0.02734375, 0.052941176470588235, 0.7857142857142857, 1.0, 1.7142857142857142, 0.3181818181818182, 0.2823529411764706, 0.21875, 0.0, 0.05, 0.6428571428571429, 0.0, 1.1875, 1.6923076923076923, 0.9, 1.0476190476190477, 0.0, 0.4772727272727273, 1.4166666666666667, 1.5]
switch 1 are [0.019169329073482427, 0.05966277561608301, 1.8181818181818181, 0.07333333333333333, 0.8666666666666667, 0.5, 0.4523809523809524, 0.32142857142857145, 0.024193548387096774, 1.125, 0.07142857142857142, 0.05, 0.03125, 0.0028239723878255413, 1.04, 1.1666666666666667, 0.10112359550561797, 1.6363636363636365]
switch 2 are [0.13592233009708737, 0.42105263157894735, 0.07142857142857142, 0.8309859154929577, 0.25, 0.21428571428571427, 0.23214285714285715, 0.07142857142857142, 0.05454545454545454, 0.04564315352697095, 0.0, 0.7666666666666667, 0.1111111111111111, 0.17857142857142858, 0.2727272727272727, 0.017241379310344827, 0.07936507936507936, 0.38095238095238093]
switch 3 are [0.025, 0.25, 0.07142857142857142, 0.2857142857142857, 0.13333333333333333, 0.05555555555555555, 0.6785714285714286, 0.32142857142857145, 0.1, 0.875, 0.10074626865671642, 0.4166666666666667, 0.3125, 0.0945945945945946, 0.15, 0.07377049180327869, 1.0833333333333333]
switch 4 are [0.017326732673267328, 0.017094017094017096, 0.08928571428571429, 0.08695652173913043, 0.27358490566037735, 0.5714285714285714, 0.2857142857142857, 1.1428571428571428, 0.5714285714285714, 0.46875, 0.17857142857142858, 0.46875, 1.2, 1.25, 0.8333333333333334, 0.5714285714285714, 0.3870967741935484]
switch 5 are [0.004366812227074236, 0.038461538461538464, 0.34782608695652173, 0.6666666666666666, 0.030303030303030304, 0.0, 0.0, 0.17857142857142858, 0.35714285714285715, 0.34375, 0.25, 0.05555555555555555, 0.25, 1.0909090909090908]
switch 6 are []
switch 7 are []
switch 8 are [0.6428571428571429, 0.6428571428571429, 1.125, 0.1774193548387097, 1.380952380952381, 0.26, 0.5, 0.23529411764705882, 1.75, 0.0, 1.4545454545454546, 0.08455882352941177, 0.2833333333333333, 0.15151515151515152, 0.4838709677419355, 0.037800687285223365, 0.16279069767441862, 0.4838709677419355]
switch 9 are [0.3488372093023256, 0.7333333333333333, 0.3225806451612903, 0.25925925925925924, 0.3333333333333333, 0.8837209302325582, 1.6923076923076923, 0.18181818181818182, 0.34831460674157305, 1.0833333333333333, 1.375, 0.37037037037037035, 1.75, 1.5384615384615385, 0.3617021276595745, 0.8787878787878788, 0.8823529411764706, 1.1666666666666667, 0.25, 1.2857142857142858]
switch 10 are [0.7142857142857143, 0.022950819672131147, 0.1956521739130435, 0.325, 0.009841443411700382, 0.3333333333333333, 0.3111111111111111, 0.09302325581395349, 1.4545454545454546, 0.3333333333333333, 0.16666666666666666]
switch 11 are [1.0357142857142858, 0.4375, 0.3333333333333333, 0.0, 0.1702127659574468, 0.17721518987341772, 0.0, 0.6666666666666666, 0.08, 0.0, 0.10344827586206896, 0.9444444444444444, 0.8333333333333334, 0.75, 0.4523809523809524, 1.1666666666666667]
switch 12 are [0.04854368932038835, 0.43333333333333335, 1.1428571428571428, 0.4166666666666667, 0.9, 1.6153846153846154, 0.0380952380952381, 0.25, 0.38095238095238093, 1.3333333333333333, 1.75, 1.4666666666666666, 1.0909090909090908, 0.7692307692307693, 0.75]
switch 13 are [0.08870967741935484, 0.5, 0.8461538461538461, 0.2, 0.017964071856287425, 0.031446540880503145, 0.8571428571428571, 0.5833333333333334, 0.13333333333333333, 0.3611111111111111, 0.2222222222222222, 0.4, 0.4230769230769231, 0.3584905660377358]
switch 14 are []
switch 15 are [0.0]
switch 16 are [0.8666666666666667, 0.025974025974025976, 0.34782608695652173, 1.2, 0.26666666666666666, 0.84, 0.3472222222222222, 0.4782608695652174, 0.0, 0.5675675675675675, 0.4, 0.13157894736842105]
switch 17 are [0.14285714285714285, 0.04285714285714286, 0.10666666666666667, 0.14173228346456693, 1.3333333333333333, 0.8666666666666667, 0.3333333333333333, 0.8333333333333334, 0.6111111111111112, 0.6111111111111112, 0.21428571428571427, 0.15384615384615385, 0.22857142857142856, 0.875]
switch 18 are [0.23076923076923078, 1.75, 0.42105263157894735, 0.75, 0.2916666666666667, 0.09574468085106383, 1.75, 0.47058823529411764, 0.09195402298850575, 1.0, 0.5833333333333334, 0.5333333333333333]
switch 19 are [0.038461538461538464, 0.13402061855670103, 0.9714285714285714, 1.0, 0.1875, 0.27450980392156865, 0.2777777777777778, 0.8333333333333334, 0.08602150537634409, 0.8076923076923077, 0.3448275862068966, 0.16666666666666666, 0.04186046511627907, 0.5714285714285714, 0.8333333333333334]
switch_are_with_trim_mean [0.5968940915269851, 0.4711667279281674, 0.20644278767115368, 0.26128731785020015, 0.4764341702209295, 0.21022033132372273, nan, nan, 0.5066666389074562, 0.7607355287208619, 0.27726182312547626, 0.42744637482613923, 0.8152213606657222, 0.34565646279736356, nan, 0.0, 0.42717630529873085, 0.42654291210393575, 0.6126488111826693, 0.4254154262183347]
4 algo
d: 5 w: 3 k: 3
all [16.181818181818183] 

ans 16.181818181818183 

number 1 average are:  5.179366064189796 total flow 220  
number 2 average are:  10.912816381613373 total flow 7  


2-1 [30.0, 29.636363636363637, 25.38888888888889, 23.076923076923077, 22.571428571428573, 20.789473684210527, 18.916666666666668, 18.466666666666665]
2-2 [11.333333333333334, 16.181818181818183, 9.0, 12.538461538461538, 11.071428571428571, 8.263157894736842, 12.25, 11.933333333333334]
3-1 []
3-2 []
3-3 []
4_algo_switch_ 0 = 227
4_algo_switch_ 1 = 238
4_algo_switch_ 2 = 241
4_algo_switch_ 3 = 200
4_algo_switch_ 4 = 324
4_algo_switch_ 5 = 194
4_algo_switch_ 6 = 4
4_algo_switch_ 7 = 4
4_algo_switch_ 8 = 408
4_algo_switch_ 9 = 410
4_algo_switch_ 10 = 394
4_algo_switch_ 11 = 402
4_algo_switch_ 12 = 464
4_algo_switch_ 13 = 466
4_algo_switch_ 14 = 14
4_algo_switch_ 15 = 14
4_algo_switch_ 16 = 288
4_algo_switch_ 17 = 286
4_algo_switch_ 18 = 282
4_algo_switch_ 19 = 284
[227, 238, 241, 200, 324, 194, 4, 4, 408, 410, 394, 402, 464, 466, 14, 14, 288, 286, 282, 284]
num_of_flow_in_switch [14, 13, 16, 14, 16, 12, 0, 0, 20, 18, 13, 13, 14, 17, 3, 3, 15, 17, 15, 14]
switch 0 are [1.135, 0.12109375, 0.5852941176470589, 10.178571428571429, 6.214285714285714, 8.181818181818182, 6.137931034482759, 1.6721311475409837, 15.833333333333334, 12.538461538461538, 1.2681159420289856, 5.121212121212121, 1.2696629213483146, 1.4069767441860466]
switch 1 are [0.30990415335463256, 0.11932555123216602, 16.181818181818183, 0.5066666666666667, 0.7983870967741935, 6.674418604651163, 6.674418604651163, 9.619047619047619, 5.5588235294117645, 11.071428571428571, 9.64516129032258, 5.226415094339623, 1.894736842105263]
switch 2 are [0.441747572815534, 8.263157894736842, 12.035714285714286, 5.225352112676056, 7.857142857142857, 3.5090909090909093, 14.375, 4.057142857142857, 9.25, 4.9, 8.833333333333334, 13.75, 0.782608695652174, 0.6093023255813953, 0.5189003436426117, 5.321428571428571]
switch 3 are [2.441666666666667, 13.75, 4.7, 9.428571428571429, 0.753731343283582, 10.0625, 3.425, 6.434782608695652, 11.166666666666666, 1.2771084337349397, 0.5089605734767025, 1.3108108108108107, 1.4680851063829787, 5.096774193548387]
switch 4 are [0.5594059405940595, 0.4444444444444444, 2.3035714285714284, 1.108695652173913, 5.107142857142857, 5.107142857142857, 12.153846153846153, 11.933333333333334, 13.25, 4.583333333333333, 1.588235294117647, 1.5694444444444444, 9.777777777777779, 7.142857142857143, 5.576923076923077, 11.333333333333334]
switch 5 are [0.26200873362445415, 0.9230769230769231, 4.869565217391305, 12.25, 1.3484848484848484, 11.5, 2.75, 4.166666666666667, 0.1380952380952381, 7.4375, 9.0, 6.5]
switch 6 are []
switch 7 are []
switch 8 are [16.181818181818183, 11.6, 5.75, 1.8928571428571428, 1.953125, 5.75, 6.0, 2.2419354838709675, 6.838709677419355, 0.6875, 13.538461538461538, 10.8125, 2.769230769230769, 11.6, 6.56, 6.0, 6.413793103448276, 14.75, 3.5681818181818183, 14.75]
switch 9 are [8.263157894736842, 10.423076923076923, 2.0588235294117645, 5.035714285714286, 11.380952380952381, 3.4, 2.38, 1.047244094488189, 10.266666666666667, 6.913043478260869, 3.683333333333333, 2.0531914893617023, 8.064516129032258, 3.466666666666667, 14.166666666666666, 8.1, 11.071428571428571, 13.083333333333334]
switch 10 are [6.0, 3.017857142857143, 6.642857142857143, 5.866666666666666, 1.2407407407407407, 2.6785714285714284, 2.4705882352941178, 2.0517241379310347, 0.47692307692307695, 5.321428571428571, 1.367816091954023, 13.75, 4.6]
switch 11 are [2.3214285714285716, 0.35269709543568467, 8.3, 1.212962962962963, 7.535714285714286, 5.791666666666667, 16.071428571428573, 1.8181818181818181, 2.873015873015873, 2.6222222222222222, 1.043010752688172, 9.1875, 14.833333333333334]
switch 12 are [5.107142857142857, 1.703125, 11.333333333333334, 8.0, 15.5, 8.61111111111111, 15.5, 6.708333333333333, 9.058823529411764, 6.92, 6.615384615384615, 9.8125, 13.416666666666666, 14.545454545454545]
switch 13 are [1.509433962264151, 12.25, 1.3294117647058823, 4.678571428571429, 11.23076923076923, 0.4189723320158103, 2.5238095238095237, 3.8055555555555554, 9.4375, 9.6, 5.36, 3.914285714285714, 8.9375, 14.181818181818182, 5.423076923076923, 11.846153846153847, 10.0]
switch 14 are [0.0, 0.0, 0.0]
switch 15 are [0.1875, 0.0, 0.0]
switch 16 are [4.5, 5.142857142857143, 5.0, 0.48502994011976047, 0.09404045926735921, 4.337078651685394, 2.276595744680851, 1.4, 11.333333333333334, 2.5813953488372094, 14.272727272727273, 13.0, 9.0, 0.7095588235294118, 7.190476190476191]
switch 17 are [8.142857142857142, 6.5, 7.8, 6.04, 0.49836065573770494, 11.571428571428571, 0.8364779874213837, 0.6623376623376623, 6.111111111111111, 3.759493670886076, 11.933333333333334, 13.666666666666666, 2.2, 2.0, 12.538461538461538, 4.333333333333333, 13.666666666666666]
switch 18 are [4.107142857142857, 4.0, 0.27184466019417475, 2.185185185185185, 12.5, 13.727272727272727, 7.9375, 4.333333333333333, 10.916666666666666, 7.5, 1.6984126984126984, 10.916666666666666, 0.6701030927835051, 8.533333333333333, 5.4]
switch 19 are [0.8629032258064516, 5.571428571428571, 5.571428571428571, 4.964285714285714, 8.1, 5.066666666666666, 4.391304347826087, 0.04016316284907436, 12.916666666666666, 4.352941176470588, 1.2266666666666666, 14.166666666666666, 4.756756756756757, 3.3333333333333335]
switch_are_with_trim_mean [4.642455074298595, 5.270855279341203, 6.065226727581565, 4.797141438196759, 5.703217330399383, 4.875730238924421, nan, nan, 7.259121086913296, 6.852744042623476, 3.7507500143909884, 5.230821498746719, 9.635729165986518, 6.789737863279483, 0.0, 0.0625, 5.150486551963023, 6.5397000678557875, 6.207564910271096, 5.092865141444673]
4 algo
d: 5 w: 6 k: 3
all [5.666666666666667] 

ans 5.666666666666667 

number 1 average are:  1.3974119442101367 total flow 225  
number 2 average are:  2.677083333333333 total flow 2  


2-1 [19.3125, 7.818181818181818, 7.083333333333333, 6.416666666666667]
2-2 [3.3125, 5.2727272727272725, 5.666666666666667, 2.0416666666666665]
3-1 []
3-2 []
3-3 []
4_algo_switch_ 0 = 227
4_algo_switch_ 1 = 238
4_algo_switch_ 2 = 241
4_algo_switch_ 3 = 200
4_algo_switch_ 4 = 324
4_algo_switch_ 5 = 194
4_algo_switch_ 6 = 4
4_algo_switch_ 7 = 4
4_algo_switch_ 8 = 410
4_algo_switch_ 9 = 408
4_algo_switch_ 10 = 398
4_algo_switch_ 11 = 398
4_algo_switch_ 12 = 466
4_algo_switch_ 13 = 464
4_algo_switch_ 14 = 14
4_algo_switch_ 15 = 14
4_algo_switch_ 16 = 284
4_algo_switch_ 17 = 284
4_algo_switch_ 18 = 288
4_algo_switch_ 19 = 284
[227, 238, 241, 200, 324, 194, 4, 4, 410, 408, 398, 398, 466, 464, 14, 14, 284, 284, 288, 284]
num_of_flow_in_switch [14, 15, 15, 15, 13, 15, 0, 0, 17, 16, 15, 16, 11, 14, 4, 1, 12, 15, 19, 16]
switch 0 are [0.085, 0.0, 0.020588235294117647, 1.5, 1.6785714285714286, 2.409090909090909, 0.8352941176470589, 1.5, 5.35, 4.769230769230769, 0.18571428571428572, 3.1818181818181817, 0.24509803921568626, 1.35]
switch 1 are [0.38977635782747605, 0.06614785992217899, 5.2727272727272725, 0.14, 1.1923076923076923, 0.25, 1.0714285714285714, 0.1693548387096774, 1.5625, 0.8214285714285714, 1.4583333333333333, 0.6166666666666667, 2.411764705882353, 0.5465116279069767, 5.666666666666667]
switch 2 are [0.15048543689320387, 1.105263157894737, 2.2857142857142856, 0.07042253521126761, 2.5357142857142856, 0.7142857142857143, 0.07142857142857142, 0.7636363636363637, 0.009259259259259259, 0.3655913978494624, 2.3333333333333335, 4.75, 1.2162162162162162, 0.6857142857142857, 1.1904761904761905]
switch 3 are [0.49166666666666664, 0.6428571428571429, 2.0714285714285716, 0.9666666666666667, 0.2962962962962963, 1.25, 1.15, 2.4583333333333335, 3.2142857142857144, 4.25, 0.4594594594594595, 0.3829787234042553, 0.5125, 0.3442622950819672, 1.064516129032258]
switch 4 are [0.24504950495049505, 0.06837606837606838, 0.14285714285714285, 0.31521739130434784, 1.3214285714285714, 2.3125, 2.03125, 4.0, 0.65625, 0.07936507936507936, 1.4444444444444444, 1.5, 1.45]
switch 5 are [0.13100436681222707, 0.7692307692307693, 4.695652173913044, 3.6666666666666665, 0.4235294117647059, 0.08870967741935484, 0.8214285714285714, 0.34375, 0.9642857142857143, 0.7, 1.5625, 2.3333333333333335, 1.2777777777777777, 3.6666666666666665, 2.923076923076923]
switch 6 are []
switch 7 are []
switch 8 are [5.2727272727272725, 4.733333333333333, 1.6071428571428572, 0.453125, 1.5714285714285714, 1.15625, 1.1904761904761905, 1.7777777777777777, 0.17647058823529413, 0.6744186046511628, 2.0416666666666665, 1.9655172413793103, 0.5851063829787234, 1.7878787878787878, 2.8333333333333335, 1.7419354838709677, 0.6853932584269663]
switch 9 are [1.1071428571428572, 0.3488372093023256, 0.08064516129032258, 4.533333333333333, 0.7, 0.04, 2.1875, 3.25, 3.5, 2.32, 1.4761904761904763, 1.1851851851851851, 1.2424242424242424, 1.5454545454545454, 1.0, 5.666666666666667]
switch 10 are [0.6785714285714286, 0.8333333333333334, 0.8214285714285714, 0.3619402985074627, 0.475, 3.5833333333333335, 3.4680851063829787, 2.8253968253968256, 0.13385826771653545, 2.4, 0.6, 0.04659498207885305, 1.4, 0.2318840579710145, 3.230769230769231]
switch 11 are [0.1908713692946058, 2.75, 1.7142857142857142, 1.7142857142857142, 3.3125, 0.1956521739130435, 0.010934937124111536, 0.4936708860759494, 1.5, 0.3373493975903614, 3.75, 0.8275862068965517, 0.41379310344827586, 5.083333333333333, 2.25, 0.07560137457044673]
switch 12 are [1.2857142857142858, 1.0357142857142858, 1.2857142857142858, 0.10032362459546926, 2.0, 1.6428571428571428, 1.7, 0.8333333333333334, 4.266666666666667, 3.3333333333333335, 0.3684210526315789]
switch 13 are [0.3584905660377358, 0.3333333333333333, 2.2857142857142856, 0.7142857142857143, 1.0357142857142858, 1.88, 0.1467065868263473, 0.32075471698113206, 1.0, 3.1666666666666665, 3.1666666666666665, 3.4375, 4.333333333333333, 1.064516129032258]
switch 14 are [0.7272727272727273, 0.0025101976780671476, 0.1896551724137931, 0.0]
switch 15 are [0.0]
switch 16 are [0.6625, 0.3484848484848485, 0.9841269841269841, 0.28888888888888886, 0.4, 0.2268041237113402, 0.4583333333333333, 4.882352941176471, 0.20930232558139536, 3.5454545454545454, 1.2857142857142858, 0.8867924528301887]
switch 17 are [1.6785714285714286, 0.013114754098360656, 0.6666666666666666, 0.5, 5.2, 3.9166666666666665, 3.2, 0.9142857142857143, 1.2333333333333334, 0.575, 0.0625, 2.0416666666666665, 0.7692307692307693, 3.1666666666666665, 1.8095238095238095]
switch 18 are [0.32142857142857145, 3.3125, 2.4375, 4.923076923076923, 2.869565217391304, 3.2666666666666666, 3.4166666666666665, 5.416666666666667, 2.736842105263158, 0.6511627906976745, 4.75, 2.8, 3.4444444444444446, 1.3888888888888888, 1.9615384615384615, 2.0476190476190474, 0.9565217391304348, 2.8, 3.4166666666666665]
switch 19 are [1.7741935483870968, 5.4375, 0.5, 2.085714285714286, 0.11688311688311688, 0.5955056179775281, 0.18095238095238095, 0.9705882352941176, 4.666666666666667, 4.133333333333334, 1.1388888888888888, 5.636363636363637, 0.9642857142857143, 0.4057971014492754, 2.357142857142857, 4.0]
switch_are_with_trim_mean [1.4800338305485363, 1.2232922798629684, 1.03756013648984, 1.1545349770935414, 1.04530564857728, 1.5064038616187196, nan, nan, 1.6536522326229768, 1.7483366435945205, 1.3430974707751833, 1.3946854243114757, 1.4983430799220274, 1.563636863702673, 0.22985952434114687, 0.0, 0.9087099462544416, 1.579547055508594, 2.7752740951794315, 2.0864691878637247]
4 algo
d: 5 w: 9 k: 3
all [2.8333333333333335] 

ans 2.8333333333333335 

number 1 average are:  0.4283073871455103 total flow 219  
number 2 average are:  1.3254608294930874 total flow 8  


2-1 [6.333333333333333, 4.5, 3.9166666666666665, 3.8125, 3.5833333333333335, 3.4166666666666665, 3.0, 3.0, 2.903225806451613, 2.8461538461538463]
2-2 [1.3333333333333333, 1.25, 1.6666666666666667, 1.5, 1.75, 2.8333333333333335, 0.5714285714285714, 1.5, 1.032258064516129, 2.1538461538461537]
3-1 []
3-2 []
3-3 []
4_algo_switch_ 0 = 227
4_algo_switch_ 1 = 238
4_algo_switch_ 2 = 241
4_algo_switch_ 3 = 200
4_algo_switch_ 4 = 324
4_algo_switch_ 5 = 194
4_algo_switch_ 6 = 0
4_algo_switch_ 7 = 0
4_algo_switch_ 8 = 408
4_algo_switch_ 9 = 410
4_algo_switch_ 10 = 398
4_algo_switch_ 11 = 398
4_algo_switch_ 12 = 464
4_algo_switch_ 13 = 466
4_algo_switch_ 14 = 10
4_algo_switch_ 15 = 10
4_algo_switch_ 16 = 286
4_algo_switch_ 17 = 284
4_algo_switch_ 18 = 286
4_algo_switch_ 19 = 284
[227, 238, 241, 200, 324, 194, 0, 0, 408, 410, 398, 398, 464, 466, 10, 10, 286, 284, 286, 284]
num_of_flow_in_switch [19, 21, 19, 15, 18, 15, 0, 0, 18, 15, 14, 11, 15, 13, 2, 3, 15, 11, 15, 10]
switch 0 are [0.235, 0.03125, 0.026470588235294117, 0.7142857142857143, 0.0, 1.25, 0.36363636363636365, 0.17647058823529413, 0.5, 0.17857142857142858, 0.15, 0.35714285714285715, 0.5333333333333333, 2.5238095238095237, 0.04, 0.6666666666666666, 0.20588235294117646, 1.032258064516129, 1.75]
switch 1 are [0.012779552715654952, 0.0012970168612191958, 2.6363636363636362, 0.4266666666666667, 2.4, 1.2857142857142858, 0.5714285714285714, 0.2661290322580645, 0.35714285714285715, 0.2903225806451613, 1.8, 0.325, 0.5384615384615384, 1.5, 0.005334170065892689, 0.2647058823529412, 1.0, 0.2222222222222222, 0.14893617021276595, 0.5, 0.22093023255813954]
switch 2 are [0.05339805825242718, 1.1578947368421053, 0.32142857142857145, 0.04225352112676056, 0.21428571428571427, 2.25, 1.0, 0.12727272727272726, 0.008298755186721992, 1.4, 0.0, 0.9629629629629629, 0.7142857142857143, 1.8181818181818181, 0.0, 0.3333333333333333, 0.1111111111111111, 0.06521739130434782, 1.1875]
switch 3 are [0.09166666666666666, 0.10714285714285714, 0.35714285714285715, 0.5666666666666667, 0.1388888888888889, 0.4642857142857143, 0.0, 0.1, 0.029850746268656716, 0.2857142857142857, 0.4375, 0.125, 0.06329113924050633, 1.0833333333333333, 0.8333333333333334]
switch 4 are [0.019801980198019802, 0.004273504273504274, 0.05357142857142857, 0.0, 0.0, 0.5357142857142857, 0.7857142857142857, 0.0, 0.4642857142857143, 0.03125, 1.0357142857142858, 0.042071197411003236, 2.1538461538461537, 1.3333333333333333, 0.1111111111111111, 2.75, 0.34615384615384615, 1.4615384615384615]
switch 5 are [0.08296943231441048, 0.2564102564102564, 0.043478260869565216, 2.75, 0.15151515151515152, 0.4470588235294118, 0.27419354838709675, 0.5357142857142857, 0.2857142857142857, 0.0, 0.03571428571428571, 2.8333333333333335, 0.3333333333333333, 0.3888888888888889, 0.5555555555555556]
switch 6 are []
switch 7 are []
switch 8 are [0.42857142857142855, 0.0625, 0.1935483870967742, 0.12, 1.5, 0.6666666666666666, 0.0, 0.05714285714285714, 0.5, 1.25, 2.6363636363636362, 0.14285714285714285, 0.75, 2.0, 1.032258064516129, 0.23333333333333334, 0.15730337078651685, 1.75]
switch 9 are [0.6538461538461539, 1.1071428571428572, 0.5714285714285714, 0.0, 0.18604651162790697, 0.018518518518518517, 0.13725490196078433, 1.6875, 0.46511627906976744, 0.15151515151515152, 0.11235955056179775, 1.3125, 0.8235294117647058, 0.18333333333333332, 0.9285714285714286]
switch 10 are [0.14285714285714285, 0.4166666666666667, 1.6666666666666667, 0.0, 0.021739130434782608, 0.008201202843083653, 1.3333333333333333, 0.0, 0.0, 0.13333333333333333, 0.05737704918032787, 0.30303030303030304, 0.041237113402061855, 1.3333333333333333]
switch 11 are [1.3928571428571428, 2.8125, 0.011857707509881422, 0.3404255319148936, 0.06349206349206349, 0.13043478260869565, 0.1968503937007874, 0.075, 0.3103448275862069, 1.0, 0.30303030303030304]
switch 12 are [0.7666666666666667, 1.5, 2.8333333333333335, 1.05, 0.8333333333333334, 0.023809523809523808, 0.36507936507936506, 2.0, 0.0, 2.6363636363636362, 0.42857142857142855, 0.8076923076923077, 0.14285714285714285, 1.75, 0.22641509433962265]
switch 13 are [0.0, 0.875, 0.0625, 2.1538461538461537, 0.08, 0.05688622754491018, 0.1509433962264151, 0.02857142857142857, 0.7222222222222222, 0.1875, 0.6, 0.4642857142857143, 0.42857142857142855]
switch 14 are [0.0, 0.0]
switch 15 are [0.0, 0.0, 0.0]
switch 16 are [1.5, 0.5, 0.12, 0.24615384615384617, 1.25, 1.368421052631579, 0.72, 0.4166666666666667, 0.30851063829787234, 0.1125, 0.06985294117647059, 0.11494252873563218, 0.9230769230769231, 0.2702702702702703, 0.22807017543859648]
switch 17 are [1.6666666666666667, 0.5833333333333334, 0.09278350515463918, 0.14285714285714285, 1.6666666666666667, 0.4782608695652174, 0.06521739130434782, 0.75, 0.6285714285714286, 0.9090909090909091, 0.7619047619047619]
switch 18 are [0.25, 0.3333333333333333, 0.6923076923076923, 0.26666666666666666, 0.041666666666666664, 0.08108108108108109, 0.08333333333333333, 0.8888888888888888, 1.75, 0.8461538461538461, 1.5833333333333333, 0.9333333333333333, 1.2, 0.3870967741935484, 1.9166666666666667]
switch 19 are [1.0, 0.32, 0.23255813953488372, 1.9166666666666667, 0.27586206896551724, 0.25, 0.5833333333333334, 0.17204301075268819, 1.24, 0.08837209302325581]
switch_are_with_trim_mean [0.4829981151508387, 0.5723787995516981, 0.5598484950337833, 0.27696024271926406, 0.5236487242415896, 0.4723497006112713, nan, nan, 0.677761328185678, 0.5116278976416135, 0.315925717367864, 0.4236038939100103, 0.9639068075933097, 0.33240731067473805, 0.0, 0.0, 0.5060470847131836, 0.6681631796826778, 0.7150406371250043, 0.5092245690733028]
4 algo
d: 6 w: 9 k: 3
all [2.090909090909091] 

ans 2.090909090909091 

number 1 average are:  0.46428773918250654 total flow 221  
number 2 average are:  0.9570112893642305 total flow 6  


2-1 [3.875, 3.466666666666667, 2.75, 2.5454545454545454, 2.3823529411764706, 2.3333333333333335, 2.3333333333333335, 2.3076923076923075, 2.1818181818181817, 2.1818181818181817]
2-2 [1.0, 1.2, 0.6666666666666666, 1.3636363636363635, 0.4117647058823529, 0.9333333333333333, 0.8333333333333334, 1.5384615384615385, 1.0, 2.090909090909091]
3-1 []
3-2 []
3-3 []
4_algo_switch_ 0 = 227
4_algo_switch_ 1 = 238
4_algo_switch_ 2 = 241
4_algo_switch_ 3 = 200
4_algo_switch_ 4 = 324
4_algo_switch_ 5 = 194
4_algo_switch_ 6 = 4
4_algo_switch_ 7 = 2
4_algo_switch_ 8 = 408
4_algo_switch_ 9 = 410
4_algo_switch_ 10 = 398
4_algo_switch_ 11 = 398
4_algo_switch_ 12 = 464
4_algo_switch_ 13 = 466
4_algo_switch_ 14 = 12
4_algo_switch_ 15 = 12
4_algo_switch_ 16 = 284
4_algo_switch_ 17 = 282
4_algo_switch_ 18 = 286
4_algo_switch_ 19 = 286
[227, 238, 241, 200, 324, 194, 4, 2, 408, 410, 398, 398, 464, 466, 12, 12, 284, 282, 286, 286]
num_of_flow_in_switch [19, 17, 18, 16, 16, 19, 0, 0, 20, 22, 13, 10, 14, 11, 2, 0, 10, 15, 14, 13]
switch 0 are [0.005, 0.0, 0.12941176470588237, 0.42857142857142855, 0.7857142857142857, 0.32142857142857145, 0.9545454545454546, 0.0, 0.28125, 0.32142857142857145, 0.28125, 1.5384615384615385, 1.8125, 0.1111111111111111, 1.75, 1.0769230769230769, 0.8333333333333334, 1.1666666666666667, 1.0]
switch 1 are [0.012779552715654952, 0.03631647211413749, 0.5454545454545454, 0.5333333333333333, 0.9333333333333333, 0.7307692307692307, 0.17857142857142858, 0.14516129032258066, 0.0625, 1.6071428571428572, 0.03225806451612903, 0.625, 0.29375, 1.5714285714285714, 0.05319148936170213, 0.35294117647058826, 0.12280701754385964]
switch 2 are [0.009708737864077669, 0.9473684210526315, 0.75, 0.1267605633802817, 0.17857142857142858, 0.0, 0.7142857142857143, 0.08928571428571429, 0.509090909090909, 0.024896265560165973, 0.9, 0.1, 0.027777777777777776, 0.0, 1.3125, 0.2692307692307692, 0.1891891891891892, 0.9166666666666666]
switch 3 are [0.025, 1.0357142857142858, 1.2142857142857142, 1.1, 0.21296296296296297, 0.10714285714285714, 0.0, 0.65, 0.20833333333333334, 1.5, 1.25, 0.375, 0.0038272279934390375, 0.0625, 0.5833333333333334, 0.45161290322580644]
switch 4 are [0.017326732673267328, 0.017094017094017096, 0.03571428571428571, 0.32608695652173914, 0.1320754716981132, 0.21428571428571427, 1.3571428571428572, 0.42857142857142855, 0.35714285714285715, 0.2857142857142857, 0.016181229773462782, 0.3076923076923077, 0.28, 0.1276595744680851, 0.75, 0.9285714285714286]
switch 5 are [0.026200873362445413, 1.0769230769230769, 0.6086956521739131, 1.0833333333333333, 1.5757575757575757, 0.4470588235294118, 0.08064516129032258, 0.21428571428571427, 1.2857142857142858, 0.0, 1.09375, 0.03571428571428571, 0.8571428571428571, 0.3333333333333333, 0.08982035928143713, 1.0, 0.0, 0.7777777777777778, 2.090909090909091]
switch 6 are []
switch 7 are []
switch 8 are [1.0, 0.7142857142857143, 0.6612903225806451, 0.21428571428571427, 0.09523809523809523, 0.0, 1.8125, 0.8666666666666667, 0.2727272727272727, 0.4117647058823529, 0.6428571428571429, 1.7333333333333334, 0.64, 0.3888888888888889, 0.44086021505376344, 1.393939393939394, 0.8333333333333334, 0.26666666666666666, 0.22093023255813954, 0.3870967741935484]
switch 9 are [1.0, 0.8, 0.6046511627906976, 1.2, 0.6111111111111112, 0.0, 1.5, 0.11627906976744186, 1.5384615384615385, 0.005961719485409476, 0.045454545454545456, 0.2692307692307692, 2.0, 0.9333333333333333, 0.0625, 1.75, 0.7391304347826086, 0.08695652173913043, 0.8666666666666667, 0.3181818181818182, 0.6129032258064516, 0.30337078651685395]
switch 10 are [0.04477611940298507, 0.15081967213114755, 0.043478260869565216, 0.625, 0.9166666666666666, 0.15517241379310345, 0.0, 0.044444444444444446, 0.6521739130434783, 0.12048192771084337, 0.2857142857142857, 0.04918032786885246, 0.050724637681159424]
switch 11 are [0.5714285714285714, 1.0, 0.05928853754940711, 0.46808510638297873, 0.12658227848101267, 0.11811023622047244, 0.9655172413793104, 1.25, 1.0, 0.03436426116838488]
switch 12 are [0.28125, 0.8571428571428571, 0.08333333333333333, 1.65, 1.4615384615384615, 0.047619047619047616, 0.203125, 0.07936507936507936, 1.1666666666666667, 0.3125, 2.090909090909091, 0.6666666666666666, 0.5, 0.37735849056603776]
switch 13 are [0.34375, 0.5714285714285714, 0.05555555555555555, 0.6, 0.4166666666666667, 0.3333333333333333, 0.6111111111111112, 0.7692307692307693, 1.5833333333333333, 1.3636363636363635, 0.40476190476190477]
switch 14 are [0.0, 0.0]
switch 15 are []
switch 16 are [0.12307692307692308, 0.5, 0.2857142857142857, 0.1388888888888889, 0.9411764705882353, 0.06896551724137931, 0.76, 0.5172413793103449, 0.5625, 1.05]
switch 17 are [0.4117647058823529, 0.19047619047619047, 0.75, 1.3333333333333333, 0.9473684210526315, 1.25, 0.45454545454545453, 1.5833333333333333, 0.5833333333333334, 0.14864864864864866, 0.13725490196078433, 0.75, 1.0769230769230769, 0.037209302325581395, 1.0666666666666667]
switch 18 are [1.2, 0.16853932584269662, 0.030927835051546393, 1.2, 0.18604651162790697, 0.06451612903225806, 1.3333333333333333, 1.1666666666666667, 0.20833333333333334, 0.2692307692307692, 1.25, 0.5428571428571428, 0.65, 1.3636363636363635]
switch 19 are [0.9333333333333333, 0.3333333333333333, 0.75, 0.5333333333333333, 0.32, 1.4166666666666667, 0.16666666666666666, 0.25, 1.3333333333333333, 0.029411764705882353, 0.8888888888888888, 0.6190476190476191, 0.24242424242424243]
switch_are_with_trim_mean [0.6461821060523483, 0.414454396881296, 0.3595520098097079, 0.5199794727136952, 0.3005667900105378, 0.622714888801163, nan, nan, 0.5847245652449528, 0.6449017213246093, 0.20199690933271502, 0.5386264964302191, 0.636578879606592, 0.6015465244631911, 0.0, nan, 0.47857474344733475, 0.7000242102171133, 0.6866269343270089, 0.57912370457825]
[19.083333333333332, 12.25, 13.666666666666666] 151.77.15.40 41.177.241.46
4 algo
d: 5 w: 3 k: 5
all [14.583333333333334] 

ans 14.583333333333334 

number 1 average are:  4.588606906304388 total flow 214  
number 2 average are:  9.143762327416173 total flow 13  


2-1 [23.0, 17.25, 17.1875, 16.818181818181817, 16.8, 16.733333333333334, 16.133333333333333, 16.076923076923077, 15.866666666666667, 15.647058823529411, 15.181818181818182, 15.181818181818182, 15.181818181818182, 15.375, 15.0, 15.0, 14.666666666666666, 15.583333333333334]
2-2 [10.75, 0.0, 9.9375, 14.181818181818182, 9.8, 9.0, 9.8, 5.423076923076923, 9.933333333333334, 8.0, 11.545454545454545, 11.454545454545455, 13.636363636363637, 7.125, 14.583333333333334, 13.5, 13.416666666666666, 12.5]
3-1 [19.083333333333332]
3-2 [12.25]
3-3 [13.666666666666666]
4_algo_switch_ 0 = 227
4_algo_switch_ 1 = 238
4_algo_switch_ 2 = 241
4_algo_switch_ 3 = 200
4_algo_switch_ 4 = 324
4_algo_switch_ 5 = 194
4_algo_switch_ 6 = 4
4_algo_switch_ 7 = 2
4_algo_switch_ 8 = 406
4_algo_switch_ 9 = 412
4_algo_switch_ 10 = 400
4_algo_switch_ 11 = 394
4_algo_switch_ 12 = 464
4_algo_switch_ 13 = 466
4_algo_switch_ 14 = 12
4_algo_switch_ 15 = 14
4_algo_switch_ 16 = 292
4_algo_switch_ 17 = 284
4_algo_switch_ 18 = 280
4_algo_switch_ 19 = 284
[227, 238, 241, 200, 324, 194, 4, 2, 406, 412, 400, 394, 464, 466, 12, 14, 292, 284, 280, 284]
num_of_flow_in_switch [15, 17, 13, 18, 14, 19, 1, 1, 15, 18, 12, 15, 14, 13, 4, 3, 20, 16, 15, 16]
switch 0 are [0.415, 0.31640625, 0.4764705882352941, 6.214285714285714, 7.428571428571429, 3.3488372093023258, 10.6875, 2.0606060606060606, 10.80952380952381, 8.185185185185185, 13.666666666666666, 5.448275862068965, 4.9411764705882355, 14.583333333333334, 2.1166666666666667]
switch 1 are [0.3801916932907348, 0.2204928664072633, 14.181818181818182, 9.933333333333334, 1.3333333333333333, 5.0, 11.238095238095237, 14.076923076923077, 4.647058823529412, 10.6, 9.12, 3.283333333333333, 1.6914893617021276, 3.3636363636363638, 14.583333333333334, 5.32258064516129, 13.5]
switch 2 are [0.32038834951456313, 7.421052631578948, 8.5, 4.714285714285714, 1.8571428571428572, 3.3035714285714284, 0.6190476190476191, 0.8976377952755905, 2.057471264367816, 1.967741935483871, 9.461538461538462, 11.307692307692308, 3.5714285714285716]
switch 3 are [2.35, 5.0, 5.0, 0.7222222222222222, 0.5671641791044776, 7.5, 11.0, 4.913043478260869, 13.909090909090908, 8.931034482758621, 5.56, 2.891891891891892, 4.7125, 2.6, 0.4632352941176471, 12.666666666666666, 10.333333333333334, 3.3870967741935485]
switch 4 are [0.1905940594059406, 0.3076923076923077, 2.017857142857143, 0.8804347826086957, 1.4433962264150944, 13.416666666666666, 6.107142857142857, 4.633333333333334, 13.083333333333334, 12.5, 4.527777777777778, 4.633333333333334, 2.513888888888889, 7.45]
switch 5 are [0.5720524017467249, 1.7179487179487178, 4.956521739130435, 13.416666666666666, 3.9285714285714284, 11.545454545454545, 2.8333333333333335, 3.566666666666667, 1.746031746031746, 10.533333333333333, 10.5, 10.066666666666666, 4.52, 7.125, 9.833333333333334, 7.125, 6.611111111111111, 11.454545454545455, 9.833333333333334]
switch 6 are [0.0]
switch 7 are [0.0]
switch 8 are [0.6133333333333333, 5.214285714285714, 2.390625, 1.8064516129032258, 2.48, 10.6, 13.31578947368421, 8.666666666666666, 8.0, 0.9202898550724637, 7.9393939393939394, 3.7027027027027026, 13.5, 4.612903225806452, 1.3333333333333333]
switch 9 are [14.181818181818182, 5.357142857142857, 5.423076923076923, 7.090909090909091, 2.447058823529412, 4.964285714285714, 3.45, 0.8, 2.883720930232558, 10.6875, 3.9655172413793105, 0.8896103896103896, 2.5531914893617023, 13.666666666666666, 1.8314606741573034, 2.9186046511627906, 10.866666666666667, 13.636363636363637]
switch 10 are [3.704225352112676, 3.84375, 3.933333333333333, 0.3611111111111111, 1.962962962962963, 2.217391304347826, 8.866666666666667, 0.46953405017921146, 0.8442622950819673, 8.875, 11.25, 3.0952380952380953]
switch 11 are [3.892857142857143, 1.490909090909091, 0.3941908713692946, 7.45, 4.2, 4.571428571428571, 13.75, 6.8, 0.26557377049180325, 5.555555555555555, 1.0963855421686748, 13.333333333333334, 7.45, 5.142857142857143, 13.083333333333334]
switch 12 are [9.933333333333334, 4.964285714285714, 4.857142857142857, 4.566666666666666, 5.0, 11.0, 7.35, 1.6067415730337078, 0.30039525691699603, 3.861111111111111, 7.0, 5.0, 5.423076923076923, 9.4375]
switch 13 are [1.4242424242424243, 1.8470588235294119, 0.8790322580645161, 5.214285714285714, 6.035714285714286, 7.821428571428571, 12.846153846153847, 11.428571428571429, 3.4, 3.888888888888889, 1.32, 13.666666666666666, 5.96]
switch 14 are [0.14285714285714285, 0.8928571428571429, 0.0, 0.0]
switch 15 are [0.6666666666666666, 0.0, 0.0]
switch 16 are [4.464285714285714, 13.714285714285714, 0.8548387096774194, 4.642857142857143, 0.6826347305389222, 11.545454545454545, 3.5142857142857142, 9.25, 11.75, 9.2, 11.454545454545455, 8.0, 11.777777777777779, 5.423076923076923, 13.833333333333334, 6.523809523809524, 5.869565217391305, 0.7116279069767442, 0.41580756013745707, 11.75]
switch 17 are [6.928571428571429, 5.9375, 13.833333333333334, 2.176470588235294, 10.125, 0.037339190461248825, 1.8253968253968254, 1.78125, 12.5, 1.0618556701030928, 10.066666666666666, 3.6285714285714286, 9.8, 0.8936170212765957, 5.5, 10.571428571428571]
switch 18 are [9.75, 3.5, 0.48220064724919093, 2.8846153846153846, 3.3555555555555556, 12.23076923076923, 1.457142857142857, 0.6230769230769231, 13.333333333333334, 2.813953488372093, 7.166666666666667, 12.23076923076923, 3.9696969696969697, 6.809523809523809, 2.69811320754717]
switch 19 are [4.75, 9.4, 4.03125, 10.5, 0.05303444505194095, 0.6477987421383647, 12.416666666666666, 2.7088607594936707, 5.708333333333333, 10.533333333333333, 7.125, 0.0, 1.0392156862745099, 7.944444444444445, 0.9927536231884058, 13.636363636363637]
switch_are_with_trim_mean [5.830674281669257, 7.178119558943762, 4.033719843520079, 5.5084345642769765, 5.008182498615231, 6.93510890643883, 0.0, 0.0, 5.460187809526824, 5.7894859846590645, 3.7812364059922743, 5.727757737216319, 5.749988181554193, 5.562394907528597, 0.25892857142857145, 0.2222222222222222, 7.295757789383642, 5.914023442874993, 5.345375640287376, 5.560763645280334]
4 algo
d: 5 w: 6 k: 5
all [6.833333333333333] 

ans 6.833333333333333 

number 1 average are:  1.3512332408154373 total flow 223  
number 2 average are:  2.631547619047619 total flow 4  


2-1 [7.333333333333333, 7.133333333333334, 7.035714285714286, 6.833333333333333]
2-2 [2.2666666666666666, 3.533333333333333, 1.6428571428571428, 3.0833333333333335]
3-1 []
3-2 []
3-3 []
4_algo_switch_ 0 = 227
4_algo_switch_ 1 = 238
4_algo_switch_ 2 = 241
4_algo_switch_ 3 = 200
4_algo_switch_ 4 = 324
4_algo_switch_ 5 = 194
4_algo_switch_ 6 = 2
4_algo_switch_ 7 = 2
4_algo_switch_ 8 = 408
4_algo_switch_ 9 = 410
4_algo_switch_ 10 = 398
4_algo_switch_ 11 = 398
4_algo_switch_ 12 = 462
4_algo_switch_ 13 = 468
4_algo_switch_ 14 = 12
4_algo_switch_ 15 = 10
4_algo_switch_ 16 = 286
4_algo_switch_ 17 = 284
4_algo_switch_ 18 = 284
4_algo_switch_ 19 = 284
[227, 238, 241, 200, 324, 194, 2, 2, 408, 410, 398, 398, 462, 468, 12, 10, 286, 284, 284, 284]
num_of_flow_in_switch [17, 16, 17, 13, 14, 15, 0, 0, 18, 18, 18, 15, 13, 13, 2, 1, 12, 14, 15, 12]
switch 0 are [0.155, 0.28125, 0.020588235294117647, 1.3571428571428572, 2.2142857142857144, 2.2142857142857144, 0.046875, 1.3571428571428572, 5.923076923076923, 4.3125, 2.4, 0.7241379310344828, 0.36231884057971014, 0.35507246376811596, 0.7833333333333333, 1.5, 1.3870967741935485]
switch 1 are [0.1757188498402556, 0.03501945525291829, 3.272727272727273, 0.16, 2.6, 5.230769230769231, 2.4375, 0.6, 0.23529411764705882, 3.533333333333333, 3.066666666666667, 2.2666666666666666, 1.8333333333333333, 1.6111111111111112, 0.27956989247311825, 0.4044943820224719]
switch 2 are [0.1407766990291262, 0.8421052631578947, 0.8571428571428571, 0.39436619718309857, 2.392857142857143, 1.1785714285714286, 0.8035714285714286, 0.5, 0.21818181818181817, 0.1908713692946058, 0.07407407407407407, 3.3333333333333335, 1.3666666666666667, 3.0555555555555554, 2.6666666666666665, 4.083333333333333, 3.3333333333333335]
switch 3 are [0.11666666666666667, 0.6071428571428571, 0.4642857142857143, 1.1666666666666667, 0.018518518518518517, 2.892857142857143, 1.3928571428571428, 6.071428571428571, 1.475, 0.5569620253164557, 0.43243243243243246, 0.21311475409836064, 1.3103448275862069]
switch 4 are [0.04207920792079208, 0.1794871794871795, 0.017857142857142856, 0.09782608695652174, 0.4056603773584906, 1.0714285714285714, 1.1428571428571428, 0.875, 0.59375, 3.4615384615384617, 1.3846153846153846, 3.05, 2.8666666666666667, 2.642857142857143]
switch 5 are [0.056768558951965066, 0.8974358974358975, 2.217391304347826, 3.5, 0.3333333333333333, 0.1411764705882353, 0.04838709677419355, 0.5357142857142857, 1.1428571428571428, 3.625, 0.0748502994011976, 1.0555555555555556, 2.3333333333333335, 1.25, 4.6923076923076925]
switch 6 are []
switch 7 are []
switch 8 are [1.1547619047619047, 0.8214285714285714, 2.0, 0.24193548387096775, 1.1071428571428572, 2.15625, 0.6290322580645161, 0.18518518518518517, 1.3953488372093024, 0.7857142857142857, 0.2078853046594982, 1.4285714285714286, 0.4019607843137255, 4.545454545454546, 1.6521739130434783, 0.9090909090909091, 3.9166666666666665, 0.37209302325581395]
switch 9 are [1.2272727272727273, 0.4470588235294118, 5.15, 2.357142857142857, 1.441860465116279, 0.5483870967741935, 4.0, 0.475, 6.125, 2.2666666666666666, 3.4444444444444446, 3.0833333333333335, 0.09558823529411764, 2.9166666666666665, 0.7701149425287356, 0.4787234042553192, 0.9, 6.833333333333333]
switch 10 are [0.8333333333333334, 4.65, 4.125, 5.166666666666667, 2.75, 0.018589393110989613, 1.2444444444444445, 0.023715415019762844, 0.44680851063829785, 2.4375, 1.96, 1.2777777777777777, 0.6914893617021277, 1.88, 4.25, 2.5384615384615383, 1.25, 1.3870967741935485]
switch 11 are [0.65, 1.3214285714285714, 1.5, 0.875, 0.06343283582089553, 1.326086956521739, 2.5454545454545454, 5.25, 0.42857142857142855, 0.813953488372093, 2.909090909090909, 0.25, 1.1428571428571428, 0.7857142857142857, 2.8333333333333335]
switch 12 are [1.6428571428571428, 2.7857142857142856, 0.07766990291262135, 0.5333333333333333, 0.7333333333333333, 1.7666666666666666, 0.5277777777777778, 3.25, 0.55, 2.1666666666666665, 2.1666666666666665, 1.096774193548387, 0.34210526315789475]
switch 13 are [1.4642857142857142, 1.4642857142857142, 0.03571428571428571, 1.25, 2.4, 3.0, 1.0, 0.8095238095238095, 2.5, 3.4705882352941178, 4.25, 2.2857142857142856, 0.8490566037735849]
switch 14 are [0.0, 0.0]
switch 15 are [0.0]
switch 16 are [0.09375, 0.2878787878787879, 0.84375, 3.533333333333333, 2.933333333333333, 0.6944444444444444, 1.2692307692307692, 1.1923076923076923, 0.9696969696969697, 0.6666666666666666, 0.08247422680412371, 4.090909090909091]
switch 17 are [1.6428571428571428, 1.6428571428571428, 0.6078431372549019, 0.42696629213483145, 3.2, 4.833333333333333, 0.2440944881889764, 5.166666666666667, 0.20618556701030927, 2.1578947368421053, 1.7142857142857142, 0.8918918918918919, 2.8125, 0.15813953488372093]
switch 18 are [2.3333333333333335, 2.2857142857142856, 0.5172413793103449, 3.1666666666666665, 2.769230769230769, 0.6956521739130435, 0.49333333333333335, 3.5833333333333335, 2.04, 1.457142857142857, 0.46987951807228917, 3.0833333333333335, 1.619047619047619, 2.3125, 2.25]
switch 19 are [0.04918032786885246, 1.75, 0.008471917163476624, 0.47619047619047616, 0.6571428571428571, 0.2922077922077922, 0.04285714285714286, 0.8333333333333334, 0.1, 2.1333333333333333, 1.9, 4.25]
switch_are_with_trim_mean [1.296696099051089, 1.605458258987235, 1.4182666506363302, 0.966211839082695, 1.1960189800123244, 1.3202627831937515, nan, nan, 1.1987535142371204, 2.226979464233165, 1.9841016972231769, 1.3370377431803115, 1.301081393611105, 1.8630413057161113, 0.0, 0.0, 1.2484391996891997, 1.6983924538880288, 1.9248612116173527, 0.8234245262933786]
[4.666666666666667, 1.0, 1.8333333333333333] 41.177.241.108 210.218.218.123
4 algo
d: 5 w: 9 k: 5
all [1.8461538461538463] 

ans 1.8461538461538463 

number 1 average are:  0.44686356201919347 total flow 214  
number 2 average are:  0.9824735816981474 total flow 13  


2-1 [4.75, 4.25, 4.0, 2.8461538461538463, 2.8461538461538463, 2.6666666666666665, 2.5, 2.096774193548387, 2.090909090909091, 2.0476190476190474, 2.0, 2.0, 1.9230769230769231, 1.8888888888888888, 2.8181818181818183, 1.8571428571428572]
2-2 [1.4166666666666667, 1.0, 0.8, 1.8461538461538463, 1.1538461538461537, 0.5666666666666667, 0.9375, 0.6774193548387096, 1.8181818181818181, 1.1904761904761905, 0.9642857142857143, 1.25, 1.6153846153846154, 0.5555555555555556, 1.5454545454545454, 0.7142857142857143]
3-1 [4.666666666666667]
3-2 [1.0]
3-3 [1.8333333333333333]
4_algo_switch_ 0 = 227
4_algo_switch_ 1 = 238
4_algo_switch_ 2 = 241
4_algo_switch_ 3 = 200
4_algo_switch_ 4 = 324
4_algo_switch_ 5 = 194
4_algo_switch_ 6 = 4
4_algo_switch_ 7 = 2
4_algo_switch_ 8 = 408
4_algo_switch_ 9 = 410
4_algo_switch_ 10 = 400
4_algo_switch_ 11 = 396
4_algo_switch_ 12 = 466
4_algo_switch_ 13 = 464
4_algo_switch_ 14 = 14
4_algo_switch_ 15 = 14
4_algo_switch_ 16 = 288
4_algo_switch_ 17 = 286
4_algo_switch_ 18 = 284
4_algo_switch_ 19 = 284
[227, 238, 241, 200, 324, 194, 4, 2, 408, 410, 400, 396, 466, 464, 14, 14, 288, 286, 284, 284]
num_of_flow_in_switch [19, 19, 18, 18, 19, 15, 0, 0, 15, 22, 14, 12, 13, 15, 1, 0, 15, 16, 13, 13]
switch 0 are [0.14, 0.0859375, 0.03529411764705882, 0.2857142857142857, 0.8928571428571429, 1.2857142857142858, 0.4090909090909091, 0.203125, 0.14285714285714285, 0.8214285714285714, 0.20930232558139536, 0.3333333333333333, 1.5, 1.0689655172413792, 1.608695652173913, 0.18181818181818182, 0.23595505617977527, 1.8333333333333333, 1.5]
switch 1 are [0.0, 0.014267185473411154, 1.5454545454545454, 0.21333333333333335, 0.26666666666666666, 0.5, 0.39285714285714285, 0.14285714285714285, 0.04032258064516129, 0.25, 0.9642857142857143, 0.2, 1.0, 0.5555555555555556, 0.45, 0.6363636363636364, 0.8709677419354839, 0.31666666666666665, 1.8333333333333333]
switch 2 are [0.0048543689320388345, 0.6842105263157895, 1.0, 0.352112676056338, 0.03571428571428571, 0.5357142857142857, 0.017857142857142856, 0.21818181818181817, 0.0, 0.1, 0.36666666666666664, 0.10714285714285714, 0.17857142857142858, 0.021739130434782608, 0.5454545454545454, 0.044444444444444446, 0.8333333333333334, 0.6923076923076923]
switch 3 are [0.2, 1.6428571428571428, 0.42857142857142855, 0.7666666666666667, 0.1388888888888889, 0.14285714285714285, 0.17857142857142858, 0.2, 0.25, 0.11194029850746269, 0.75, 0.9375, 0.4, 0.05063291139240506, 0.0, 0.25, 0.0625, 0.3548387096774194]
switch 4 are [0.0, 0.004273504273504274, 0.0, 0.32608695652173914, 0.18867924528301888, 0.8214285714285714, 0.75, 0.10714285714285714, 1.125, 1.125, 0.08090614886731391, 1.8461538461538463, 1.0714285714285714, 0.0, 1.25, 1.25, 0.6875, 1.3125, 1.2727272727272727]
switch 5 are [0.1222707423580786, 0.21794871794871795, 0.043478260869565216, 0.0, 0.0, 0.0, 0.3709677419354839, 0.21428571428571427, 0.0, 0.28125, 0.35714285714285715, 0.0, 0.3, 0.0, 1.6153846153846154]
switch 6 are []
switch 7 are []
switch 8 are [0.1875, 0.016129032258064516, 1.25, 0.6190476190476191, 0.075, 0.6046511627906976, 1.5625, 0.07865168539325842, 0.6, 0.8, 0.5555555555555556, 1.8181818181818181, 0.040983606557377046, 1.8333333333333333, 0.18604651162790697]
switch 9 are [1.5454545454545454, 0.11764705882352941, 0.7142857142857143, 0.45, 0.9642857142857143, 0.6774193548387096, 0.018518518518518517, 0.6, 0.23529411764705882, 1.125, 1.6923076923076923, 0.007530593034201443, 0.6538461538461539, 0.21428571428571427, 0.75, 1.368421052631579, 0.72, 0.6666666666666666, 0.2553191489361702, 0.9705882352941176, 1.5833333333333333, 1.8333333333333333]
switch 10 are [0.027777777777777776, 1.2857142857142858, 0.15081967213114755, 0.9375, 1.4166666666666667, 0.42857142857142855, 0.48936170212765956, 0.2222222222222222, 0.2916666666666667, 0.39285714285714285, 0.5555555555555556, 0.9166666666666666, 0.5833333333333334, 0.2857142857142857]
switch 11 are [0.7142857142857143, 0.4107142857142857, 1.125, 1.1538461538461537, 0.56, 1.1666666666666667, 0.3793103448275862, 0.32, 0.3055555555555556, 1.1904761904761905, 0.16666666666666666, 0.04186046511627907]
switch 12 are [0.75, 0.45, 1.1, 0.265625, 0.1111111111111111, 0.2222222222222222, 0.5666666666666667, 0.7222222222222222, 0.75, 0.875, 1.6666666666666667, 1.6666666666666667, 0.16666666666666666]
switch 13 are [0.14285714285714285, 0.14285714285714285, 0.21428571428571427, 1.8461538461538463, 0.56, 0.029940119760479042, 0.0440251572327044, 1.1538461538461537, 0.8, 0.37142857142857144, 0.7777777777777778, 1.0, 0.8333333333333334, 1.5714285714285714, 0.6785714285714286]
switch 14 are [0.0]
switch 15 are []
switch 16 are [0.0038272279934390375, 1.4166666666666667, 0.17142857142857143, 0.17333333333333334, 1.6666666666666667, 0.0967741935483871, 1.4, 1.5454545454545454, 0.5666666666666667, 0.14864864864864866, 0.7777777777777778, 0.9411764705882353, 0.12903225806451613, 0.030927835051546393, 0.75]
switch 17 are [0.4, 0.13793103448275862, 0.6571428571428571, 0.019762845849802372, 0.8529411764705882, 0.1, 1.0, 1.4666666666666666, 1.5333333333333334, 0.00980392156862745, 0.4722222222222222, 1.8181818181818181, 0.7307692307692307, 0.19230769230769232, 1.6153846153846154, 0.6774193548387096]
switch 18 are [0.2727272727272727, 0.1111111111111111, 1.0, 0.2125, 1.0, 1.0, 0.20689655172413793, 1.1904761904761905, 0.08695652173913043, 0.5454545454545454, 0.55, 1.3333333333333333, 0.35714285714285715]
switch 19 are [0.6774193548387096, 1.25, 0.06299212598425197, 0.10309278350515463, 0.8, 0.30120481927710846, 1.0, 0.02127659574468085, 0.058823529411764705, 0.46153846153846156, 0.35135135135135137, 1.1333333333333333, 0.3018867924528302]
switch_are_with_trim_mean [0.6414585237641364, 0.4917410536526154, 0.2961440751329656, 0.3264354671958027, 0.6689807722160499, 0.14671877188772436, nan, nan, 0.6444706122426334, 0.7562137116849449, 0.5449985801300329, 0.6302045387562629, 0.6850063131313132, 0.6377239225860415, 0.0, nan, 0.6267605359406841, 0.7039915021048911, 0.5860280480578287, 0.47742205015390593]
4 algo
d: 6 w: 9 k: 5
all [1.7272727272727273] 

ans 1.7272727272727273 

number 1 average are:  0.3566052133085691 total flow 218  
number 2 average are:  0.9212750212750213 total flow 9  


2-1 [7.181818181818182, 4.384615384615385, 3.5454545454545454, 3.0, 2.8666666666666667, 2.75, 2.5, 2.357142857142857, 2.066666666666667, 2.0, 1.7692307692307692]
2-2 [1.7272727272727273, 0.6153846153846154, 1.2727272727272727, 1.3846153846153846, 0.9333333333333333, 1.0, 0.5714285714285714, 1.0, 1.0, 0.5909090909090909, 1.3076923076923077]
3-1 []
3-2 []
3-3 []
4_algo_switch_ 0 = 227
4_algo_switch_ 1 = 238
4_algo_switch_ 2 = 241
4_algo_switch_ 3 = 200
4_algo_switch_ 4 = 324
4_algo_switch_ 5 = 194
4_algo_switch_ 6 = 2
4_algo_switch_ 7 = 2
4_algo_switch_ 8 = 408
4_algo_switch_ 9 = 410
4_algo_switch_ 10 = 398
4_algo_switch_ 11 = 398
4_algo_switch_ 12 = 466
4_algo_switch_ 13 = 464
4_algo_switch_ 14 = 12
4_algo_switch_ 15 = 12
4_algo_switch_ 16 = 288
4_algo_switch_ 17 = 284
4_algo_switch_ 18 = 284
4_algo_switch_ 19 = 284
[227, 238, 241, 200, 324, 194, 2, 2, 408, 410, 398, 398, 466, 464, 12, 12, 288, 284, 284, 284]
num_of_flow_in_switch [17, 20, 19, 16, 18, 15, 0, 0, 15, 18, 14, 17, 17, 12, 2, 0, 14, 14, 11, 11]
switch 0 are [0.14, 0.0, 0.09705882352941177, 1.0, 0.39285714285714285, 0.5714285714285714, 0.5909090909090909, 0.0, 0.21428571428571427, 0.0, 0.0, 1.0, 0.21568627450980393, 0.7037037037037037, 0.3333333333333333, 0.5833333333333334, 0.3488372093023256]
switch 1 are [0.04153354632587859, 0.05188067444876784, 1.7272727272727273, 0.18, 0.6, 0.19230769230769232, 0.07142857142857142, 0.3709677419354839, 0.17857142857142858, 0.3225806451612903, 0.13125, 0.4, 0.021505376344086023, 0.36666666666666664, 0.4117647058823529, 0.3181818181818182, 1.4166666666666667, 0.05581395348837209, 0.044673539518900345, 1.0]
switch 2 are [0.27184466019417475, 0.0, 0.0, 0.07042253521126761, 0.0, 0.7142857142857143, 0.0, 0.08928571428571429, 0.0, 1.4, 0.2, 0.25925925925925924, 0.0, 0.0, 0.036065573770491806, 0.8260869565217391, 0.0, 0.0, 0.2972972972972973]
switch 3 are [0.1, 0.6785714285714286, 0.21428571428571427, 0.9, 0.19444444444444445, 0.07142857142857142, 0.03571428571428571, 0.35, 0.5833333333333334, 0.041044776119402986, 0.5714285714285714, 0.16666666666666666, 0.5625, 0.08333333333333333, 0.02531645569620253, 1.3333333333333333]
switch 4 are [0.07178217821782178, 0.0, 0.25, 0.391304347826087, 0.04716981132075472, 0.4642857142857143, 0.17857142857142858, 0.25, 0.10714285714285714, 0.14285714285714285, 0.25, 0.6153846153846154, 0.08, 1.2571428571428571, 0.08333333333333333, 0.6875, 0.625, 0.6666666666666666]
switch 5 are [0.026200873362445413, 0.6153846153846154, 1.3043478260869565, 0.5833333333333334, 0.22727272727272727, 0.08235294117647059, 0.07142857142857142, 0.10714285714285714, 0.14285714285714285, 0.34375, 0.017857142857142856, 0.6153846153846154, 0.006289308176100629, 0.09047619047619047, 1.3076923076923077]
switch 6 are []
switch 7 are []
switch 8 are [0.0, 0.2857142857142857, 0.35714285714285715, 0.1875, 0.1935483870967742, 0.5357142857142857, 0.47619047619047616, 0.36, 0.3125, 0.11688311688311688, 1.3076923076923077, 0.15217391304347827, 0.36363636363636365, 0.41935483870967744, 0.10112359550561797]
switch 9 are [1.7272727272727273, 0.17857142857142858, 1.0, 0.14814814814814814, 0.6, 1.6875, 0.46511627906976744, 0.5384615384615384, 0.005647944775651083, 0.015151515151515152, 0.5833333333333334, 0.2808988764044944, 0.014285714285714285, 0.24, 0.047619047619047616, 0.2413793103448276, 0.1595744680851064, 1.5]
switch 10 are [0.45, 0.01038819026790596, 0.8620689655172413, 0.19047619047619047, 1.0888888888888888, 0.14285714285714285, 0.2916666666666667, 0.08433734939759036, 0.275, 0.08045977011494253, 0.5384615384615384, 0.47619047619047616, 0.5217391304347826, 0.75]
switch 11 are [0.5714285714285714, 0.03734439834024896, 0.5, 1.2727272727272727, 0.6086956521739131, 0.05511811023622047, 0.9333333333333333, 1.16, 0.13793103448275862, 0.1388888888888889, 0.10810810810810811, 0.16666666666666666, 0.09016393442622951, 0.4230769230769231, 1.3846153846153846, 0.39285714285714285, 1.0833333333333333]
switch 12 are [0.15625, 0.2168284789644013, 0.6, 0.7142857142857143, 1.6666666666666667, 1.45, 0.375, 0.1111111111111111, 0.25, 1.25, 1.5, 1.2727272727272727, 0.375, 0.9166666666666666, 0.55, 1.0, 1.1935483870967742]
switch 13 are [0.11290322580645161, 1.1785714285714286, 1.0, 0.05089820359281437, 0.7333333333333333, 0.75, 0.7333333333333333, 0.5882352941176471, 1.3846153846153846, 0.9166666666666666, 0.6, 0.41935483870967744]
switch 14 are [0.0, 0.0]
switch 15 are []
switch 16 are [0.5333333333333333, 1.1538461538461537, 0.8333333333333334, 0.0, 0.015384615384615385, 0.45454545454545453, 0.375, 0.6666666666666666, 1.2727272727272727, 0.35714285714285715, 0.011029411764705883, 0.34615384615384615, 0.6666666666666666, 1.1818181818181819]
switch 17 are [0.5909090909090909, 0.14705882352941177, 0.25, 0.34285714285714286, 0.06093189964157706, 0.52, 1.5, 0.9333333333333333, 0.13829787234042554, 0.5555555555555556, 1.3333333333333333, 1.25, 0.375, 0.14912280701754385]
switch 18 are [0.21153846153846154, 0.14666666666666667, 1.5833333333333333, 0.13333333333333333, 0.9333333333333333, 0.7333333333333333, 0.23255813953488372, 0.25, 0.07971014492753623, 1.2, 1.0833333333333333]
switch 19 are [1.0, 0.3333333333333333, 0.08247422680412371, 0.9166666666666666, 0.1125, 0.2777777777777778, 0.72, 0.6060606060606061, 0.2857142857142857, 0.9523809523809523, 0.32075471698113206]
switch_are_with_trim_mean [0.3460955464794954, 0.29350546484945905, 0.1626204535779799, 0.32519650895183944, 0.30693738097540135, 0.3252145259048514, nan, nan, 0.29703708612591795, 0.4812524787171825, 0.388604769176381, 0.5094885981159575, 0.7880204346493885, 0.7032398120538539, 0.0, nan, 0.5495767100546511, 0.5487889965729864, 0.5471218445637049, 0.5027987043238615]
