4 base3
d: 5 w: 3 k: 1
all [256.5] 

ans 256.5 

4_baseline3_switch_ 0 = 257
4_baseline3_switch_ 1 = 294
4_baseline3_switch_ 2 = 285
4_baseline3_switch_ 3 = 262
4_baseline3_switch_ 4 = 374
4_baseline3_switch_ 5 = 262
4_baseline3_switch_ 6 = 130
4_baseline3_switch_ 7 = 132
4_baseline3_switch_ 8 = 572
4_baseline3_switch_ 9 = 560
4_baseline3_switch_ 10 = 568
4_baseline3_switch_ 11 = 556
4_baseline3_switch_ 12 = 620
4_baseline3_switch_ 13 = 600
4_baseline3_switch_ 14 = 304
4_baseline3_switch_ 15 = 314
4_baseline3_switch_ 16 = 526
4_baseline3_switch_ 17 = 524
4_baseline3_switch_ 18 = 524
4_baseline3_switch_ 19 = 524
pass through [257, 294, 285, 262, 374, 262, 130, 132, 572, 560, 568, 556, 620, 600, 304, 314, 526, 524, 524, 524]
num_of_flow_store_in_switch [8, 11, 7, 15, 16, 12, 9, 11, 11, 17, 13, 11, 12, 13, 12, 10, 14, 14, 12, 11]
switch 0 are [0.01, 0.06389776357827476, 0.10891089108910891, 0.0, 0.8205128205128205, 6.1, 11.909090909090908, 3.5806451612903225]
switch 1 are [1.047008547008547, 0.16019417475728157, 0.06986899563318777, 1.0714285714285714, 0.047066206463759024, 6.25, 18.16, 4.1875, 5.611111111111111, 8.916666666666666, 6.4375]
switch 2 are [0.00648508430609598, 12.181818181818182, 0.03235294117647059, 0.2, 7.529411764705882, 11.083333333333334, 4.178571428571429]
switch 3 are [1.7934782608695652, 0.6916666666666667, 4.107142857142857, 3.857142857142857, 8.066666666666666, 9.68421052631579, 0.3562874251497006, 8.714285714285714, 0.42207792207792205, 9.15, 4.666666666666667, 5.809523809523809, 8.172413793103448, 3.0, 10.333333333333334]
switch 4 are [1.0377358490566038, 6.714285714285714, 7.25, 7.3076923076923075, 4.565217391304348, 4.818181818181818, 22.166666666666668, 5.411764705882353, 9.2, 0.8085106382978723, 6.111111111111111, 8.846153846153847, 2.657142857142857, 0.49767441860465117, 9.928571428571429, 2.1132075471698113]
switch 5 are [1.1549295774647887, 1.7575757575757576, 5.5, 1.1910112359550562, 10.76923076923077, 9.866666666666667, 11.133333333333333, 12.583333333333334, 4.275862068965517, 0.9705882352941176, 0.7950819672131147, 5.269230769230769]
switch 6 are [0.5058823529411764, 1.0119047619047619, 1.3411764705882352, 0.28852459016393445, 0.5283018867924528, 1.84375, 3.6944444444444446, 1.7638888888888888, 2.878787878787879]
switch 7 are [3.1785714285714284, 5.035714285714286, 0.3805970149253731, 1.46, 1.673913043478261, 8.75, 8.75, 8.263157894736842, 4.28, 0.36764705882352944, 0.9354838709677419]
switch 8 are [0.9919354838709677, 0.765625, 5.285714285714286, 8.416666666666666, 9.272727272727273, 1.7692307692307692, 6.125, 5.333333333333333, 0.9080459770114943, 8.416666666666666, 4.65]
switch 9 are [4.607142857142857, 4.142857142857143, 3.5357142857142856, 5.607142857142857, 4.607142857142857, 3.0, 8.8125, 11.0, 3.2333333333333334, 1.9365079365079365, 3.8, 7.388888888888889, 10.545454545454545, 5.0, 5.038461538461538, 5.038461538461538, 10.615384615384615]
switch 10 are [4.428571428571429, 1.9285714285714286, 1.9464285714285714, 4.428571428571429, 4.428571428571429, 5.321428571428571, 1.05625, 1.8095238095238095, 2.2, 9.181818181818182, 6.0, 1.05, 0.3470790378006873]
switch 11 are [4.035714285714286, 7.428571428571429, 1.9090909090909092, 6.05, 0.9758064516129032, 12.5, 9.26086956521739, 0.33858267716535434, 0.7101449275362319, 2.2045454545454546, 9.666666666666666]
switch 12 are [0.37344398340248963, 1.4, 8.5, 0.31225296442687744, 1.3571428571428572, 9.5, 3.0555555555555554, 3.6666666666666665, 4.214285714285714, 9.5, 3.6956521739130435, 8.0]
switch 13 are [9.0625, 4.9, 2.6875, 4.533333333333333, 3.2142857142857144, 4.03125, 1.0185185185185186, 7.428571428571429, 2.634920634920635, 3.6, 1.6506024096385543, 1.6833333333333333, 1.0786516853932584]
switch 14 are [3.1333333333333333, 3.7142857142857144, 0.75, 1.9767441860465116, 3.5714285714285716, 3.4285714285714284, 3.558139534883721, 3.1702127659574466, 4.166666666666667, 4.12, 1.1046511627906976, 0.8070175438596491]
switch 15 are [2.8125, 1.032258064516129, 3.5, 1.3035714285714286, 1.1206896551724137, 0.9242424242424242, 0.30952380952380953, 3.25, 0.6266666666666667, 6.6875]
switch 16 are [3.5714285714285716, 3.2142857142857144, 3.392857142857143, 6.866666666666666, 3.2142857142857144, 4.75, 10.384615384615385, 3.6, 1.2702702702702702, 4.666666666666667, 8.583333333333334, 8.916666666666666, 8.916666666666666, 9.25]
switch 17 are [2.9375, 0.1941747572815534, 3.064516129032258, 3.2, 8.923076923076923, 10.166666666666666, 9.5, 9.5, 0.927536231884058, 2.8181818181818183, 5.142857142857143, 5.290322580645161, 3.642857142857143, 9.5]
switch 18 are [3.6, 1.875, 6.1875, 0.049207217058501916, 7.866666666666666, 6.666666666666667, 0.5538461538461539, 43.627906976744185, 0.20430107526881722, 8.733333333333333, 3.7096774193548385, 2.945945945945946]
switch 19 are [3.9583333333333335, 6.809523809523809, 2.037037037037037, 7.125, 1.975, 0.6455696202531646, 0.5463917525773195, 11.5, 5.611111111111111, 0.7553191489361702, 1.4]
switch_ARE_with_trim_mean [2.824132193195179, 3.7501420074005956, 5.0302818191302, 5.241175056958612, 5.483541086775005, 5.188842841371677, 1.5396290305013083, 3.7730486153771037, 4.655177020277131, 5.664832297332296, 3.1452651515151517, 4.693489965439474, 4.376274695096632, 3.4038589581342054, 2.858438424115708, 1.8212410298961328, 5.745238095238096, 5.370570664044543, 4.234293726108243, 3.3685437844660697]
4 base3
d: 5 w: 6 k: 1
all [172.0] 

ans 172.0 

4_baseline3_switch_ 0 = 263
4_baseline3_switch_ 1 = 278
4_baseline3_switch_ 2 = 289
4_baseline3_switch_ 3 = 252
4_baseline3_switch_ 4 = 348
4_baseline3_switch_ 5 = 250
4_baseline3_switch_ 6 = 116
4_baseline3_switch_ 7 = 116
4_baseline3_switch_ 8 = 542
4_baseline3_switch_ 9 = 540
4_baseline3_switch_ 10 = 540
4_baseline3_switch_ 11 = 558
4_baseline3_switch_ 12 = 592
4_baseline3_switch_ 13 = 592
4_baseline3_switch_ 14 = 282
4_baseline3_switch_ 15 = 292
4_baseline3_switch_ 16 = 504
4_baseline3_switch_ 17 = 502
4_baseline3_switch_ 18 = 508
4_baseline3_switch_ 19 = 512
pass through [263, 278, 289, 252, 348, 250, 116, 116, 542, 540, 540, 558, 592, 592, 282, 292, 504, 502, 508, 512]
num_of_flow_store_in_switch [17, 16, 11, 12, 14, 10, 16, 12, 13, 10, 15, 10, 16, 10, 9, 10, 13, 7, 10, 8]
switch 0 are [2.97, 1.536741214057508, 0.6361386138613861, 0.0, 0.004273504273504274, 3.0970873786407767, 0.05240174672489083, 0.9743589743589743, 0.0, 29.09090909090909, 0.03823529411764706, 0.75, 1.0833333333333333, 0.7619047619047619, 1.0833333333333333, 4.333333333333333, 1.0357142857142858]
switch 1 are [4.857142857142857, 0.532608695652174, 0.225, 0.29333333333333333, 1.9333333333333333, 0.02830188679245283, 0.3684210526315789, 1.75, 1.3928571428571428, 0.5384615384615384, 1.7391304347826086, 0.8636363636363636, 2.3333333333333335, 0.8333333333333334, 0.048109965635738834, 2.4166666666666665]
switch 2 are [0.42857142857142855, 0.014084507042253521, 0.2878787878787879, 0.19047619047619047, 0.16470588235294117, 0.6048387096774194, 0.09375, 1.5, 1.7222222222222223, 2.75, 0.5588235294117647]
switch 3 are [0.0, 1.25, 0.8214285714285714, 1.0, 1.1785714285714286, 1.1785714285714286, 0.25, 0.17857142857142858, 0.3218390804597701, 0.5517241379310345, 4.230769230769231, 1.45]
switch 4 are [0.07142857142857142, 2.107142857142857, 1.0, 0.03571428571428571, 2.0357142857142856, 1.1785714285714286, 1.1071428571428572, 0.35714285714285715, 0.0, 0.9, 1.4285714285714286, 0.1927710843373494, 0.7272727272727273, 0.9032258064516129]
switch 5 are [0.35714285714285715, 0.10909090909090909, 0.06451612903225806, 0.71875, 0.14285714285714285, 0.05511811023622047, 1.8, 0.6666666666666666, 1.7142857142857142, 2.6666666666666665]
switch 6 are [1.2, 0.9375, 0.8666666666666667, 1.46875, 0.71875, 0.7741935483870968, 1.5714285714285714, 1.1428571428571428, 0.30357142857142855, 3.272727272727273, 1.3076923076923077, 3.5, 0.2441860465116279, 3.8666666666666667, 2.7857142857142856, 0.8809523809523809]
switch 7 are [0.0, 1.5357142857142858, 0.0, 0.0, 0.0, 0.42857142857142855, 1.2857142857142858, 1.0714285714285714, 1.7, 0.9354838709677419, 0.9583333333333334, 2.9166666666666665]
switch 8 are [1.1785714285714286, 1.4642857142857142, 0.9333333333333333, 0.8125, 0.08090614886731391, 0.6, 2.4615384615384617, 0.84, 0.7619047619047619, 1.7142857142857142, 0.48, 1.1111111111111112, 0.10869565217391304]
switch 9 are [0.24074074074074073, 0.06343283582089553, 0.18562874251497005, 0.775, 2.8333333333333335, 0.009836065573770493, 0.043478260869565216, 0.17692307692307693, 0.3488372093023256, 0.6428571428571429]
switch 10 are [2.5625, 0.52, 0.9607843137254902, 3.0714285714285716, 1.375, 0.05625, 0.675, 0.72, 4.416666666666667, 2.1666666666666665, 0.2875, 0.3333333333333333, 0.2978723404255319, 0.12558139534883722, 1.0952380952380953]
switch 11 are [3.272727272727273, 1.8125, 1.8421052631578947, 1.0625, 2.25, 0.08455882352941177, 2.0555555555555554, 2.25, 0.5227272727272727, 1.35]
switch 12 are [0.46511627906976744, 3.5384615384615383, 2.0, 0.016002510197678066, 0.019682886823400764, 0.26666666666666666, 4.25, 4.25, 3.4, 0.8666666666666667, 0.44594594594594594, 1.8235294117647058, 0.6060606060606061, 0.23333333333333334, 6.818181818181818, 0.30701754385964913]
switch 13 are [0.12578616352201258, 3.3333333333333335, 0.7727272727272727, 0.06666666666666667, 0.7142857142857143, 0.3, 0.12371134020618557, 2.8333333333333335, 1.0555555555555556, 1.1666666666666667]
switch 14 are [0.034482758620689655, 0.0, 0.0, 0.0, 0.0, 2.3617021276595747, 0.11904761904761904, 2.1666666666666665, 0.23595505617977527]
switch 15 are [3.4166666666666665, 1.0, 0.10112359550561797, 0.19047619047619047, 0.04285714285714286, 0.8666666666666667, 0.5, 0.7307692307692307, 1.0434782608695652, 0.6451612903225806]
switch 16 are [4.846153846153846, 0.75, 0.0, 0.5416666666666666, 0.30666666666666664, 0.8666666666666667, 2.0833333333333335, 1.5333333333333334, 0.5625, 0.5913978494623656, 2.423076923076923, 0.3, 2.0625]
switch 17 are [1.6111111111111112, 0.058823529411764705, 0.21875, 1.6, 0.1527777777777778, 1.1111111111111112, 0.5660377358490566]
switch 18 are [0.1746031746031746, 0.13924050632911392, 2.130434782608696, 5.454545454545454, 0.20212765957446807, 0.2536231884057971, 0.918918918918919, 0.6857142857142857, 2.75, 2.1666666666666665]
switch 19 are [1.16, 0.035842293906810034, 0.3448275862068966, 0.319672131147541, 0.96, 2.0833333333333335, 1.8461538461538463, 0.8709677419354839]
switch_ARE_with_trim_mean [1.223790384910249, 1.0905875138326533, 0.6168074167323061, 0.8180706075533661, 0.8281296110289503, 0.6966636773844435, 1.4807716860712252, 0.7915245775729647, 0.9095170650605432, 0.30961225112858964, 1.0916080550897327, 1.6431735114300905, 1.60517720561802, 0.8865082557870927, 0.546428247574925, 0.6347094043262315, 1.092831039927814, 0.7598016093229746, 1.1602610845615007, 0.9525996165854889]
4 base3
d: 5 w: 9 k: 1
all [84.0] 

ans 84.0 

4_baseline3_switch_ 0 = 263
4_baseline3_switch_ 1 = 284
4_baseline3_switch_ 2 = 283
4_baseline3_switch_ 3 = 250
4_baseline3_switch_ 4 = 352
4_baseline3_switch_ 5 = 262
4_baseline3_switch_ 6 = 126
4_baseline3_switch_ 7 = 124
4_baseline3_switch_ 8 = 534
4_baseline3_switch_ 9 = 532
4_baseline3_switch_ 10 = 530
4_baseline3_switch_ 11 = 554
4_baseline3_switch_ 12 = 600
4_baseline3_switch_ 13 = 612
4_baseline3_switch_ 14 = 304
4_baseline3_switch_ 15 = 338
4_baseline3_switch_ 16 = 500
4_baseline3_switch_ 17 = 500
4_baseline3_switch_ 18 = 530
4_baseline3_switch_ 19 = 530
pass through [263, 284, 283, 250, 352, 262, 126, 124, 534, 532, 530, 554, 600, 612, 304, 338, 500, 500, 530, 530]
num_of_flow_store_in_switch [19, 15, 12, 17, 18, 17, 13, 15, 12, 11, 12, 6, 4, 8, 12, 7, 10, 6, 13, 12]
switch 0 are [0.0, 0.01597444089456869, 0.0, 0.0, 1.4487179487179487, 0.0, 0.004366812227074236, 0.5178571428571429, 0.19230769230769232, 0.0, 0.0, 0.0, 0.0, 0.0, 1.8666666666666667, 0.0, 0.0, 0.0, 0.07017543859649122]
switch 1 are [0.1, 0.013333333333333334, 0.0, 0.018867924528301886, 0.2857142857142857, 0.5384615384615384, 0.6521739130434783, 5.583333333333333, 0.030303030303030304, 0.0, 0.15294117647058825, 0.0, 0.10714285714285714, 1.1666666666666667, 0.8181818181818182]
switch 2 are [0.09859154929577464, 0.4235294117647059, 0.056451612903225805, 0.015625, 1.0357142857142858, 0.07142857142857142, 0.07142857142857142, 0.03571428571428571, 0.03571428571428571, 0.2777777777777778, 0.11594202898550725, 0.6153846153846154]
switch 3 are [1.1785714285714286, 1.2142857142857142, 0.0, 0.03571428571428571, 0.0, 0.0, 1.2142857142857142, 0.0, 1.0, 1.018181818181818, 1.5, 0.0, 0.0, 0.06666666666666667, 0.6666666666666666, 0.0, 0.0]
switch 4 are [0.22580645161290322, 1.4375, 1.3125, 0.10714285714285714, 0.0, 0.5, 0.0, 0.06976744186046512, 0.04838709677419355, 0.0, 0.10714285714285714, 0.5714285714285714, 0.0, 0.07142857142857142, 0.0, 0.0, 0.0, 0.19047619047619047]
switch 5 are [0.03571428571428571, 0.17857142857142858, 0.1, 0.003236245954692557, 0.0, 0.7666666666666667, 0.38461538461538464, 1.7083333333333333, 1.0476190476190477, 0.018518518518518517, 0.05389221556886228, 0.1, 1.2857142857142858, 0.8333333333333334, 0.21212121212121213, 1.5833333333333333, 0.4666666666666667]
switch 6 are [0.8, 0.9375, 0.014925373134328358, 2.3333333333333335, 0.32608695652173914, 0.1568627450980392, 0.09090909090909091, 0.8571428571428571, 0.4375, 0.75, 0.3333333333333333, 0.35714285714285715, 0.37735849056603776]
switch 7 are [0.01639344262295082, 0.66, 0.1875, 0.06875, 0.046511627906976744, 0.05, 1.9166666666666667, 0.34285714285714286, 0.006493506493506494, 0.14814814814814814, 0.32, 0.9615384615384616, 0.5217391304347826, 0.07446808510638298, 0.8333333333333334]
switch 8 are [0.6153846153846154, 0.5625, 0.00031377470975839345, 0.0010934937124111536, 0.06666666666666667, 0.012578616352201259, 1.0833333333333333, 0.017241379310344827, 0.06349206349206349, 0.24444444444444444, 0.0, 0.027777777777777776]
switch 9 are [0.15151515151515152, 0.34615384615384615, 0.16666666666666666, 0.15, 0.0, 0.0, 0.05533596837944664, 2.3846153846153846, 0.0, 0.0, 0.0]
switch 10 are [0.3404255319148936, 0.23529411764705882, 0.0, 0.4722222222222222, 0.0, 0.24, 0.6, 0.08333333333333333, 2.4545454545454546, 0.11538461538461539, 0.05154639175257732, 0.38095238095238093]
switch 11 are [0.12658227848101267, 0.5652173913043478, 0.4583333333333333, 0.26666666666666666, 0.5625, 0.5833333333333334]
switch 12 are [0.06153846153846154, 0.07874015748031496, 0.5, 0.45714285714285713]
switch 13 are [0.020618556701030927, 0.6666666666666666, 0.26666666666666666, 0.4, 0.07228915662650602, 0.2857142857142857, 0.08333333333333333, 0.11235955056179775]
switch 14 are [1.6666666666666667, 0.7333333333333333, 0.5263157894736842, 0.0, 0.0, 0.0, 0.02867383512544803, 0.041666666666666664, 0.03308823529411765, 0.41935483870967744, 0.04186046511627907, 0.5]
switch 15 are [1.0625, 0.24, 0.3333333333333333, 0.4, 0.06557377049180328, 0.08695652173913043, 0.12790697674418605]
switch 16 are [0.0, 0.2413793103448276, 0.6, 0.8333333333333334, 0.19230769230769232, 0.3103448275862069, 0.875, 0.1891891891891892, 0.8333333333333334, 0.3870967741935484]
switch 17 are [0.14864864864864866, 0.375, 0.29411764705882354, 0.13793103448275862, 0.3333333333333333, 0.9166666666666666]
switch 18 are [0.1111111111111111, 0.1, 0.6875, 0.03225806451612903, 1.0, 0.46153846153846156, 0.6176470588235294, 0.1590909090909091, 0.375, 0.5833333333333334, 0.65, 0.4, 0.22580645161290322]
switch 19 are [0.010638297872340425, 0.025, 0.025, 0.0, 0.00980392156862745, 1.2222222222222223, 0.1111111111111111, 0.013888888888888888, 0.0, 0.5833333333333334, 1.1666666666666667, 0.2727272727272727]
switch_ARE_with_trim_mean [0.1323176162118187, 0.2987528110650691, 0.1801962710397321, 0.4262914862914863, 0.2002550023666631, 0.47133350829318116, 0.49307603006490486, 0.3254799516883215, 0.16114928318502836, 0.0966301814127901, 0.25191585932070815, 0.4271055005197823, 0.2743553690404084, 0.23845602703378588, 0.2324293163719206, 0.330895800329779, 0.4483730575360164, 0.3676162216983718, 0.3973661205009316, 0.2218169492168241]
4 base3
d: 6 w: 9 k: 1
all [93.0] 

ans 93.0 

4_baseline3_switch_ 0 = 269
4_baseline3_switch_ 1 = 294
4_baseline3_switch_ 2 = 263
4_baseline3_switch_ 3 = 250
4_baseline3_switch_ 4 = 352
4_baseline3_switch_ 5 = 244
4_baseline3_switch_ 6 = 116
4_baseline3_switch_ 7 = 114
4_baseline3_switch_ 8 = 536
4_baseline3_switch_ 9 = 556
4_baseline3_switch_ 10 = 512
4_baseline3_switch_ 11 = 518
4_baseline3_switch_ 12 = 576
4_baseline3_switch_ 13 = 598
4_baseline3_switch_ 14 = 304
4_baseline3_switch_ 15 = 306
4_baseline3_switch_ 16 = 492
4_baseline3_switch_ 17 = 494
4_baseline3_switch_ 18 = 510
4_baseline3_switch_ 19 = 508
pass through [269, 294, 263, 250, 352, 244, 116, 114, 536, 556, 512, 518, 576, 598, 304, 306, 492, 494, 510, 508]
num_of_flow_store_in_switch [21, 16, 16, 16, 16, 14, 12, 15, 14, 11, 12, 6, 8, 14, 10, 9, 4, 7, 8, 10]
switch 0 are [0.165, 0.0, 0.06930693069306931, 0.12890625, 0.0, 0.024271844660194174, 0.6943231441048034, 0.5892857142857143, 0.0, 0.0, 0.08235294117647059, 0.0, 0.0, 0.0, 1.0, 0.0, 0.0, 0.4782608695652174, 0.0, 0.0, 0.2222222222222222]
switch 1 are [0.005188067444876783, 0.010869565217391304, 0.75, 0.3333333333333333, 0.0660377358490566, 1.5263157894736843, 0.5833333333333334, 0.015151515151515152, 0.03571428571428571, 0.011764705882352941, 0.08870967741935484, 0.32142857142857145, 1.75, 0.14285714285714285, 0.058823529411764705, 0.056179775280898875]
switch 2 are [0.014084507042253521, 0.3125, 0.17857142857142858, 0.07142857142857142, 0.07142857142857142, 0.14285714285714285, 0.0, 0.03571428571428571, 0.0, 0.07142857142857142, 0.17857142857142858, 0.10714285714285714, 1.2, 0.05, 0.4166666666666667, 0.25]
switch 3 are [0.0, 0.10714285714285714, 1.0714285714285714, 0.509090909090909, 0.0954356846473029, 0.23387096774193547, 0.0, 0.03125, 1.1666666666666667, 0.06666666666666667, 0.07142857142857142, 0.03125, 0.10185185185185185, 0.06976744186046512, 0.0, 0.25]
switch 4 are [0.2857142857142857, 0.0, 0.009259259259259259, 0.45161290322580644, 0.0, 0.2857142857142857, 0.7142857142857143, 0.0, 1.0, 0.0, 0.2857142857142857, 0.0, 0.019417475728155338, 0.0, 0.3076923076923077, 0.19047619047619047]
switch 5 are [0.2, 0.5, 0.06666666666666667, 0.0, 0.25, 0.42857142857142855, 0.018518518518518517, 0.0, 0.017964071856287425, 0.0, 0.35714285714285715, 0.6428571428571429, 0.1875, 0.05813953488372093]
switch 6 are [0.014925373134328358, 0.4166666666666667, 0.013114754098360656, 0.24, 0.15217391304347827, 0.13725490196078433, 0.36363636363636365, 1.0, 0.0, 0.2558139534883721, 0.0, 0.00819672131147541]
switch 7 are [0.5, 0.9230769230769231, 0.125, 0.0025101976780671476, 0.0010934937124111536, 0.0, 0.018867924528301886, 0.08333333333333333, 0.5344827586206896, 0.015151515151515152, 0.31746031746031744, 0.2222222222222222, 0.6666666666666666, 0.34782608695652173, 0.16666666666666666]
switch 8 are [0.0, 0.14285714285714285, 0.006493506493506494, 5.55, 0.0, 0.3055555555555556, 1.2666666666666666, 0.011857707509881422, 0.02127659574468085, 0.009523809523809525, 0.375, 0.053763440860215055, 4.461538461538462, 0.0425531914893617]
switch 9 are [0.9230769230769231, 0.2647058823529412, 0.0, 0.4444444444444444, 0.3968253968253968, 1.0277777777777777, 0.5, 0.23333333333333334, 0.21621621621621623, 0.5833333333333334, 0.3]
switch 10 are [0.15873015873015872, 0.0, 0.14285714285714285, 0.4782608695652174, 0.0, 0.7333333333333333, 0.8333333333333334, 0.3333333333333333, 0.04597701149425287, 0.19230769230769232, 0.15384615384615385, 0.16981132075471697]
switch 11 are [0.0625, 0.031496062992125984, 0.06666666666666667, 0.14285714285714285, 1.0, 0.3225806451612903]
switch 12 are [0.14615384615384616, 0.0, 0.020618556701030927, 0.0, 1.0526315789473684, 0.16666666666666666, 0.014492753623188406, 0.06976744186046512]
switch 13 are [0.25, 1.0833333333333333, 0.6666666666666666, 0.4, 0.84, 0.02857142857142857, 0.6511627906976745, 0.053763440860215055, 1.6875, 0.25, 0.12, 0.4230769230769231, 0.24242424242424243, 0.75]
switch 14 are [0.024096385542168676, 0.0, 0.13333333333333333, 0.6363636363636364, 0.0, 0.29411764705882354, 0.1935483870967742, 0.375, 0.01718213058419244, 0.42857142857142855]
switch 15 are [0.27586206896551724, 0.48, 0.4166666666666667, 0.06521739130434782, 0.14705882352941177, 1.1666666666666667, 0.7692307692307693, 0.2857142857142857, 0.12280701754385964]
switch 16 are [0.25, 0.19047619047619047, 0.21428571428571427, 0.5833333333333334]
switch 17 are [0.23333333333333334, 0.5, 0.05, 0.6111111111111112, 0.25, 0.3333333333333333, 0.9090909090909091]
switch 18 are [0.08108108108108109, 0.02127659574468085, 0.0625, 0.09523809523809523, 0.14814814814814814, 0.0, 0.1111111111111111, 0.12121212121212122]
switch 19 are [0.5, 0.7777777777777778, 0.041666666666666664, 0.9166666666666666, 1.0909090909090908, 0.14285714285714285, 0.034482758620689655, 0.13636363636363635, 0.9333333333333333, 0.22580645161290322]
switch_ARE_with_trim_mean [0.10350628074134637, 0.2857513543109061, 0.13574243077512696, 0.18851310870422364, 0.1821347648435922, 0.17370858980328996, 0.16017826473398294, 0.23086778330743943, 0.5580905065199402, 0.4291039477313987, 0.24084570162220018, 0.2710167529462043, 0.18379135549407072, 0.47753561642158787, 0.1832311640233401, 0.41435818773572497, 0.30952380952380953, 0.41240981240981245, 0.08007089406690471, 0.45930895940976585]
4 base3
d: 5 w: 3 k: 3
all [260.0] 

ans 260.0 

4_baseline3_switch_ 0 = 267
4_baseline3_switch_ 1 = 280
4_baseline3_switch_ 2 = 273
4_baseline3_switch_ 3 = 272
4_baseline3_switch_ 4 = 366
4_baseline3_switch_ 5 = 268
4_baseline3_switch_ 6 = 118
4_baseline3_switch_ 7 = 120
4_baseline3_switch_ 8 = 544
4_baseline3_switch_ 9 = 542
4_baseline3_switch_ 10 = 548
4_baseline3_switch_ 11 = 548
4_baseline3_switch_ 12 = 604
4_baseline3_switch_ 13 = 626
4_baseline3_switch_ 14 = 294
4_baseline3_switch_ 15 = 300
4_baseline3_switch_ 16 = 510
4_baseline3_switch_ 17 = 508
4_baseline3_switch_ 18 = 514
4_baseline3_switch_ 19 = 510
pass through [267, 280, 273, 272, 366, 268, 118, 120, 544, 542, 548, 548, 604, 626, 294, 300, 510, 508, 514, 510]
num_of_flow_store_in_switch [9, 9, 12, 13, 15, 10, 12, 10, 12, 15, 14, 11, 14, 10, 9, 13, 14, 13, 10, 14]
switch 0 are [0.305, 0.6677316293929713, 1.4257425742574257, 0.94921875, 0.11965811965811966, 0.0, 0.09606986899563319, 0.8392857142857143, 4.722222222222222]
switch 1 are [0.46153846153846156, 0.0324254215304799, 8.272727272727273, 0.9456521739130435, 8.75, 5.375, 0.581081081081081, 7.5, 4.1]
switch 2 are [0.9, 1.825, 0.5333333333333333, 7.214285714285714, 21.6, 8.321428571428571, 1.1156716417910448, 4.75, 7.7, 0.2727272727272727, 17.833333333333332, 0.24632352941176472]
switch 3 are [3.4285714285714284, 0.5754716981132075, 5.526315789473684, 2.75, 4.3478260869565215, 9.4375, 12.916666666666666, 4.3478260869565215, 5.238095238095238, 3.0384615384615383, 1.2826086956521738, 0.3302325581395349, 7.75]
switch 4 are [4.846153846153846, 5.681818181818182, 15.083333333333334, 2.606060606060606, 11.785714285714286, 1.303030303030303, 4.085106382978723, 7.153846153846154, 1.6805555555555556, 9.529411764705882, 0.6896551724137931, 1.5591397849462365, 6.72, 7.833333333333333, 5.625]
switch 5 are [2.2816901408450705, 1.2588235294117647, 0.30538922155688625, 1.9493670886075949, 1.7714285714285714, 0.48, 13.75, 3.466666666666667, 4.583333333333333, 5.380952380952381]
switch 6 are [0.8214285714285714, 0.8, 11.75, 3.1904761904761907, 0.21904761904761905, 12.0, 3.44, 2.0930232558139537, 6.4, 2.3636363636363638, 9.2, 2.1666666666666665]
switch 7 are [0.4112903225806452, 5.142857142857143, 0.4491803278688525, 1.2, 1.9705882352941178, 1.5670103092783505, 3.04, 0.8375, 8.416666666666666, 1.972972972972973]
switch 8 are [1.375, 3.6785714285714284, 2.607142857142857, 5.821428571428571, 3.4642857142857144, 3.152173913043478, 3.764705882352941, 0.8723404255319149, 6.5, 9.416666666666666, 0.7101449275362319, 2.0606060606060606]
switch 9 are [5.464285714285714, 2.9285714285714284, 5.178571428571429, 1.0357142857142858, 1.8214285714285714, 12.272727272727273, 6.857142857142857, 1.3448275862068966, 1.8461538461538463, 3.75, 8.25, 8.166666666666666, 6.555555555555555, 2.3181818181818183, 4.7]
switch 10 are [5.75, 5.25, 2.5714285714285716, 5.25, 3.607142857142857, 1.4727272727272727, 5.25, 0.425, 7.0625, 1.8666666666666667, 7.333333333333333, 10.333333333333334, 3.4482758620689653, 0.8596491228070176]
switch 11 are [2.857142857142857, 5.45, 1.5116279069767442, 0.875, 6.2, 1.176923076923077, 0.6626506024096386, 2.5357142857142856, 8.23076923076923, 1.1, 2.6857142857142855]
switch 12 are [0.3360995850622407, 0.717741935483871, 4.0, 2.53125, 1.8571428571428572, 8.416666666666666, 0.905511811023622, 5.666666666666667, 6.533333333333333, 6.4, 0.8137254901960784, 8.416666666666666, 7.071428571428571, 1.9433962264150944]
switch 13 are [9.375, 1.372093023255814, 8.263157894736842, 3.742857142857143, 0.3046594982078853, 5.148148148148148, 0.5081967213114754, 1.148936170212766, 4.67741935483871, 8.272727272727273]
switch 14 are [2.1875, 2.966666666666667, 2.466666666666667, 5.357142857142857, 2.642857142857143, 0.3888888888888889, 0.8888888888888888, 3.5294117647058822, 1.9666666666666666]
switch 15 are [3.1875, 0.8148148148148148, 1.596774193548387, 3.75, 2.857142857142857, 2.6785714285714284, 6.2, 0.6948051948051948, 5.65, 2.6944444444444446, 2.0, 4.586206896551724, 3.2903225806451615]
switch 16 are [2.857142857142857, 4.714285714285714, 3.607142857142857, 2.7857142857142856, 2.7857142857142856, 2.433333333333333, 2.075, 8.0, 8.0, 10.727272727272727, 3.4166666666666665, 3.5384615384615383, 8.833333333333334, 7.583333333333333]
switch 17 are [5.2, 2.53125, 0.2621359223300971, 3.6451612903225805, 7.615384615384615, 0.46540880503144655, 2.138888888888889, 8.416666666666666, 3.869565217391304, 8.333333333333334, 4.904761904761905, 3.6451612903225805, 8.333333333333334]
switch 18 are [7.076923076923077, 5.5625, 0.045926735921268454, 1.3650793650793651, 5.375, 6.0, 1.3875, 4.666666666666667, 12.545454545454545, 0.3127147766323024]
switch 19 are [9.52, 5.375, 8.0, 1.8333333333333333, 0.051145277690618135, 3.1, 1.696629213483146, 3.25, 5.833333333333333, 9.875, 8.461538461538462, 1.4382022471910112, 1.7906976744186047, 3.392857142857143]
switch_ARE_with_trim_mean [1.0138809865346763, 4.002047156754482, 5.046577986689927, 4.338425142025483, 5.416090015241777, 2.646532713905673, 4.222523104802175, 2.0225136235339294, 3.3296254852962965, 4.552414267135752, 4.14347697384789, 2.7102358236079165, 3.904738629863063, 4.141691966011021, 2.48829883805374, 3.0096161105198926, 4.879594017094017, 4.607477152615454, 3.9682979856626766, 4.4742992838462525]
4 base3
d: 5 w: 6 k: 3
all [236.0] 

ans 236.0 

4_baseline3_switch_ 0 = 259
4_baseline3_switch_ 1 = 276
4_baseline3_switch_ 2 = 285
4_baseline3_switch_ 3 = 252
4_baseline3_switch_ 4 = 360
4_baseline3_switch_ 5 = 254
4_baseline3_switch_ 6 = 118
4_baseline3_switch_ 7 = 116
4_baseline3_switch_ 8 = 530
4_baseline3_switch_ 9 = 550
4_baseline3_switch_ 10 = 518
4_baseline3_switch_ 11 = 548
4_baseline3_switch_ 12 = 572
4_baseline3_switch_ 13 = 626
4_baseline3_switch_ 14 = 306
4_baseline3_switch_ 15 = 312
4_baseline3_switch_ 16 = 494
4_baseline3_switch_ 17 = 492
4_baseline3_switch_ 18 = 528
4_baseline3_switch_ 19 = 528
pass through [259, 276, 285, 252, 360, 254, 118, 116, 530, 550, 518, 548, 572, 626, 306, 312, 494, 492, 528, 528]
num_of_flow_store_in_switch [10, 15, 12, 11, 13, 15, 13, 15, 13, 13, 9, 10, 15, 13, 9, 10, 15, 8, 10, 10]
switch 0 are [0.0, 0.0, 0.49504950495049505, 0.27184466019417475, 0.0, 0.0, 0.32051282051282054, 0.014705882352941176, 0.0875, 1.7333333333333334]
switch 1 are [0.4140625, 0.4017094017094017, 0.06614785992217899, 8.0, 1.5108695652173914, 0.925, 0.09333333333333334, 0.8928571428571429, 0.2857142857142857, 0.0, 0.8214285714285714, 0.7692307692307693, 1.2173913043478262, 0.03942652329749104, 0.6111111111111112]
switch 2 are [1.7333333333333334, 0.631578947368421, 0.35714285714285715, 2.772727272727273, 1.25, 0.2727272727272727, 0.4235294117647059, 0.17857142857142858, 0.7714285714285715, 0.9047619047619048, 2.75, 2.1538461538461537]
switch 3 are [0.09859154929577464, 0.0, 0.09523809523809523, 0.008064516129032258, 0.0, 0.03571428571428571, 1.1785714285714286, 4.9375, 0.1927710843373494, 0.875, 0.3194444444444444]
switch 4 are [0.5, 0.5714285714285714, 2.142857142857143, 0.35714285714285715, 1.125, 0.21428571428571427, 0.6785714285714286, 2.0833333333333335, 0.9, 0.3118279569892473, 0.23333333333333334, 0.06529209621993128, 2.6666666666666665]
switch 5 are [0.6071428571428571, 0.10714285714285714, 0.03571428571428571, 0.7142857142857143, 0.2857142857142857, 2.0714285714285716, 0.6727272727272727, 0.45, 0.0, 1.8055555555555556, 1.7083333333333333, 0.7586206896551724, 4.611111111111111, 1.3846153846153846, 0.09420289855072464]
switch 6 are [0.008298755186721992, 4.125, 0.75, 0.28125, 0.13333333333333333, 2.15625, 0.20967741935483872, 0.8333333333333334, 0.3103448275862069, 0.5531914893617021, 0.5882352941176471, 0.7619047619047619, 0.43859649122807015]
switch 7 are [0.0, 0.0, 1.1428571428571428, 0.0, 0.5370370370370371, 0.0, 1.1071428571428572, 1.1071428571428572, 0.4107142857142857, 0.35714285714285715, 0.9642857142857143, 1.5, 3.923076923076923, 2.0476190476190474, 1.75]
switch 8 are [0.37209302325581395, 0.5714285714285714, 0.85, 0.78125, 0.1553398058252427, 0.2903225806451613, 1.375, 0.059880239520958084, 1.2142857142857142, 0.06153846153846154, 0.9333333333333333, 4.083333333333333, 3.1666666666666665]
switch 9 are [0.39285714285714285, 3.3333333333333335, 1.1333333333333333, 0.8, 1.5714285714285714, 0.5925925925925926, 1.4375, 0.0708955223880597, 0.13385826771653545, 1.24, 1.1111111111111112, 2.4166666666666665, 1.0952380952380953]
switch 10 are [0.625, 2.0, 0.003278688524590164, 0.3, 1.608695652173913, 0.0196078431372549, 1.6, 2.3076923076923075, 0.696969696969697]
switch 11 are [4.0, 1.5, 1.5625, 0.05, 0.7906976744186046, 0.42105263157894735, 2.1818181818181817, 1.1666666666666667, 2.5625, 0.9642857142857143]
switch 12 are [1.875, 0.575, 2.4615384615384617, 1.75, 0.009413241292751805, 3.3333333333333335, 0.3, 2.5, 1.75, 2.5, 0.25925925925925924, 1.5714285714285714, 0.09191176470588236, 0.9130434782608695, 0.2247191011235955]
switch 13 are [0.01202843083652269, 1.0333333333333334, 0.37735849056603776, 4.083333333333333, 0.25862068965517243, 0.9555555555555556, 1.1914893617021276, 0.45, 3.5454545454545454, 5.916666666666667, 1.4375, 0.8387096774193549, 1.6774193548387097]
switch 14 are [0.9696969696969697, 0.20634920634920634, 1.2857142857142858, 0.1, 0.19444444444444445, 2.0, 0.6666666666666666, 0.7741935483870968, 0.10232558139534884]
switch 15 are [0.38461538461538464, 0.1038961038961039, 3.25, 2.1, 0.75, 0.56, 1.04, 0.3793103448275862, 0.4857142857142857, 3.0833333333333335]
switch 16 are [0.1797752808988764, 0.25, 0.20948616600790515, 0.1111111111111111, 1.5571428571428572, 1.6666666666666667, 2.3333333333333335, 3.9166666666666665, 1.6, 0.2553191489361702, 1.411764705882353, 1.08, 0.16666666666666666, 0.7837837837837838, 2.5454545454545454]
switch 17 are [2.230769230769231, 0.2647058823529412, 0.5277777777777778, 0.047619047619047616, 1.1333333333333333, 0.4, 1.9166666666666667, 2.5]
switch 18 are [0.046875, 0.5316455696202531, 2.5217391304347827, 1.8, 2.4375, 0.10655737704918032, 1.1538461538461537, 0.5, 1.1, 2.25]
switch 19 are [0.30927835051546393, 2.4166666666666665, 0.8372093023255814, 0.33783783783783783, 0.12745098039215685, 1.8333333333333333, 0.2, 0.43023255813953487, 1.8571428571428572, 0.6037735849056604]
switch_ARE_with_trim_mean [0.14870160850130393, 0.6190986437053463, 1.124834845237322, 0.31148837819226777, 0.8288891216310571, 0.8227295158358472, 0.6378288136563539, 0.8403032153032153, 0.8882961960889968, 1.0840532528130953, 1.0179160209441958, 1.3936901085960143, 1.2901462027935875, 1.4407976674416518, 0.699932300294891, 1.0978716685613237, 1.0799533195979352, 1.1276089923148747, 1.2349436375644485, 0.8011009780250335]
4 base3
d: 5 w: 9 k: 3
all [59.0] 

ans 59.0 

4_baseline3_switch_ 0 = 273
4_baseline3_switch_ 1 = 284
4_baseline3_switch_ 2 = 279
4_baseline3_switch_ 3 = 258
4_baseline3_switch_ 4 = 362
4_baseline3_switch_ 5 = 248
4_baseline3_switch_ 6 = 106
4_baseline3_switch_ 7 = 106
4_baseline3_switch_ 8 = 546
4_baseline3_switch_ 9 = 536
4_baseline3_switch_ 10 = 536
4_baseline3_switch_ 11 = 536
4_baseline3_switch_ 12 = 600
4_baseline3_switch_ 13 = 596
4_baseline3_switch_ 14 = 282
4_baseline3_switch_ 15 = 284
4_baseline3_switch_ 16 = 496
4_baseline3_switch_ 17 = 498
4_baseline3_switch_ 18 = 502
4_baseline3_switch_ 19 = 504
pass through [273, 284, 279, 258, 362, 248, 106, 106, 546, 536, 536, 536, 600, 596, 282, 284, 496, 498, 502, 504]
num_of_flow_store_in_switch [19, 15, 14, 14, 17, 20, 13, 14, 13, 10, 9, 14, 9, 9, 11, 9, 9, 9, 5, 6]
switch 0 are [0.0, 0.0670926517571885, 0.1707920792079208, 0.0, 0.05128205128205128, 0.0, 0.0611353711790393, 0.4107142857142857, 0.23076923076923078, 0.0, 0.0, 0.31666666666666665, 0.07142857142857142, 1.2, 0.0, 0.7692307692307693, 0.16666666666666666, 0.8333333333333334, 0.5]
switch 1 are [0.0, 0.010869565217391304, 0.0, 0.0, 0.0, 0.05263157894736842, 0.10714285714285714, 0.30434782608695654, 1.5909090909090908, 0.30303030303030304, 0.013513513513513514, 0.05319148936170213, 0.025, 0.23809523809523808, 0.3225806451612903]
switch 2 are [0.8028169014084507, 0.11764705882352941, 0.0, 0.03529411764705882, 0.0, 0.484375, 0.0, 0.10714285714285714, 0.14285714285714285, 1.0, 0.0, 0.0, 0.0, 0.17142857142857143]
switch 3 are [0.07142857142857142, 0.2857142857142857, 0.0, 0.10714285714285714, 0.03571428571428571, 0.0, 0.07142857142857142, 0.17857142857142858, 0.6428571428571429, 0.21428571428571427, 0.07142857142857142, 0.20588235294117646, 0.8181818181818182, 0.18867924528301888]
switch 4 are [0.0, 0.012448132780082987, 0.0, 0.0, 0.0, 1.8666666666666667, 0.03571428571428571, 0.7142857142857143, 0.24074074074074073, 0.046511627906976744, 1.1428571428571428, 0.03571428571428571, 0.0, 1.4, 0.01639344262295082, 0.17204301075268819, 0.38461538461538464]
switch 5 are [0.0, 0.0, 1.0, 0.125, 0.07407407407407407, 0.0, 0.25, 0.4642857142857143, 0.0, 0.0, 0.0, 1.0, 1.2307692307692308, 0.09328358208955224, 1.125, 0.5625, 0.8888888888888888, 0.2222222222222222, 0.16, 0.17391304347826086]
switch 6 are [0.25, 1.75, 0.0, 0.3870967741935484, 0.4166666666666667, 0.14285714285714285, 0.0, 0.0, 0.017964071856287425, 1.8571428571428572, 0.0, 0.1568627450980392, 0.5384615384615384]
switch 7 are [0.25, 3.5833333333333335, 0.0, 0.24, 1.0909090909090908, 1.1428571428571428, 0.00625, 0.0, 0.46153846153846156, 0.75, 0.13043478260869565, 0.6666666666666666, 1.0, 0.6666666666666666]
switch 8 are [0.05, 0.9375, 0.006589268904926263, 0.009841443411700382, 0.03773584905660377, 1.1666666666666667, 0.3620689655172414, 0.23076923076923078, 0.037037037037037035, 0.05555555555555555, 0.09195402298850575, 0.11538461538461539, 0.11666666666666667]
switch 9 are [0.06666666666666667, 0.45454545454545453, 0.0, 0.17777777777777778, 0.0, 0.01948051948051948, 0.5833333333333334, 0.015810276679841896, 0.078125, 0.75]
switch 10 are [0.15, 0.0, 0.4166666666666667, 0.3333333333333333, 0.1702127659574468, 0.23076923076923078, 0.12857142857142856, 0.6666666666666666, 0.037800687285223365]
switch 11 are [0.047619047619047616, 0.0, 0.1111111111111111, 0.2222222222222222, 0.031746031746031744, 0.05555555555555555, 0.1518987341772152, 0.6086956521739131, 0.0, 0.3333333333333333, 1.75, 0.5384615384615384, 0.031914893617021274, 0.47619047619047616]
switch 12 are [0.08, 0.4666666666666667, 0.4666666666666667, 0.5714285714285714, 0.7575757575757576, 0.1590909090909091, 0.5833333333333334, 0.1348314606741573, 0.3225806451612903]
switch 13 are [0.125, 0.038461538461538464, 0.0625, 0.058823529411764705, 0.3333333333333333, 0.03308823529411765, 0.4838709677419355, 0.5625, 0.7857142857142857]
switch 14 are [0.11023622047244094, 0.3333333333333333, 0.20618556701030927, 0.16666666666666666, 0.2, 0.5333333333333333, 1.7272727272727273, 0.5, 0.4666666666666667, 0.75, 0.8333333333333334]
switch 15 are [0.6666666666666666, 0.2, 0.10526315789473684, 0.6, 0.14285714285714285, 0.09302325581395349, 0.27710843373493976, 0.28, 0.08139534883720931]
switch 16 are [0.025089605734767026, 0.75, 0.4166666666666667, 0.13333333333333333, 0.08333333333333333, 0.2413793103448276, 0.42857142857142855, 0.5238095238095238, 0.1891891891891892]
switch 17 are [1.8181818181818181, 0.2, 0.25, 0.1111111111111111, 1.6666666666666667, 0.07971014492753623, 0.046511627906976744, 0.5, 0.12280701754385964]
switch 18 are [0.3055555555555556, 0.16666666666666666, 0.20833333333333334, 0.3793103448275862, 0.09090909090909091]
switch 19 are [0.3125, 0.5882352941176471, 0.34615384615384615, 0.16666666666666666, 0.2, 0.25]
switch_ARE_with_trim_mean [0.21465362807268962, 0.11003100127358618, 0.15513013744230086, 0.172761085566302, 0.2800882511993502, 0.31338547031491953, 0.33271899446665665, 0.5337769009372271, 0.18586485330792335, 0.17446737856044922, 0.23711341991666623, 0.21739571635062213, 0.3935748900663725, 0.27592132110633055, 0.44327987781596034, 0.2718126673116277, 0.3101524878870077, 0.5327764873708855, 0.23015499825844654, 0.31059263448969326]
4 base3
d: 6 w: 9 k: 3
all [57.0] 

ans 57.0 

4_baseline3_switch_ 0 = 269
4_baseline3_switch_ 1 = 292
4_baseline3_switch_ 2 = 279
4_baseline3_switch_ 3 = 270
4_baseline3_switch_ 4 = 368
4_baseline3_switch_ 5 = 240
4_baseline3_switch_ 6 = 120
4_baseline3_switch_ 7 = 118
4_baseline3_switch_ 8 = 538
4_baseline3_switch_ 9 = 566
4_baseline3_switch_ 10 = 534
4_baseline3_switch_ 11 = 558
4_baseline3_switch_ 12 = 582
4_baseline3_switch_ 13 = 618
4_baseline3_switch_ 14 = 298
4_baseline3_switch_ 15 = 306
4_baseline3_switch_ 16 = 496
4_baseline3_switch_ 17 = 496
4_baseline3_switch_ 18 = 526
4_baseline3_switch_ 19 = 526
pass through [269, 292, 279, 270, 368, 240, 120, 118, 538, 566, 534, 558, 582, 618, 298, 306, 496, 496, 526, 526]
num_of_flow_store_in_switch [17, 19, 15, 15, 21, 12, 14, 12, 13, 12, 12, 2, 11, 10, 9, 6, 7, 12, 9, 11]
switch 0 are [0.02, 0.0, 0.0, 0.109375, 0.021367521367521368, 0.0, 0.0, 0.0, 0.6282051282051282, 0.0012970168612191958, 0.0, 0.08333333333333333, 0.19333333333333333, 1.0, 0.39285714285714285, 1.2666666666666666, 0.10526315789473684]
switch 1 are [0.0, 0.0, 0.8773584905660378, 1.8214285714285714, 0.17857142857142858, 0.4230769230769231, 0.21739130434782608, 1.4545454545454546, 2.0833333333333335, 0.0, 0.19696969696969696, 0.38823529411764707, 0.023809523809523808, 0.09411764705882353, 0.03571428571428571, 0.7857142857142857, 0.07142857142857142, 0.2857142857142857, 0.38095238095238093]
switch 2 are [0.008064516129032258, 0.046875, 0.2857142857142857, 0.17857142857142858, 0.39285714285714285, 0.0, 0.21428571428571427, 0.0, 0.03571428571428571, 0.5, 0.0, 0.6428571428571429, 1.4, 0.0, 0.19047619047619047]
switch 3 are [0.17857142857142858, 0.07142857142857142, 1.25, 0.03636363636363636, 0.03734439834024896, 0.04838709677419355, 0.1875, 0.03125, 0.1, 0.96875, 0.4375, 0.13043478260869565, 0.3333333333333333, 0.5, 0.22580645161290322]
switch 4 are [1.6, 2.8333333333333335, 0.0, 0.009259259259259259, 0.0, 0.0, 0.8225806451612904, 0.8571428571428571, 0.0, 0.39285714285714285, 1.0, 0.6785714285714286, 1.1428571428571428, 0.14285714285714285, 0.6785714285714286, 1.125, 0.0, 0.5686274509803921, 1.6111111111111112, 0.20689655172413793, 0.20588235294117646]
switch 5 are [0.06666666666666667, 0.3, 0.022653721682847898, 0.3225806451612903, 0.0, 0.0, 0.6190476190476191, 0.0, 0.125, 1.6428571428571428, 2.272727272727273, 0.3076923076923077]
switch 6 are [0.4166666666666667, 0.48148148148148145, 0.375, 0.020958083832335328, 0.21428571428571427, 0.16666666666666666, 0.03278688524590164, 0.0, 0.2608695652173913, 0.6363636363636364, 1.5, 0.37209302325581395, 0.17857142857142858, 0.056179775280898875]
switch 7 are [0.4375, 0.06875, 0.25, 0.4375, 0.0010934937124111536, 0.03333333333333333, 1.4166666666666667, 0.0, 0.019230769230769232, 0.014705882352941176, 0.22580645161290322, 0.2857142857142857]
switch 8 are [0.5384615384615384, 0.0015688735487919673, 0.031446540880503145, 0.034482758620689655, 0.18181818181818182, 0.4444444444444444, 0.2222222222222222, 0.0, 0.25, 0.1, 0.15384615384615385, 0.13333333333333333, 0.06060606060606061]
switch 9 are [0.12337662337662338, 0.056179775280898875, 1.4444444444444444, 0.0, 0.02766798418972332, 0.0, 0.3888888888888889, 0.08333333333333333, 0.16, 0.29411764705882354, 0.5833333333333334, 0.6875]
switch 10 are [1.0, 0.0, 0.12698412698412698, 0.25396825396825395, 0.027777777777777776, 0.012658227848101266, 0.14285714285714285, 0.5217391304347826, 0.5333333333333333, 1.0, 0.0, 0.0]
switch 11 are [0.02459016393442623, 0.5]
switch 12 are [0.05384615384615385, 0.023622047244094488, 0.0, 0.12371134020618557, 1.25, 0.06666666666666667, 0.0, 1.0526315789473684, 0.03333333333333333, 1.0, 0.09433962264150944]
switch 13 are [0.6666666666666666, 1.1333333333333333, 1.12, 0.05714285714285714, 0.14457831325301204, 0.03225806451612903, 0.25, 0.1724137931034483, 0.38461538461538464, 0.55]
switch 14 are [0.023255813953488372, 0.36, 1.0, 0.3333333333333333, 0.041666666666666664, 0.6666666666666666, 0.12790697674418605, 0.7142857142857143, 0.8333333333333334]
switch 15 are [0.45454545454545453, 0.4, 1.0, 0.038461538461538464, 0.21621621621621623, 0.4]
switch 16 are [0.2222222222222222, 0.44, 1.4166666666666667, 0.07446808510638298, 0.030927835051546393, 0.3333333333333333, 0.5454545454545454]
switch 17 are [0.027777777777777776, 0.06666666666666667, 0.8125, 0.0, 0.09195402298850575, 0.19230769230769232, 0.036231884057971016, 0.2727272727272727, 0.16129032258064516, 0.07906976744186046, 0.5833333333333334, 0.25806451612903225]
switch 18 are [0.10638297872340426, 0.0375, 0.0125, 0.23809523809523808, 0.3333333333333333, 0.08695652173913043, 0.18181818181818182, 0.21428571428571427, 0.05263157894736842]
switch 19 are [0.029411764705882353, 0.9444444444444444, 0.2222222222222222, 0.027777777777777776, 0.2777777777777778, 1.4166666666666667, 0.15384615384615385, 0.5, 0.1, 0.1875, 0.75]
switch_ARE_with_trim_mean [0.17033544225682767, 0.4255898908244554, 0.1919550543542479, 0.2504168999256162, 0.5547707884072588, 0.34064981031078745, 0.26766024390566123, 0.17736342159566437, 0.1467062335745801, 0.24043975854616248, 0.2619317993203519, 0.26229508196721313, 0.27201674920947905, 0.4181771268476711, 0.4556053894425987, 0.4182038682038682, 0.43758181254781386, 0.17694232560107576, 0.14038928299359674, 0.35168915144405344]
4 base3
d: 5 w: 3 k: 5
all [332.0] 

ans 332.0 

4_baseline3_switch_ 0 = 249
4_baseline3_switch_ 1 = 268
4_baseline3_switch_ 2 = 307
4_baseline3_switch_ 3 = 254
4_baseline3_switch_ 4 = 374
4_baseline3_switch_ 5 = 272
4_baseline3_switch_ 6 = 138
4_baseline3_switch_ 7 = 140
4_baseline3_switch_ 8 = 520
4_baseline3_switch_ 9 = 522
4_baseline3_switch_ 10 = 562
4_baseline3_switch_ 11 = 566
4_baseline3_switch_ 12 = 616
4_baseline3_switch_ 13 = 620
4_baseline3_switch_ 14 = 330
4_baseline3_switch_ 15 = 340
4_baseline3_switch_ 16 = 514
4_baseline3_switch_ 17 = 516
4_baseline3_switch_ 18 = 522
4_baseline3_switch_ 19 = 522
pass through [249, 268, 307, 254, 374, 272, 138, 140, 520, 522, 562, 566, 616, 620, 330, 340, 514, 516, 522, 522]
num_of_flow_store_in_switch [4, 13, 8, 12, 16, 13, 12, 9, 17, 12, 13, 12, 16, 11, 14, 11, 13, 13, 10, 10]
switch 0 are [0.0, 0.0, 0.0, 0.0]
switch 1 are [0.98046875, 0.39316239316239315, 0.5679611650485437, 2.282051282051282, 0.09208819714656291, 16.75, 4.916666666666667, 1.9583333333333333, 10.833333333333334, 11.523809523809524, 4.071428571428571, 3.830188679245283, 1.2456140350877194]
switch 2 are [1.0, 9.181818181818182, 0.047058823529411764, 0.725, 7.625, 0.46987951807228917, 3.6, 8.333333333333334]
switch 3 are [1.5434782608695652, 0.15333333333333332, 5.678571428571429, 7.4, 1.169811320754717, 7.4, 0.9278350515463918, 3.6666666666666665, 6.0, 1.118279569892473, 6.88, 3.064516129032258]
switch 4 are [5.071428571428571, 5.157894736842105, 3.107142857142857, 7.821428571428571, 6.5, 0.8283582089552238, 12.928571428571429, 0.04769375588327581, 2.0952380952380953, 1.2666666666666666, 6.666666666666667, 5.724137931034483, 4.476190476190476, 10.470588235294118, 1.074468085106383, 2.342857142857143]
switch 5 are [4.695652173913044, 4.7272727272727275, 9.5, 0.9859154929577465, 2.090909090909091, 8.333333333333334, 6.466666666666667, 9.4, 3.0, 3.3448275862068964, 2.4318181818181817, 5.3, 1.2674418604651163]
switch 6 are [1.4941176470588236, 0.9523809523809523, 0.9882352941176471, 9.25, 0.18688524590163935, 8.307692307692308, 9.25, 2.3142857142857145, 9.545454545454545, 16.666666666666668, 5.235294117647059, 0.5627906976744186]
switch 7 are [0.8629032258064516, 0.71875, 0.24251497005988024, 0.5471698113207547, 8.173913043478262, 2.883720930232558, 10.791666666666666, 8.083333333333334, 2.5166666666666666]
switch 8 are [3.107142857142857, 3.1785714285714284, 3.107142857142857, 3.5714285714285716, 3.107142857142857, 1.8, 8.583333333333334, 8.333333333333334, 2.25, 0.6571428571428571, 6.0, 1.2162162162162162, 4.333333333333333, 8.333333333333334, 7.615384615384615, 8.333333333333334, 9.636363636363637]
switch 9 are [3.0357142857142856, 3.25, 3.25, 3.0357142857142856, 3.0357142857142856, 3.108695652173913, 2.7058823529411766, 9.272727272727273, 0.45625, 2.0, 0.15053763440860216, 8.916666666666666]
switch 10 are [1.625, 1.0, 3.857142857142857, 3.392857142857143, 1.74, 2.7777777777777777, 2.4166666666666665, 8.266666666666667, 13.090909090909092, 3.869565217391304, 3.121212121212121, 3.4193548387096775, 10.333333333333334]
switch 11 are [2.9642857142857144, 4.892857142857143, 2.0, 2.7586206896551726, 2.1777777777777776, 0.5059288537549407, 0.65, 5.277777777777778, 4.076923076923077, 7.538461538461538, 6.0625, 1.0449438202247192]
switch 12 are [4.6, 0.36929460580912865, 0.4032258064516129, 4.6, 33.285714285714285, 9.875, 0.7878787878787878, 0.5974025974025974, 2.7333333333333334, 4.23404255319149, 17.46153846153846, 2.8095238095238093, 7.277777777777778, 2.6129032258064515, 1.4833333333333334, 8.833333333333334]
switch 13 are [2.625, 0.5185185185185185, 0.3, 0.4177215189873418, 8.6, 0.8031496062992126, 6.578947368421052, 3.48, 3.3636363636363638, 4.8, 7.285714285714286]
switch 14 are [6.75, 2.933333333333333, 2.933333333333333, 3.4285714285714284, 4.53125, 4.53125, 0.3055555555555556, 6.375, 1.6730769230769231, 10.75, 6.08, 1.2125, 4.904761904761905, 0.3230240549828179]
switch 15 are [3.0357142857142856, 2.7209302325581395, 0.9354838709677419, 3.0357142857142856, 3.0357142857142856, 3.2857142857142856, 3.5714285714285716, 3.2790697674418605, 4.291666666666667, 0.9607843137254902, 3.5357142857142856]
switch 16 are [4.142857142857143, 1.3928571428571428, 3.75, 6.266666666666667, 2.40625, 0.10679611650485436, 2.2058823529411766, 10.083333333333334, 10.166666666666666, 0.9574468085106383, 4.115384615384615, 11.0, 8.083333333333334]
switch 17 are [3.0, 5.4, 2.7333333333333334, 7.615384615384615, 2.742857142857143, 9.75, 6.0, 0.25, 0.9195402298850575, 3.923076923076923, 7.1875, 2.5405405405405403, 7.533333333333333]
switch 18 are [3.0, 2.125, 0.04866047020229634, 3.1333333333333333, 9.416666666666666, 1.1875, 4.24, 9.416666666666666, 0.5737704918032787, 9.333333333333334]
switch 19 are [3.76, 7.791666666666667, 8.80952380952381, 3.537037037037037, 4.95, 2.101123595505618, 0.6230769230769231, 5.611111111111111, 0.7318840579710145, 0.4927536231884058]
switch_ARE_with_trim_mean [0.0, 3.873001612106059, 3.872761232094152, 3.74491584273335, 4.471647588917954, 4.641629238235005, 4.7900251276311465, 3.8689598497293978, 4.857979737979738, 3.279463752892461, 4.074506965614322, 3.190568599950138, 4.879235215683642, 3.3191875179529746, 3.8063417481716453, 2.940087145969499, 4.870061642050065, 4.508687828946449, 4.126200478142077, 3.638237423921047]
4 base3
d: 5 w: 6 k: 5
all [152.0] 

ans 152.0 

4_baseline3_switch_ 0 = 259
4_baseline3_switch_ 1 = 288
4_baseline3_switch_ 2 = 271
4_baseline3_switch_ 3 = 276
4_baseline3_switch_ 4 = 352
4_baseline3_switch_ 5 = 250
4_baseline3_switch_ 6 = 108
4_baseline3_switch_ 7 = 106
4_baseline3_switch_ 8 = 534
4_baseline3_switch_ 9 = 556
4_baseline3_switch_ 10 = 536
4_baseline3_switch_ 11 = 552
4_baseline3_switch_ 12 = 586
4_baseline3_switch_ 13 = 592
4_baseline3_switch_ 14 = 276
4_baseline3_switch_ 15 = 260
4_baseline3_switch_ 16 = 494
4_baseline3_switch_ 17 = 494
4_baseline3_switch_ 18 = 496
4_baseline3_switch_ 19 = 498
pass through [259, 288, 271, 276, 352, 250, 108, 106, 534, 556, 536, 552, 586, 592, 276, 260, 494, 494, 496, 498]
num_of_flow_store_in_switch [13, 12, 14, 11, 8, 11, 12, 14, 14, 14, 15, 9, 12, 13, 10, 11, 11, 13, 11, 11]
switch 0 are [1.28, 0.0, 0.5099009900990099, 0.0, 0.0, 0.10043668122270742, 0.2948717948717949, 0.0, 2.272727272727273, 0.06764705882352941, 1.4230769230769231, 0.5652173913043478, 0.08695652173913043]
switch 1 are [0.017094017094017096, 0.44642857142857145, 0.14130434782608695, 0.04, 1.5, 1.75, 1.8, 0.018867924528301886, 0.09278350515463918, 1.3333333333333333, 1.375, 2.1333333333333333]
switch 2 are [0.15833333333333333, 4.473684210526316, 0.9642857142857143, 0.6785714285714286, 0.46153846153846156, 1.565217391304348, 0.9545454545454546, 2.1666666666666665, 0.5454545454545454, 0.2235294117647059, 0.109375, 1.12, 0.43333333333333335, 1.24]
switch 3 are [0.04225352112676056, 0.19047619047619047, 0.1411764705882353, 0.24193548387096775, 0.07142857142857142, 0.17857142857142858, 0.14285714285714285, 0.03571428571428571, 0.40540540540540543, 0.35106382978723405, 2.5]
switch 4 are [0.7857142857142857, 0.2857142857142857, 0.0, 1.0, 0.0, 0.0, 0.2625, 2.6666666666666665]
switch 5 are [0.4642857142857143, 0.5357142857142857, 1.1428571428571428, 1.4285714285714286, 0.42857142857142855, 0.14285714285714285, 0.4, 0.03319502074688797, 0.32, 2.3333333333333335, 0.7547169811320755]
switch 6 are [0.09090909090909091, 0.08064516129032258, 1.125, 0.8, 0.21428571428571427, 0.07142857142857142, 0.125, 2.1666666666666665, 0.10843373493975904, 0.8181818181818182, 1.9230769230769231, 0.3023255813953488]
switch 7 are [0.375, 1.0666666666666667, 2.28125, 0.5370370370370371, 0.0, 0.09302325581395349, 0.22580645161290322, 0.0, 1.75, 1.3571428571428572, 1.0, 0.0, 0.1875, 1.0]
switch 8 are [2.5, 0.42857142857142855, 0.6071428571428571, 0.9285714285714286, 0.7857142857142857, 0.9333333333333333, 0.06287425149700598, 3.6666666666666665, 1.0, 0.8888888888888888, 1.0769230769230769, 1.8181818181818181, 0.8571428571428571, 0.8064516129032258]
switch 9 are [0.39285714285714285, 0.59375, 0.08414239482200647, 0.9032258064516129, 2.1538461538461537, 0.68, 1.3148148148148149, 1.0714285714285714, 0.12131147540983607, 0.08, 0.32608695652173914, 1.0666666666666667, 2.0, 1.5625]
switch 10 are [0.9583333333333334, 1.3333333333333333, 0.11194029850746269, 0.8, 1.75, 0.5686274509803921, 1.3125, 0.2, 1.3125, 1.4666666666666666, 3.272727272727273, 3.125, 1.0555555555555556, 0.7931034482758621, 1.3125]
switch 11 are [1.0625, 0.375, 1.2307692307692308, 2.6666666666666665, 1.0, 2.0, 2.75, 1.75, 1.0357142857142858]
switch 12 are [2.6363636363636362, 3.642857142857143, 2.25, 0.4222222222222222, 0.15748031496062992, 0.24468085106382978, 0.8888888888888888, 0.1557377049180328, 0.3448275862068966, 0.17204301075268819, 1.2222222222222223, 1.75]
switch 13 are [1.0930232558139534, 0.03294634452463131, 0.014762165117550574, 0.6666666666666666, 0.0, 0.1, 2.125, 1.84, 2.380952380952381, 0.8888888888888888, 2.8333333333333335, 2.25, 1.1904761904761905]
switch 14 are [2.0833333333333335, 2.1666666666666665, 0.16666666666666666, 0.6170212765957447, 0.05714285714285714, 0.043010752688172046, 3.75, 0.7692307692307693, 1.8461538461538463, 0.10869565217391304]
switch 15 are [0.3275862068965517, 0.5555555555555556, 0.038461538461538464, 0.0, 5.416666666666667, 0.4126984126984127, 1.411764705882353, 0.5, 2.4166666666666665, 0.7741935483870968, 0.11627906976744186]
switch 16 are [0.16883116883116883, 0.5, 0.15714285714285714, 2.3333333333333335, 3.6, 4.083333333333333, 3.6666666666666665, 1.302325581395349, 1.0294117647058822, 1.9, 0.967741935483871]
switch 17 are [2.55, 0.7640449438202247, 0.75, 0.07905138339920949, 2.923076923076923, 1.6533333333333333, 2.9375, 0.23529411764705882, 0.8214285714285714, 4.916666666666667, 2.0833333333333335, 0.918918918918919, 0.1134020618556701]
switch 18 are [0.46875, 0.1746031746031746, 1.1333333333333333, 0.07692307692307693, 3.3333333333333335, 0.5555555555555556, 0.08455882352941177, 1.1333333333333333, 0.5428571428571428, 2.25, 0.25842696629213485]
switch 19 are [1.4411764705882353, 0.6111111111111112, 0.4177215189873418, 1.6521739130434783, 0.7428571428571429, 3.8333333333333335, 0.375, 2.5454545454545454, 0.7272727272727273, 10.142857142857142, 0.3684210526315789]
switch_ARE_with_trim_mean [0.39346430555794937, 0.8497717682270933, 0.875956311733166, 0.19612978267910408, 0.6250744047619048, 0.6241749026654687, 0.5587858024078977, 0.6326813556894515, 1.0525767989477666, 0.8430653190810325, 1.2298553683188571, 1.5411833536833537, 1.0088728732681014, 1.1438832629491147, 0.9768638834954746, 0.7281339671461795, 1.7187011611573633, 1.4318483821285486, 0.733490925500454, 1.3717889736275461]
4 base3
d: 5 w: 9 k: 5
all [72.0] 

ans 72.0 

4_baseline3_switch_ 0 = 265
4_baseline3_switch_ 1 = 274
4_baseline3_switch_ 2 = 279
4_baseline3_switch_ 3 = 254
4_baseline3_switch_ 4 = 364
4_baseline3_switch_ 5 = 246
4_baseline3_switch_ 6 = 122
4_baseline3_switch_ 7 = 118
4_baseline3_switch_ 8 = 546
4_baseline3_switch_ 9 = 526
4_baseline3_switch_ 10 = 538
4_baseline3_switch_ 11 = 540
4_baseline3_switch_ 12 = 612
4_baseline3_switch_ 13 = 590
4_baseline3_switch_ 14 = 306
4_baseline3_switch_ 15 = 316
4_baseline3_switch_ 16 = 518
4_baseline3_switch_ 17 = 518
4_baseline3_switch_ 18 = 506
4_baseline3_switch_ 19 = 510
pass through [265, 274, 279, 254, 364, 246, 122, 118, 546, 526, 538, 540, 612, 590, 306, 316, 518, 518, 506, 510]
num_of_flow_store_in_switch [15, 16, 14, 15, 19, 17, 14, 16, 10, 9, 14, 9, 8, 7, 9, 13, 8, 10, 8, 8]
switch 0 are [0.0, 0.06389776357827476, 0.009900990099009901, 0.0, 0.0811965811965812, 0.0, 0.0, 0.0, 0.05128205128205128, 0.00648508430609598, 0.18181818181818182, 0.0, 0.0, 0.0, 0.0]
switch 1 are [0.16304347826086957, 0.1, 0.7857142857142857, 0.2, 0.0, 0.9285714285714286, 0.9285714285714286, 0.07692307692307693, 0.09090909090909091, 2.3333333333333335, 0.0, 0.203125, 0.21428571428571427, 0.0, 0.32142857142857145, 0.16666666666666666]
switch 2 are [0.2608695652173913, 0.11267605633802817, 0.06060606060606061, 0.0, 0.03571428571428571, 0.0, 0.03571428571428571, 0.07142857142857142, 0.017857142857142856, 0.0, 0.4642857142857143, 0.03571428571428571, 1.3333333333333333, 1.3333333333333333]
switch 3 are [0.03529411764705882, 0.23387096774193547, 0.03571428571428571, 0.03571428571428571, 0.03571428571428571, 0.35714285714285715, 1.0, 0.0, 0.01818181818181818, 3.15, 0.0, 0.016129032258064516, 0.0, 0.15625, 0.03225806451612903]
switch 4 are [2.0625, 1.4, 0.0, 0.0, 0.14285714285714285, 0.4642857142857143, 1.46875, 0.17592592592592593, 0.009259259259259259, 0.07142857142857142, 1.1785714285714286, 0.14285714285714285, 0.5357142857142857, 0.26666666666666666, 2.1538461538461537, 0.018518518518518517, 0.00980392156862745, 0.8571428571428571, 0.4]
switch 5 are [0.8837209302325582, 0.0, 0.0, 0.125, 0.0, 0.71875, 0.0, 0.967741935483871, 0.13333333333333333, 0.28, 0.0, 0.0, 0.008982035928143712, 0.12, 0.0, 0.9375, 0.5]
switch 6 are [0.07142857142857142, 0.3333333333333333, 0.0037313432835820895, 0.2, 0.21428571428571427, 2.9166666666666665, 0.10869565217391304, 0.09803921568627451, 0.9375, 0.5925925925925926, 0.4230769230769231, 0.4782608695652174, 0.36363636363636365, 0.16129032258064516]
switch 7 are [0.07213114754098361, 0.5, 0.4375, 0.0375, 0.0, 0.45, 0.5384615384615384, 0.012575177692728267, 0.050314465408805034, 0.08333333333333333, 0.0, 0.2777777777777778, 0.1111111111111111, 0.05555555555555555, 0.08196721311475409, 0.8333333333333334]
switch 8 are [0.0018826482585503608, 0.16666666666666666, 0.16666666666666666, 0.3793103448275862, 0.17307692307692307, 0.08888888888888889, 0.012987012987012988, 0.07865168539325842, 0.0, 0.38095238095238093]
switch 9 are [0.0, 0.09523809523809523, 0.08571428571428572, 0.16666666666666666, 0.08333333333333333, 0.1, 0.0, 0.05555555555555555, 0.42857142857142855]
switch 10 are [0.011857707509881422, 0.5531914893617021, 1.0769230769230769, 0.0761904761904762, 0.12857142857142856, 0.08695652173913043, 0.5, 0.8333333333333334, 1.4545454545454546, 0.058823529411764705, 0.27586206896551724, 1.1666666666666667, 0.75, 0.1320754716981132]
switch 11 are [0.109375, 0.015873015873015872, 0.027777777777777776, 0.0, 0.2, 0.6, 0.15, 0.8461538461538461, 0.01718213058419244]
switch 12 are [1.0833333333333333, 1.4666666666666666, 0.5625, 0.047244094488188976, 0.125, 0.21621621621621623, 0.08771929824561403, 0.41935483870967744]
switch 13 are [0.046153846153846156, 1.25, 0.3333333333333333, 0.16666666666666666, 0.057971014492753624, 0.35294117647058826, 0.375]
switch 14 are [0.08247422680412371, 0.0, 0.0, 0.26666666666666666, 0.3157894736842105, 0.007168458781362007, 0.2857142857142857, 0.6666666666666666, 0.5454545454545454]
switch 15 are [0.4, 1.28, 0.37142857142857144, 0.13953488372093023, 0.12048192771084337, 1.25, 0.36, 0.9166666666666666, 0.4, 0.09090909090909091, 0.39285714285714285, 0.07446808510638298, 0.023255813953488372]
switch 16 are [0.4166666666666667, 0.06896551724137931, 0.52, 1.25, 0.11494252873563218, 0.24242424242424243, 0.5833333333333334, 0.25806451612903225]
switch 17 are [0.12903225806451613, 0.2, 0.07692307692307693, 3.0833333333333335, 0.043478260869565216, 0.11666666666666667, 0.29545454545454547, 0.375, 0.21348314606741572, 0.5930232558139535]
switch 18 are [0.05555555555555555, 0.36666666666666664, 0.2972972972972973, 0.4117647058823529, 0.16666666666666666, 1.2307692307692308, 0.7, 0.5833333333333334]
switch 19 are [0.75, 0.05319148936170213, 0.0, 0.06944444444444445, 0.1111111111111111, 0.07692307692307693, 0.35, 0.42857142857142855]
switch_ARE_with_trim_mean [0.016366343881693318, 0.2985170529522238, 0.2023499417674249, 0.15048228574082462, 0.5414283196938906, 0.24715241996626902, 0.33184496319662904, 0.19344480857118482, 0.13351635459569416, 0.11278659611992944, 0.4698828385717675, 0.2184846411543147, 0.501004305957462, 0.3688665767310268, 0.24110381375242895, 0.41057694258178434, 0.43179960056628575, 0.2499478686237718, 0.4765066820213879, 0.2299051938014704]
4 base3
d: 6 w: 9 k: 5
all [62.0] 

ans 62.0 

4_baseline3_switch_ 0 = 263
4_baseline3_switch_ 1 = 280
4_baseline3_switch_ 2 = 283
4_baseline3_switch_ 3 = 256
4_baseline3_switch_ 4 = 362
4_baseline3_switch_ 5 = 250
4_baseline3_switch_ 6 = 140
4_baseline3_switch_ 7 = 138
4_baseline3_switch_ 8 = 536
4_baseline3_switch_ 9 = 556
4_baseline3_switch_ 10 = 516
4_baseline3_switch_ 11 = 562
4_baseline3_switch_ 12 = 584
4_baseline3_switch_ 13 = 614
4_baseline3_switch_ 14 = 348
4_baseline3_switch_ 15 = 354
4_baseline3_switch_ 16 = 506
4_baseline3_switch_ 17 = 506
4_baseline3_switch_ 18 = 544
4_baseline3_switch_ 19 = 542
pass through [263, 280, 283, 256, 362, 250, 140, 138, 536, 556, 516, 562, 584, 614, 348, 354, 506, 506, 544, 542]
num_of_flow_store_in_switch [19, 17, 11, 17, 18, 16, 17, 11, 12, 12, 9, 6, 5, 13, 14, 12, 6, 5, 13, 6]
switch 0 are [0.0, 0.0, 0.2079207920792079, 0.109375, 0.0, 0.3058252427184466, 0.0, 0.375, 0.15384615384615385, 0.0, 0.0, 0.0, 0.041666666666666664, 0.0, 0.0, 0.0, 0.0, 0.0, 0.0]
switch 1 are [0.31521739130434784, 0.04, 0.10714285714285714, 0.22641509433962265, 0.0, 0.3076923076923077, 0.6521739130434783, 0.0, 0.9166666666666666, 0.0, 0.18181818181818182, 0.023529411764705882, 0.03571428571428571, 0.0, 0.2222222222222222, 0.4, 0.6363636363636364]
switch 2 are [0.03529411764705882, 0.04838709677419355, 0.0, 0.03571428571428571, 0.0, 0.0, 0.21428571428571427, 0.017857142857142856, 0.21428571428571427, 0.0, 0.05555555555555555]
switch 3 are [0.2857142857142857, 0.17857142857142858, 1.0, 0.35714285714285715, 0.5714285714285714, 1.0, 1.0, 0.0, 0.0, 0.0, 0.0, 0.0, 0.03125, 0.0, 0.0, 0.0, 0.5172413793103449]
switch 4 are [0.0, 0.07142857142857142, 3.357142857142857, 1.0625, 0.59375, 0.046296296296296294, 0.018518518518518517, 0.0, 0.0, 0.14285714285714285, 0.25, 0.0, 0.0, 0.07142857142857142, 0.0, 0.5666666666666667, 0.0, 0.23076923076923078]
switch 5 are [0.42857142857142855, 0.13333333333333333, 0.0, 0.0625, 0.9354838709677419, 0.0, 0.0, 0.19047619047619047, 2.75, 0.025, 1.1666666666666667, 0.03934426229508197, 0.875, 0.6363636363636364, 0.75, 0.5]
switch 6 are [0.1111111111111111, 0.026119402985074626, 0.12574850299401197, 0.07142857142857142, 0.06, 1.2826086956521738, 0.3333333333333333, 0.18181818181818182, 0.6428571428571429, 0.09375, 0.09302325581395349, 0.1875, 0.8333333333333334, 0.007352941176470588, 0.4166666666666667, 0.1590909090909091, 0.6666666666666666]
switch 7 are [0.1875, 0.1, 0.3076923076923077, 0.0012550988390335738, 0.01038819026790596, 0.0, 0.5833333333333334, 0.75, 0.3333333333333333, 0.6521739130434783, 0.08333333333333333]
switch 8 are [0.031446540880503145, 0.0, 0.0, 0.047619047619047616, 0.38461538461538464, 0.1111111111111111, 0.0, 0.14285714285714285, 0.0, 0.0, 0.0, 0.14285714285714285]
switch 9 are [0.011235955056179775, 0.0, 0.0, 0.02127659574468085, 2.3846153846153846, 0.0380952380952381, 0.0, 0.078125, 0.19047619047619047, 0.027777777777777776, 0.6666666666666666, 0.2903225806451613]
switch 10 are [0.2777777777777778, 0.7936507936507936, 0.12658227848101267, 0.014285714285714285, 0.0, 0.625, 0.0, 0.6666666666666666, 0.0]
switch 11 are [0.8666666666666667, 0.9375, 0.046153846153846156, 0.08661417322834646, 0.5, 0.9166666666666666]
switch 12 are [0.3333333333333333, 0.10526315789473684, 0.3333333333333333, 0.1935483870967742, 1.2142857142857142]
switch 13 are [0.2268041237113402, 0.16666666666666666, 0.9166666666666666, 0.0, 0.06666666666666667, 0.12, 0.8, 0.20930232558139536, 0.0, 0.0, 0.17142857142857143, 0.4166666666666667, 0.32142857142857145]
switch 14 are [0.7333333333333333, 0.12048192771084337, 1.5625, 1.25, 0.13333333333333333, 1.7272727272727273, 0.0, 0.0, 0.06896551724137931, 0.6153846153846154, 0.24324324324324326, 0.01718213058419244, 0.45, 0.42857142857142855]
switch 15 are [0.5, 0.08196721311475409, 0.47058823529411764, 0.053763440860215055, 0.07692307692307693, 0.036231884057971016, 0.3333333333333333, 2.6176470588235294, 0.13953488372093023, 0.16666666666666666, 0.07017543859649122, 0.6666666666666666]
switch 16 are [0.56, 0.0, 0.12, 0.46153846153846156, 0.5, 0.22580645161290322]
switch 17 are [0.5, 0.1111111111111111, 0.34615384615384615, 0.16666666666666666, 0.036231884057971016]
switch 18 are [0.1, 0.08108108108108109, 0.010638297872340425, 0.175, 0.0375, 0.21666666666666667, 0.723404255319149, 0.2727272727272727, 0.018604651162790697, 0.3333333333333333, 0.0898876404494382, 0.25, 0.16981132075471697]
switch 19 are [0.3333333333333333, 0.07407407407407407, 0.0392156862745098, 0.3888888888888889, 0.05555555555555555, 0.05555555555555555]
switch_ARE_with_trim_mean [0.04815493266532206, 0.20988595342704303, 0.04523265698155009, 0.26275656814449916, 0.19088843737281236, 0.4101956706195771, 0.2668298052065971, 0.25100105664919176, 0.04758909853249475, 0.13239760044618948, 0.27821813676244056, 0.558933558785921, 0.43595278518877834, 0.22717850837726167, 0.46858296078353073, 0.25596189551762516, 0.31122415219189414, 0.23203270159791897, 0.15860108783411814, 0.15777051561365288]
