4 base3
d: 5 w: 3 k: 1
all [493.0] 

ans 493.0 

4_baseline3_switch_ 0 = 297
4_baseline3_switch_ 1 = 246
4_baseline3_switch_ 2 = 197
4_baseline3_switch_ 3 = 279
4_baseline3_switch_ 4 = 234
4_baseline3_switch_ 5 = 224
4_baseline3_switch_ 6 = 206
4_baseline3_switch_ 7 = 227
4_baseline3_switch_ 8 = 540
4_baseline3_switch_ 9 = 546
4_baseline3_switch_ 10 = 488
4_baseline3_switch_ 11 = 482
4_baseline3_switch_ 12 = 486
4_baseline3_switch_ 13 = 488
4_baseline3_switch_ 14 = 464
4_baseline3_switch_ 15 = 454
4_baseline3_switch_ 16 = 510
4_baseline3_switch_ 17 = 512
4_baseline3_switch_ 18 = 508
4_baseline3_switch_ 19 = 508
pass through [297, 246, 197, 279, 234, 224, 206, 227, 540, 546, 488, 482, 486, 488, 464, 454, 510, 512, 508, 508]
num_of_flow_store_in_switch [6, 10, 9, 13, 12, 14, 9, 11, 14, 10, 12, 11, 13, 14, 17, 13, 13, 12, 12, 14]
switch 0 are [1.17, 0.0, 0.0, 0.0, 0.8547008547008547, 0.0]
switch 1 are [0.4978165938864629, 2.5535714285714284, 0.6282051282051282, 0.2438391699092088, 10.545454545454545, 1.697674418604651, 9.545454545454545, 2.8666666666666667, 0.4411764705882353, 0.3395348837209302]
switch 2 are [0.19117647058823528, 0.8369565217391305, 0.5083333333333333, 0.41237113402061853, 5.052631578947368, 4.6571428571428575, 2.9655172413793105, 5.555555555555555, 8.583333333333334]
switch 3 are [0.14666666666666667, 5.535714285714286, 6.607142857142857, 1.009433962264151, 5.105263157894737, 6.36, 0.332089552238806, 2.2222222222222223, 12.23076923076923, 6.32, 5.444444444444445, 1.2166666666666666, 6.733333333333333]
switch 4 are [6.6, 4.75, 3.0714285714285716, 3.3846153846153846, 3.9565217391304346, 1.2619047619047619, 4.428571428571429, 1.9814814814814814, 6.125, 1.0909090909090908, 6.6, 0.5163934426229508]
switch 5 are [6.045454545454546, 11.25, 1.2424242424242424, 0.8470588235294118, 2.675, 1.8620689655172413, 7.166666666666667, 7.647058823529412, 5.115384615384615, 11.25, 4.352941176470588, 11.333333333333334, 6.4, 2.9523809523809526]
switch 6 are [2.9859154929577465, 0.2275449101796407, 3.019230769230769, 5.297872340425532, 7.222222222222222, 0.4936708860759494, 0.26153846153846155, 0.2536764705882353, 0.6884057971014492]
switch 7 are [0.9647058823529412, 0.29838709677419356, 5.214285714285714, 10.5, 12.916666666666666, 0.5335968379446641, 6.260869565217392, 1.475, 14.818181818181818, 6.9523809523809526, 1.9]
switch 8 are [0.828125, 5.785714285714286, 8.892857142857142, 3.8214285714285716, 3.1785714285714284, 0.18360655737704917, 10.25, 1.5333333333333334, 0.26881720430107525, 4.625, 5.295454545454546, 15.0, 10.25, 0.9649122807017544]
switch 9 are [4.214285714285714, 3.107142857142857, 3.0714285714285716, 1.6, 1.5, 1.8627450980392157, 0.43333333333333335, 12.166666666666666, 5.5, 2.4545454545454546]
switch 10 are [5.535714285714286, 4.392857142857143, 1.6964285714285714, 1.4821428571428572, 5.178571428571429, 8.0, 12.727272727272727, 8.928571428571429, 0.6614173228346457, 1.4027777777777777, 3.793103448275862, 1.3372093023255813]
switch 11 are [5.0, 3.142857142857143, 1.1090909090909091, 0.11618257261410789, 6.125, 0.26875, 6.25, 1.619047619047619, 10.2, 3.2222222222222223, 7.769230769230769]
switch 12 are [1.0161290322580645, 2.7209302325581395, 1.8571428571428572, 1.6444444444444444, 4.142857142857143, 0.7922077922077922, 3.4444444444444446, 0.9428571428571428, 7.466666666666667, 4.08, 9.583333333333334, 8.916666666666666, 6.4375]
switch 13 are [4.8, 2.625, 4.85, 5.375, 6.8, 3.68, 0.9879518072289156, 5.5, 7.923076923076923, 1.348314606741573, 8.666666666666666, 4.95, 9.636363636363637, 1.8867924528301887]
switch 14 are [7.25, 5.5, 3.4, 5.4, 4.90625, 4.90625, 1.3370786516853932, 11.6, 4.416666666666667, 7.25, 6.269230769230769, 6.269230769230769, 0.6521739130434783, 2.9393939393939394, 8.709677419354838, 0.436426116838488, 5.190476190476191]
switch 15 are [3.642857142857143, 3.0714285714285716, 1.4722222222222223, 0.6018518518518519, 1.6511627906976745, 12.307692307692308, 2.411764705882353, 6.25, 1.135135135135135, 4.64, 6.25, 2.5135135135135136, 8.5]
switch 16 are [1.5161290322580645, 3.8214285714285716, 4.214285714285714, 3.0, 1.8, 8.333333333333334, 14.0, 3.869565217391304, 10.25, 11.75, 2.857142857142857, 3.7096774193548385, 3.857142857142857]
switch 17 are [3.7857142857142856, 1.3928571428571428, 4.357142857142857, 3.7857142857142856, 6.6, 4.9, 4.125, 6.125, 0.3081761006289308, 11.5, 8.5, 2.2777777777777777]
switch 18 are [8.428571428571429, 0.2750809061488673, 11.709677419354838, 5.566666666666666, 0.046438657044242236, 1.90625, 10.625, 11.4, 1.8085106382978724, 1.325, 1.1724137931034482, 4.311827956989247]
switch 19 are [10.0, 4.958333333333333, 0.06724986331328595, 3.933333333333333, 10.916666666666666, 3.933333333333333, 1.7936507936507937, 11.333333333333334, 14.25, 6.0476190476190474, 4.285714285714286, 1.1170212765957446, 11.333333333333334, 3.6129032258064515]
switch_ARE_with_trim_mean [0.33745014245014243, 2.321262516962256, 3.1958908917821938, 4.262391861992864, 3.665043245804115, 5.663281665652356, 2.2722308167022227, 5.190833957649814, 4.641184482696844, 2.9137684619302266, 4.174737624266493, 3.8340220736054067, 3.8790580572632334, 4.867070887442945, 4.959761887938802, 3.7761894619760557, 5.223870542734498, 4.5849206349206355, 4.681932138977753, 6.105436830226638]
4 base3
d: 5 w: 6 k: 1
all [155.0] 

ans 155.0 

4_baseline3_switch_ 0 = 331
4_baseline3_switch_ 1 = 260
4_baseline3_switch_ 2 = 215
4_baseline3_switch_ 3 = 273
4_baseline3_switch_ 4 = 200
4_baseline3_switch_ 5 = 212
4_baseline3_switch_ 6 = 214
4_baseline3_switch_ 7 = 217
4_baseline3_switch_ 8 = 570
4_baseline3_switch_ 9 = 612
4_baseline3_switch_ 10 = 494
4_baseline3_switch_ 11 = 510
4_baseline3_switch_ 12 = 448
4_baseline3_switch_ 13 = 446
4_baseline3_switch_ 14 = 444
4_baseline3_switch_ 15 = 460
4_baseline3_switch_ 16 = 504
4_baseline3_switch_ 17 = 504
4_baseline3_switch_ 18 = 526
4_baseline3_switch_ 19 = 528
pass through [331, 260, 215, 273, 200, 212, 214, 217, 570, 612, 494, 510, 448, 446, 444, 460, 504, 504, 526, 528]
num_of_flow_store_in_switch [12, 14, 13, 9, 12, 13, 14, 11, 17, 9, 14, 12, 15, 14, 10, 9, 12, 13, 9, 7]
switch 0 are [0.115, 0.0, 0.5668316831683168, 0.0, 0.0, 0.0, 0.0, 1.0128205128205128, 6.636363636363637, 0.09117647058823529, 0.1702127659574468, 0.3]
switch 1 are [0.1650485436893204, 0.07263294422827497, 0.30434782608695654, 0.23333333333333334, 0.35714285714285715, 0.6785714285714286, 0.32075471698113206, 0.7368421052631579, 0.8214285714285714, 0.21428571428571427, 0.0, 0.25, 0.43478260869565216, 2.75]
switch 2 are [0.2833333333333333, 3.8666666666666667, 1.8461538461538463, 0.30434782608695654, 2.3636363636363638, 0.2112676056338028, 0.23529411764705882, 0.21428571428571427, 0.19672131147540983, 0.6590909090909091, 4.032258064516129, 1.3833333333333333, 1.4615384615384615]
switch 3 are [2.5833333333333335, 0.011764705882352941, 0.15625, 0.39285714285714285, 0.21428571428571427, 2.0, 0.1568627450980392, 1.1111111111111112, 1.6875]
switch 4 are [0.0, 0.07142857142857142, 0.07142857142857142, 0.75, 1.0, 0.25, 0.42857142857142855, 0.32142857142857145, 0.0, 0.9655172413793104, 1.75, 2.3333333333333335]
switch 5 are [1.0714285714285714, 0.03571428571428571, 0.25, 1.0714285714285714, 1.0357142857142858, 0.5, 2.35, 0.13709677419354838, 1.5, 0.9375, 1.7692307692307692, 1.5, 2.8181818181818183]
switch 6 are [0.13278008298755187, 1.15, 0.0, 0.9333333333333333, 2.0, 1.0714285714285714, 0.21428571428571427, 0.0, 0.4186046511627907, 0.25384615384615383, 0.2222222222222222, 0.15053763440860216, 1.15, 0.24561403508771928]
switch 7 are [0.3125, 0.3148148148148148, 0.027777777777777776, 0.03225806451612903, 1.0714285714285714, 1.0357142857142858, 1.0357142857142858, 0.35714285714285715, 0.07142857142857142, 0.03333333333333333, 0.32432432432432434]
switch 8 are [1.0535714285714286, 1.1071428571428572, 2.1333333333333333, 0.8928571428571429, 5.25, 2.03125, 0.05825242718446602, 0.5161290322580645, 6.461538461538462, 1.2, 3.0416666666666665, 0.026119402985074626, 1.2083333333333333, 0.88, 0.8333333333333334, 5.388888888888889, 0.11683848797250859]
switch 9 are [2.0952380952380953, 0.7407407407407407, 1.25, 0.05389221556886228, 0.3, 0.1956521739130435, 2.3636363636363638, 0.9444444444444444, 0.64]
switch 10 are [3.5, 0.07868852459016394, 3.5454545454545454, 3.5, 7.625, 0.4418604651162791, 10.4375, 0.2125984251968504, 0.7, 2.0, 0.23255813953488372, 3.1666666666666665, 1.380952380952381, 1.4285714285714286]
switch 11 are [3.4166666666666665, 0.88, 0.7843137254901961, 0.2, 0.875, 1.5263157894736843, 1.32, 0.17567567567567569, 0.3611111111111111, 1.0833333333333333, 2.142857142857143, 0.46153846153846156]
switch 12 are [1.5, 1.7692307692307692, 2.625, 0.013121924548933843, 1.7666666666666666, 3.9166666666666665, 0.057692307692307696, 1.75, 1.0625, 1.3888888888888888, 2.0588235294117645, 1.0384615384615385, 0.9117647058823529, 0.9032258064516129, 1.0]
switch 13 are [0.007844367743959836, 0.1761006289308176, 12.916666666666666, 0.29310344827586204, 2.3333333333333335, 0.6349206349206349, 1.0, 4.9, 0.02247191011235955, 0.030927835051546393, 8.363636363636363, 0.21014492753623187, 1.4166666666666667, 0.8571428571428571]
switch 14 are [0.28888888888888886, 0.08441558441558442, 0.6333333333333333, 0.007905138339920948, 2.25, 2.2666666666666666, 0.04819277108433735, 1.0, 0.06896551724137931, 0.2696629213483146]
switch 15 are [1.0, 0.2978723404255319, 4.538461538461538, 0.09047619047619047, 1.0, 0.5555555555555556, 1.4230769230769231, 2.2142857142857144, 1.9166666666666667]
switch 16 are [0.3235294117647059, 0.125, 0.6111111111111112, 0.8412698412698413, 0.1388888888888889, 0.08571428571428572, 2.533333333333333, 1.8333333333333333, 0.20930232558139536, 0.2, 3.4166666666666665, 0.5094339622641509]
switch 17 are [1.8695652173913044, 0.4166666666666667, 0.4533333333333333, 6.5, 2.7333333333333334, 1.28, 0.7714285714285715, 2.75, 1.9333333333333333, 0.9285714285714286, 2.3333333333333335, 1.8, 0.6904761904761905]
switch 18 are [0.31746031746031744, 0.12658227848101267, 6.666666666666667, 4.833333333333333, 2.25, 0.10144927536231885, 0.14893617021276595, 0.5454545454545454, 0.16279069767441862]
switch 19 are [2.2, 0.07168458781362007, 0.7931034482758621, 0.9047619047619048, 0.13602941176470587, 0.36363636363636365, 1.9333333333333333]
switch_ARE_with_trim_mean [0.22560414325345116, 0.3824308874755333, 1.166268016127859, 0.9237738613964104, 0.5608374384236454, 1.1020362701814312, 0.4952210332302216, 0.3908033929987335, 1.7141064621028015, 0.9537337815046166, 2.3111385042910864, 0.9634469563803929, 1.3717118625142999, 1.6865373838005562, 0.5804323770389798, 1.4484883254386802, 0.732520220754676, 1.5948522492000754, 1.683630364960598, 0.9146498642265415]
4 base3
d: 5 w: 9 k: 1
all [88.0] 

ans 88.0 

4_baseline3_switch_ 0 = 331
4_baseline3_switch_ 1 = 264
4_baseline3_switch_ 2 = 199
4_baseline3_switch_ 3 = 289
4_baseline3_switch_ 4 = 218
4_baseline3_switch_ 5 = 224
4_baseline3_switch_ 6 = 232
4_baseline3_switch_ 7 = 245
4_baseline3_switch_ 8 = 588
4_baseline3_switch_ 9 = 588
4_baseline3_switch_ 10 = 502
4_baseline3_switch_ 11 = 506
4_baseline3_switch_ 12 = 460
4_baseline3_switch_ 13 = 466
4_baseline3_switch_ 14 = 490
4_baseline3_switch_ 15 = 482
4_baseline3_switch_ 16 = 518
4_baseline3_switch_ 17 = 518
4_baseline3_switch_ 18 = 524
4_baseline3_switch_ 19 = 520
pass through [331, 264, 199, 289, 218, 224, 232, 245, 588, 588, 502, 506, 460, 466, 490, 482, 518, 518, 524, 520]
num_of_flow_store_in_switch [19, 19, 16, 14, 16, 17, 15, 10, 14, 10, 14, 5, 8, 11, 15, 7, 6, 7, 4, 12]
switch 0 are [0.28, 0.5303514376996805, 0.1485148514851485, 0.34375, 0.05982905982905983, 0.07766990291262135, 0.0, 0.14285714285714285, 3.2564102564102564, 0.0, 0.18181818181818182, 0.0, 0.0, 0.10714285714285714, 0.10377358490566038, 0.3125, 0.5833333333333334, 2.6, 0.2903225806451613]
switch 1 are [0.07647058823529412, 0.0, 0.4642857142857143, 0.3333333333333333, 1.4736842105263157, 0.0, 0.0, 2.5384615384615383, 0.391304347826087, 4.454545454545454, 2.4166666666666665, 0.0, 0.09090909090909091, 0.16470588235294117, 0.05952380952380952, 0.10588235294117647, 0.0, 0.2, 0.021739130434782608]
switch 2 are [0.0, 0.21428571428571427, 0.35714285714285715, 0.9642857142857143, 0.6428571428571429, 0.7857142857142857, 0.5714285714285714, 0.07142857142857142, 0.2857142857142857, 0.35714285714285715, 0.6785714285714286, 0.0, 0.45, 1.6111111111111112, 1.4545454545454546, 0.38636363636363635]
switch 3 are [0.017857142857142856, 0.07142857142857142, 0.03571428571428571, 0.0, 0.07142857142857142, 0.7090909090909091, 0.0, 0.016129032258064516, 0.0, 0.0, 0.6875, 0.09375, 0.10714285714285714, 0.35]
switch 4 are [0.0, 0.09375, 0.06666666666666667, 0.0, 0.0, 0.0, 0.0, 0.09302325581395349, 0.03225806451612903, 0.0, 0.05357142857142857, 0.9285714285714286, 0.25, 0.0, 0.07142857142857142, 0.6666666666666666]
switch 5 are [0.03571428571428571, 1.0357142857142858, 0.07142857142857142, 1.0357142857142858, 0.7333333333333333, 0.9375, 0.11650485436893204, 0.0, 1.1538461538461537, 0.125, 1.1428571428571428, 0.0, 0.05, 0.0, 0.006557377049180328, 0.041666666666666664, 0.5]
switch 6 are [0.56, 0.3333333333333333, 0.041044776119402986, 0.014970059880239521, 0.92, 0.391304347826087, 0.1568627450980392, 5.857142857142857, 0.1625, 0.13953488372093023, 0.4444444444444444, 0.2777777777777778, 0.23076923076923078, 0.7692307692307693, 0.09302325581395349]
switch 7 are [0.45454545454545453, 0.4375, 0.4375, 0.525, 0.8125, 0.011481683980317113, 0.1, 0.15517241379310345, 0.17857142857142858, 0.34615384615384615]
switch 8 are [0.23076923076923078, 0.0, 0.025157232704402517, 0.4166666666666667, 0.0, 0.20634920634920634, 0.0, 0.022222222222222223, 0.02857142857142857, 1.0, 0.011235955056179775, 0.0, 0.029411764705882353, 0.25]
switch 9 are [0.0, 0.14935064935064934, 0.16666666666666666, 0.05138339920948617, 0.0, 0.6956521739130435, 0.16666666666666666, 0.24242424242424243, 0.3125, 0.9166666666666666]
switch 10 are [1.2, 0.10638297872340426, 0.3076923076923077, 0.046875, 0.6825396825396826, 0.2777777777777778, 0.0, 0.05555555555555555, 0.0, 0.0, 0.0, 0.8333333333333334, 0.47058823529411764, 3.0]
switch 11 are [0.12, 0.4666666666666667, 0.2692307692307692, 0.16216216216216217, 0.23809523809523808]
switch 12 are [0.0, 0.0, 0.031496062992125984, 0.25, 0.0, 1.3333333333333333, 0.037209302325581395, 0.07894736842105263]
switch 13 are [0.11538461538461539, 0.08247422680412371, 0.6666666666666666, 0.0, 0.06666666666666667, 0.04, 0.012048192771084338, 0.0, 0.05737704918032787, 0.38095238095238093, 0.34285714285714286]
switch 14 are [2.0, 3.6666666666666665, 0.0, 0.22857142857142856, 0.7906976744186046, 0.12, 0.01838235294117647, 0.5, 0.4827586206896552, 0.6923076923076923, 0.6666666666666666, 0.08333333333333333, 0.020618556701030927, 0.5833333333333334, 0.4642857142857143]
switch 15 are [0.4166666666666667, 0.2, 0.2727272727272727, 0.4583333333333333, 0.27586206896551724, 0.4117647058823529, 0.5]
switch 16 are [0.28, 0.4166666666666667, 0.050724637681159424, 0.25806451612903225, 0.06741573033707865, 0.22580645161290322]
switch 17 are [0.1111111111111111, 0.1, 0.4375, 0.022988505747126436, 0.053763440860215055, 0.34782608695652173, 0.42857142857142855]
switch 18 are [0.0875, 0.09803921568627451, 0.05319148936170213, 1.0]
switch 19 are [0.08108108108108109, 0.07446808510638298, 0.1, 0.047619047619047616, 0.9259259259259259, 0.1111111111111111, 0.5833333333333334, 0.11666666666666667, 0.36363636363636365, 0.3333333333333333, 1.1818181818181819, 0.16981132075471697]
switch_ARE_with_trim_mean [0.3389331136840499, 0.49040980385274996, 0.5156771799628943, 0.12091253840245775, 0.09481176097595827, 0.3887993868564456, 0.34767888954876686, 0.3293053928829791, 0.10169864225376828, 0.22308047477884435, 0.3317287392430149, 0.2512309672309672, 0.21637325838401167, 0.12197336384626019, 0.5116119517883566, 0.36219343536787757, 0.21644633373780672, 0.2145372247494861, 0.30968267626199414, 0.2859367220948915]
4 base3
d: 6 w: 9 k: 1
all [85.0] 

ans 85.0 

4_baseline3_switch_ 0 = 331
4_baseline3_switch_ 1 = 262
4_baseline3_switch_ 2 = 197
4_baseline3_switch_ 3 = 273
4_baseline3_switch_ 4 = 202
4_baseline3_switch_ 5 = 208
4_baseline3_switch_ 6 = 226
4_baseline3_switch_ 7 = 251
4_baseline3_switch_ 8 = 578
4_baseline3_switch_ 9 = 608
4_baseline3_switch_ 10 = 488
4_baseline3_switch_ 11 = 474
4_baseline3_switch_ 12 = 446
4_baseline3_switch_ 13 = 426
4_baseline3_switch_ 14 = 498
4_baseline3_switch_ 15 = 484
4_baseline3_switch_ 16 = 520
4_baseline3_switch_ 17 = 518
4_baseline3_switch_ 18 = 506
4_baseline3_switch_ 19 = 508
pass through [331, 262, 197, 273, 202, 208, 226, 251, 578, 608, 488, 474, 446, 426, 498, 484, 520, 518, 506, 508]
num_of_flow_store_in_switch [18, 17, 15, 15, 22, 18, 12, 13, 15, 13, 9, 4, 9, 13, 8, 6, 7, 5, 11, 9]
switch 0 are [0.0, 0.01597444089456869, 0.0, 0.0, 0.0, 0.009708737864077669, 0.048034934497816595, 0.03571428571428571, 0.0, 0.016861219195849545, 2.727272727272727, 0.0, 0.021739130434782608, 0.05333333333333334, 0.03571428571428571, 0.038461538461538464, 0.1875, 0.5833333333333334]
switch 1 are [0.0, 1.0, 0.35714285714285715, 0.06666666666666667, 0.0, 0.05263157894736842, 0.6071428571428571, 0.0, 0.18181818181818182, 1.6666666666666667, 0.014084507042253521, 0.09090909090909091, 0.0, 0.0, 0.8823529411764706, 0.06060606060606061, 0.25]
switch 2 are [0.023809523809523808, 0.03529411764705882, 0.0, 0.17857142857142858, 0.07142857142857142, 0.14285714285714285, 0.0, 0.07142857142857142, 0.32142857142857145, 0.14285714285714285, 0.5, 0.21428571428571427, 0.14285714285714285, 0.1724137931034483, 0.057971014492753624]
switch 3 are [0.16129032258064516, 0.0, 0.0, 0.0, 0.0, 0.0, 0.15, 0.008298755186721992, 0.024193548387096774, 0.05, 0.0, 0.17857142857142858, 0.036231884057971016, 0.1935483870967742, 1.1666666666666667]
switch 4 are [1.875, 1.96875, 0.13333333333333333, 1.0, 0.5, 0.9375, 2.34375, 0.3888888888888889, 0.25925925925925924, 0.046511627906976744, 0.45161290322580644, 0.0, 0.0, 0.0, 0.0, 2.1333333333333333, 0.0, 0.0, 0.45161290322580644, 0.21428571428571427, 2.0, 0.051470588235294115]
switch 5 are [0.6785714285714286, 0.21428571428571427, 0.17857142857142858, 0.5, 0.36666666666666664, 0.0, 0.0, 0.25, 0.18518518518518517, 0.0, 0.008982035928143712, 0.0, 3.4166666666666665, 0.0, 0.0, 0.2727272727272727, 0.4166666666666667, 0.07865168539325842]
switch 6 are [1.6666666666666667, 0.5625, 0.022950819672131147, 0.1956521739130435, 0.9375, 0.04375, 4.0625, 0.3, 0.76, 0.03333333333333333, 0.75, 0.08771929824561403]
switch 7 are [1.6511627906976745, 1.7692307692307692, 0.4375, 0.00031377470975839345, 0.002733734281027884, 0.13333333333333333, 0.025157232704402517, 0.06896551724137931, 0.09615384615384616, 0.06666666666666667, 0.25, 0.7058823529411765, 0.25806451612903225]
switch 8 are [1.5833333333333333, 0.045454545454545456, 0.031746031746031744, 0.11428571428571428, 0.012987012987012988, 1.3333333333333333, 0.05, 0.033707865168539325, 0.03333333333333333, 0.46153846153846156, 0.29545454545454547, 0.6666666666666666, 0.10810810810810811, 0.14285714285714285, 0.17857142857142858]
switch 9 are [0.19444444444444445, 0.2964426877470356, 0.0851063829787234, 1.8461538461538463, 0.004761904761904762, 0.8529411764705882, 0.203125, 0.047619047619047616, 0.1388888888888889, 0.12658227848101267, 0.0, 0.375, 0.05813953488372093]
switch 10 are [0.2222222222222222, 0.2222222222222222, 0.0, 0.08333333333333333, 0.16, 0.8, 0.8333333333333334, 0.040983606557377046, 0.05319148936170213]
switch 11 are [0.06666666666666667, 0.038461538461538464, 0.06666666666666667, 0.5714285714285714]
switch 12 are [0.4375, 0.16535433070866143, 0.75, 0.15463917525773196, 0.4166666666666667, 1.3333333333333333, 0.44, 0.010752688172043012, 0.5]
switch 13 are [0.0, 0.06666666666666667, 0.0, 0.3684210526315789, 0.5428571428571428, 0.20930232558139536, 0.060240963855421686, 0.4375, 0.28, 0.20689655172413793, 0.2222222222222222, 0.03255813953488372, 0.3333333333333333]
switch 14 are [0.25, 0.13333333333333333, 0.16666666666666666, 0.12643678160919541, 0.010752688172043012, 0.9166666666666666, 0.8333333333333334, 0.5833333333333334]
switch 15 are [0.5454545454545454, 0.24, 0.3333333333333333, 0.15384615384615385, 0.4166666666666667, 0.09090909090909091]
switch 16 are [0.25, 0.3333333333333333, 0.375, 0.05405405405405406, 0.23076923076923078, 0.25, 0.4166666666666667]
switch 17 are [0.09574468085106383, 0.024054982817869417, 0.7142857142857143, 0.16129032258064516, 0.14285714285714285]
switch 18 are [0.075, 0.025, 0.14285714285714285, 0.4074074074074074, 0.0392156862745098, 0.6111111111111112, 0.1111111111111111, 0.4166666666666667, 0.11538461538461539, 0.23076923076923078, 0.5]
switch 19 are [0.0, 0.4444444444444444, 0.1111111111111111, 0.7272727272727273, 0.35714285714285715, 0.6190476190476191, 0.17391304347826086, 0.45454545454545453, 0.18867924528301888]
switch_ARE_with_trim_mean [0.06539845246524198, 0.23755698276345377, 0.12116944113592847, 0.061702640452356745, 0.5710125121311711, 0.1968942552497353, 0.5337121472158658, 0.3359654536498672, 0.26885055203983466, 0.21664103147957878, 0.2683651341144656, 0.1858058608058608, 0.4675829104598262, 0.20155829595905816, 0.3775653503893215, 0.2967016317016317, 0.2728318978318979, 0.22764656867848712, 0.2264902067189649, 0.3417951669250548]
4 base3
d: 5 w: 3 k: 3
all [298.5] 

ans 298.5 

4_baseline3_switch_ 0 = 297
4_baseline3_switch_ 1 = 234
4_baseline3_switch_ 2 = 197
4_baseline3_switch_ 3 = 299
4_baseline3_switch_ 4 = 212
4_baseline3_switch_ 5 = 216
4_baseline3_switch_ 6 = 240
4_baseline3_switch_ 7 = 253
4_baseline3_switch_ 8 = 538
4_baseline3_switch_ 9 = 522
4_baseline3_switch_ 10 = 530
4_baseline3_switch_ 11 = 508
4_baseline3_switch_ 12 = 470
4_baseline3_switch_ 13 = 450
4_baseline3_switch_ 14 = 494
4_baseline3_switch_ 15 = 510
4_baseline3_switch_ 16 = 532
4_baseline3_switch_ 17 = 526
4_baseline3_switch_ 18 = 508
4_baseline3_switch_ 19 = 508
pass through [297, 234, 197, 299, 212, 216, 240, 253, 538, 522, 530, 508, 470, 450, 494, 510, 532, 526, 508, 508]
num_of_flow_store_in_switch [4, 8, 8, 14, 14, 14, 13, 9, 14, 12, 12, 14, 10, 9, 15, 16, 14, 13, 16, 10]
switch 0 are [0.0, 0.0, 0.0, 0.0]
switch 1 are [0.203125, 0.008547008547008548, 1.2718446601941749, 1.8205128205128205, 0.2323529411764706, 9.476190476190476, 7.0, 0.9298245614035088]
switch 2 are [1.1071428571428572, 0.02464332036316472, 9.727272727272727, 0.8152173913043478, 1.0916666666666666, 0.27835051546391754, 4.0, 0.875]
switch 3 are [3.5357142857142856, 4.607142857142857, 6.4, 0.4041916167664671, 2.075, 2.019230769230769, 5.333333333333333, 6.4, 5.166666666666667, 9.583333333333334, 0.3860294117647059, 7.538461538461538, 0.6521739130434783, 7.466666666666667]
switch 4 are [0.15333333333333332, 1.8018867924528301, 10.842105263157896, 6.071428571428571, 3.2857142857142856, 3.6538461538461537, 2.9722222222222223, 0.9206349206349206, 6.5, 4.714285714285714, 1.2758620689655173, 6.5, 12.0, 3.6129032258064515]
switch 5 are [5.130434782608695, 4.363636363636363, 8.833333333333334, 2.140845070422535, 2.8448275862068964, 3.0285714285714285, 3.9583333333333335, 6.375, 0.7741935483870968, 5.611111111111111, 0.7536231884057971, 9.846153846153847, 2.3714285714285714, 0.29553264604810997]
switch 6 are [2.1515151515151514, 1.4470588235294117, 0.8928571428571429, 1.8823529411764706, 0.33114754098360655, 4.18, 3.4166666666666665, 4.733333333333333, 9.6, 7.421052631578948, 12.333333333333334, 4.0588235294117645, 1.6666666666666667]
switch 7 are [8.666666666666666, 1.6274509803921569, 1.0476190476190477, 0.30039525691699603, 8.666666666666666, 6.733333333333333, 9.181818181818182, 0.46511627906976744, 8.333333333333334]
switch 8 are [0.7096774193548387, 1.71875, 4.357142857142857, 5.142857142857143, 2.782608695652174, 14.636363636363637, 9.357142857142858, 1.2727272727272727, 3.0697674418604652, 5.88, 3.0277777777777777, 1.15, 4.576923076923077, 4.576923076923077]
switch 9 are [2.7857142857142856, 2.7857142857142856, 3.6785714285714284, 3.6785714285714284, 1.4642857142857142, 7.1875, 0.2875, 1.2553191489361701, 0.8285714285714286, 0.7468354430379747, 1.3142857142857143, 3.5172413793103448]
switch 10 are [3.4285714285714284, 2.8214285714285716, 3.1785714285714284, 3.7142857142857144, 2.8214285714285716, 7.125, 1.744186046511628, 3.9130434782608696, 7.916666666666667, 8.416666666666666, 2.5757575757575757, 8.75]
switch 11 are [1.5535714285714286, 4.714285714285714, 4.107142857142857, 5.964285714285714, 2.2363636363636363, 12.692307692307692, 4.235294117647059, 14.416666666666666, 1.2289156626506024, 4.107142857142857, 4.5, 6.739130434782608, 5.032258064516129, 1.2790697674418605]
switch 12 are [6.05, 0.37344398340248963, 2.1333333333333333, 4.75, 0.7352941176470589, 9.058823529411764, 9.916666666666666, 3.1818181818181817, 2.8863636363636362, 2.5405405405405403]
switch 13 are [0.6129032258064516, 5.9375, 2.7857142857142856, 1.775, 1.0266666666666666, 0.3543307086614173, 6.388888888888889, 1.2166666666666666, 7.833333333333333]
switch 14 are [5.2, 2.71875, 3.6333333333333333, 3.1333333333333333, 3.4285714285714284, 8.153846153846153, 6.6875, 0.35714285714285715, 7.2, 9.583333333333334, 1.5675675675675675, 3.92, 5.2, 8.071428571428571, 8.916666666666666]
switch 15 are [3.25, 5.0, 1.2962962962962963, 1.8796296296296295, 1.930232558139535, 5.857142857142857, 5.857142857142857, 3.5, 6.92, 3.3448275862068964, 1.074468085106383, 11.363636363636363, 8.428571428571429, 1.1063829787234043, 9.5, 5.8]
switch 16 are [2.5806451612903225, 5.428571428571429, 1.0357142857142858, 3.0714285714285716, 8.266666666666667, 3.935483870967742, 2.7333333333333334, 11.75, 1.8125, 0.6692307692307692, 10.583333333333334, 3.1481481481481484, 5.222222222222222, 0.9305555555555556]
switch 17 are [6.535714285714286, 4.321428571428571, 6.9, 3.65625, 3.9, 10.538461538461538, 0.039535613429557574, 11.25, 0.651685393258427, 8.3125, 5.208333333333333, 11.5, 1.1797752808988764]
switch 18 are [0.3559870550161812, 10.761904761904763, 14.4375, 1.2350746268656716, 0.056861673045379986, 0.5534591194968553, 7.35, 25.6, 3.7714285714285714, 0.43010752688172044, 10.133333333333333, 9.416666666666666, 9.416666666666666, 6.8125, 3.4642857142857144, 2.9761904761904763]
switch 19 are [5.2, 4.166666666666667, 1.2962962962962963, 7.857142857142857, 12.166666666666666, 0.7936507936507936, 5.32, 5.277777777777778, 0.9262295081967213, 1.9811320754716981]
switch_ARE_with_trim_mean [0.0, 2.617799683503057, 2.23991168477671, 4.299881803918839, 4.345907434876214, 3.8487781931204306, 3.768211535157778, 5.002488860646239, 3.9093850165838915, 2.2055110256998773, 4.591142010163749, 4.7634043570406295, 3.9170216673893146, 3.1034448639708563, 5.217769004211312, 4.547873299418065, 4.062383548102635, 5.6776498548268215, 5.793936037052616, 4.003155647694002]
4 base3
d: 5 w: 6 k: 3
all [177.0] 

ans 177.0 

4_baseline3_switch_ 0 = 331
4_baseline3_switch_ 1 = 274
4_baseline3_switch_ 2 = 199
4_baseline3_switch_ 3 = 295
4_baseline3_switch_ 4 = 198
4_baseline3_switch_ 5 = 206
4_baseline3_switch_ 6 = 210
4_baseline3_switch_ 7 = 223
4_baseline3_switch_ 8 = 604
4_baseline3_switch_ 9 = 616
4_baseline3_switch_ 10 = 496
4_baseline3_switch_ 11 = 510
4_baseline3_switch_ 12 = 438
4_baseline3_switch_ 13 = 436
4_baseline3_switch_ 14 = 452
4_baseline3_switch_ 15 = 438
4_baseline3_switch_ 16 = 508
4_baseline3_switch_ 17 = 512
4_baseline3_switch_ 18 = 518
4_baseline3_switch_ 19 = 516
pass through [331, 274, 199, 295, 198, 206, 210, 223, 604, 616, 496, 510, 438, 436, 452, 438, 508, 512, 518, 516]
num_of_flow_store_in_switch [12, 16, 12, 10, 12, 12, 15, 16, 15, 11, 12, 10, 12, 11, 11, 10, 11, 9, 13, 9]
switch 0 are [0.145, 1.29073482428115, 0.5099009900990099, 1.69921875, 0.8803418803418803, 1.1116504854368932, 0.0, 1.3717948717948718, 0.0, 2.272727272727273, 0.18478260869565216, 1.1333333333333333]
switch 1 are [2.0535714285714284, 0.12941176470588237, 0.5083333333333333, 0.11333333333333333, 0.5, 2.642857142857143, 0.6132075471698113, 1.263157894736842, 3.1785714285714284, 2.8333333333333335, 0.3333333333333333, 0.4625, 0.6285714285714286, 0.13745704467353953, 1.15, 2.8181818181818183]
switch 2 are [1.75, 1.8461538461538463, 1.0434782608695652, 0.4090909090909091, 0.39436619718309857, 0.24705882352941178, 0.011904761904761904, 0.11764705882352941, 3.466666666666667, 0.16666666666666666, 1.2424242424242424, 0.2894736842105263]
switch 3 are [0.29838709677419356, 0.25, 0.17857142857142858, 0.6428571428571429, 0.5714285714285714, 2.5833333333333335, 0.1702127659574468, 2.5833333333333335, 1.3214285714285714, 1.0]
switch 4 are [1.0714285714285714, 0.03571428571428571, 0.03571428571428571, 0.5, 0.03571428571428571, 1.6071428571428572, 1.25, 1.3571428571428572, 1.3214285714285714, 0.12448132780082988, 0.007692307692307693, 1.6538461538461537]
switch 5 are [0.0, 0.017857142857142856, 0.03571428571428571, 1.0363636363636364, 6.0, 1.0333333333333334, 0.18518518518518517, 0.08960573476702509, 0.76, 0.0392156862745098, 4.333333333333333, 0.2898550724637681]
switch 6 are [0.6428571428571429, 1.35, 0.2903225806451613, 1.75, 0.375, 0.0, 0.5, 0.75, 1.894736842105263, 3.0, 2.0625, 0.4444444444444444, 0.09195402298850575, 1.9375, 2.3333333333333335]
switch 7 are [0.3, 0.6428571428571429, 0.0625, 0.3055555555555556, 0.6744186046511628, 0.967741935483871, 1.1428571428571428, 2.6785714285714284, 0.21428571428571427, 0.017857142857142856, 0.32142857142857145, 9.2, 1.935483870967742, 0.35106382978723405, 1.8823529411764706, 2.066666666666667]
switch 8 are [2.607142857142857, 1.1428571428571428, 1.55, 0.75, 0.045307443365695796, 3.3076923076923075, 0.72, 0.4166666666666667, 0.625, 1.5862068965517242, 1.2380952380952381, 0.30327868852459017, 1.4615384615384615, 0.4230769230769231, 1.55]
switch 9 are [2.9, 0.8095238095238095, 0.14814814814814814, 0.055970149253731345, 0.10179640718562874, 7.357142857142857, 0.2608695652173913, 0.3375, 4.944444444444445, 0.058823529411764705, 1.25]
switch 10 are [0.65, 2.3333333333333335, 1.5454545454545454, 1.0, 2.0, 0.1, 2.7777777777777777, 4.2727272727272725, 1.7826086956521738, 0.4666666666666667, 0.5135135135135135, 2.0]
switch 11 are [0.4131147540983607, 0.26, 0.5294117647058824, 2.5, 0.010934937124111536, 0.9444444444444444, 0.7857142857142857, 1.5833333333333333, 1.75, 1.8333333333333333]
switch 12 are [0.13953488372093023, 0.1, 3.0, 2.25, 0.006903043614684657, 7.25, 0.6206896551724138, 0.015873015873015872, 0.10309278350515463, 1.8, 0.6, 2.090909090909091]
switch 13 are [0.6666666666666666, 0.16352201257861634, 3.5833333333333335, 0.6444444444444445, 0.5428571428571428, 1.9166666666666667, 2.6666666666666665, 1.5, 1.5294117647058822, 4.25, 0.6037735849056604]
switch 14 are [0.4393939393939394, 1.0192307692307692, 0.24025974025974026, 6.916666666666667, 6.55, 0.12048192771084337, 0.14864864864864866, 1.5833333333333333, 1.7692307692307692, 1.3863636363636365, 0.22790697674418606]
switch 15 are [0.0, 0.0, 0.26666666666666666, 0.02766798418972332, 0.06190476190476191, 0.7647058823529411, 1.0952380952380953, 0.6511627906976745, 0.3488372093023256, 2.0]
switch 16 are [0.48936170212765956, 1.6923076923076923, 0.0625, 0.06349206349206349, 0.13043478260869565, 0.125, 1.6666666666666667, 1.1666666666666667, 2.56, 0.45454545454545453, 0.34831460674157305]
switch 17 are [1.0833333333333333, 0.20253164556962025, 0.24, 1.6666666666666667, 3.25, 1.0625, 1.75, 2.0, 0.8709677419354839]
switch 18 are [0.4166666666666667, 0.21428571428571427, 1.0666666666666667, 1.9333333333333333, 1.2083333333333333, 2.36, 1.1666666666666667, 0.3055555555555556, 0.6, 1.7096774193548387, 0.8833333333333333, 1.8461538461538463, 0.5952380952380952]
switch 19 are [0.75, 0.3228346456692913, 1.1333333333333333, 0.68, 0.2222222222222222, 0.8333333333333334, 0.3225806451612903, 0.8275862068965517, 1.1428571428571428]
switch_ARE_with_trim_mean [0.8326757743982791, 1.1481368621048496, 0.7506359688951797, 0.8557507680491552, 0.7338767042086545, 0.782046341029222, 1.1094344897210655, 0.967555957449193, 1.1056817595733544, 1.2012339893256874, 1.5069354532398012, 1.012418989453705, 1.0720099429180605, 1.5170911411384962, 1.4849297570227802, 0.40202292379402355, 0.6818655150173858, 1.347333265278345, 1.066511356027485, 0.6927497254970183]
4 base3
d: 5 w: 9 k: 3
all [231.0] 

ans 231.0 

4_baseline3_switch_ 0 = 343
4_baseline3_switch_ 1 = 264
4_baseline3_switch_ 2 = 201
4_baseline3_switch_ 3 = 285
4_baseline3_switch_ 4 = 208
4_baseline3_switch_ 5 = 206
4_baseline3_switch_ 6 = 232
4_baseline3_switch_ 7 = 239
4_baseline3_switch_ 8 = 588
4_baseline3_switch_ 9 = 622
4_baseline3_switch_ 10 = 494
4_baseline3_switch_ 11 = 510
4_baseline3_switch_ 12 = 426
4_baseline3_switch_ 13 = 466
4_baseline3_switch_ 14 = 452
4_baseline3_switch_ 15 = 496
4_baseline3_switch_ 16 = 500
4_baseline3_switch_ 17 = 502
4_baseline3_switch_ 18 = 536
4_baseline3_switch_ 19 = 538
pass through [343, 264, 201, 285, 208, 206, 232, 239, 588, 622, 494, 510, 426, 466, 452, 496, 500, 502, 536, 538]
num_of_flow_store_in_switch [20, 17, 15, 14, 13, 17, 15, 12, 13, 11, 10, 13, 9, 8, 10, 10, 8, 6, 6, 12]
switch 0 are [0.13, 0.610223642172524, 0.06930693069306931, 0.046875, 0.01282051282051282, 0.02912621359223301, 0.1222707423580786, 3.0714285714285716, 0.0, 0.007782101167315175, 0.0058823529411764705, 0.0, 2.025, 0.75, 1.1333333333333333, 0.0, 1.0, 0.03255813953488372, 0.5, 0.1320754716981132]
switch 1 are [0.8181818181818182, 0.0, 0.0, 0.22641509433962265, 0.2631578947368421, 0.0, 0.03571428571428571, 1.8461538461538463, 2.3636363636363638, 0.39436619718309857, 0.09090909090909091, 0.08235294117647059, 1.0, 0.14285714285714285, 0.0, 0.0, 0.34782608695652173]
switch 2 are [0.07142857142857142, 0.4, 0.43548387096774194, 0.453125, 0.0, 0.42857142857142855, 0.5714285714285714, 0.0, 1.0714285714285714, 0.0, 1.4, 1.1875, 0.03571428571428571, 0.3333333333333333, 0.22857142857142856]
switch 3 are [0.03571428571428571, 0.7142857142857143, 0.08928571428571429, 1.3214285714285714, 0.0, 0.0, 0.0, 0.024193548387096774, 0.1875, 0.13333333333333333, 0.0, 0.09375, 1.0, 0.16666666666666666]
switch 4 are [0.12727272727272726, 0.0, 0.3333333333333333, 0.9642857142857143, 0.78125, 0.009259259259259259, 0.6511627906976745, 0.10714285714285714, 0.017857142857142856, 0.07142857142857142, 0.0, 0.041666666666666664, 0.11538461538461539]
switch 5 are [0.12962962962962962, 0.0, 0.0, 0.0, 0.4642857142857143, 0.0, 1.05, 0.03125, 0.006472491909385114, 0.06451612903225806, 0.6153846153846154, 0.14285714285714285, 0.0, 0.0, 0.021739130434782608, 0.0392156862745098, 0.3548387096774194]
switch 6 are [0.72, 0.0, 0.03293413173652695, 0.3, 2.4285714285714284, 1.3333333333333333, 0.003278688524590164, 0.12, 0.0, 2.857142857142857, 1.5, 0.25, 0.75, 0.14492753623188406, 0.8333333333333334]
switch 7 are [0.875, 0.1875, 0.625, 0.18604651162790697, 0.0, 0.008747949699289229, 0.06666666666666667, 0.0, 1.1666666666666667, 0.05555555555555555, 0.19148936170212766, 0.06666666666666667]
switch 8 are [1.1538461538461537, 0.004706620646375902, 0.3333333333333333, 0.13793103448275862, 0.5909090909090909, 0.015873015873015872, 0.23076923076923078, 0.05714285714285714, 0.012987012987012988, 0.6666666666666666, 0.2127659574468085, 0.23255813953488372, 4.363636363636363]
switch 9 are [0.2222222222222222, 0.2, 0.0, 0.08333333333333333, 0.015810276679841896, 1.3846153846153846, 0.009523809523809525, 0.08823529411764706, 0.03125, 1.0833333333333333, 0.16666666666666666]
switch 10 are [0.2, 0.0, 0.6388888888888888, 0.05555555555555555, 0.0, 0.02857142857142857, 0.0, 1.4545454545454546, 0.23529411764705882, 0.6666666666666666]
switch 11 are [0.23809523809523808, 0.6086956521739131, 0.041666666666666664, 1.8, 0.0, 0.6, 0.8928571428571429, 0.47619047619047616, 0.5833333333333334, 0.875, 0.32432432432432434, 0.25, 0.2903225806451613]
switch 12 are [0.5625, 0.038461538461538464, 0.0, 0.6666666666666666, 0.010309278350515464, 0.3333333333333333, 0.4444444444444444, 0.375, 0.75]
switch 13 are [0.3333333333333333, 0.3333333333333333, 0.0, 0.012048192771084338, 0.8333333333333334, 0.22580645161290322, 0.0898876404494382, 0.8333333333333334]
switch 14 are [0.0, 0.26666666666666666, 0.8947368421052632, 0.0, 0.007168458781362007, 0.0625, 0.16, 0.0625, 0.036231884057971016, 0.05]
switch 15 are [0.11428571428571428, 0.4418604651162791, 0.8333333333333334, 0.13333333333333333, 3.272727272727273, 0.7083333333333334, 0.4117647058823529, 0.8888888888888888, 0.6923076923076923, 0.7857142857142857]
switch 16 are [0.20689655172413793, 0.0, 2.8333333333333335, 0.13793103448275862, 0.053763440860215055, 0.07692307692307693, 0.020618556701030927, 0.6]
switch 17 are [0.16666666666666666, 0.00819672131147541, 0.19230769230769232, 0.09090909090909091, 0.3, 0.08771929824561403]
switch 18 are [0.26666666666666666, 0.5, 0.24, 0.5, 0.25, 0.38095238095238093]
switch 19 are [0.10810810810810811, 0.30851063829787234, 0.0, 0.05, 0.0, 0.27450980392156865, 2.5, 0.3103448275862069, 0.7692307692307693, 0.45454545454545453, 0.3125, 0.32142857142857145]
switch_ARE_with_trim_mean [0.2863909025194525, 0.349862293213916, 0.4012757739572255, 0.2037274385560676, 0.20506890582207707, 0.12467928329903047, 0.6474137270562382, 0.22626727119182127, 0.3313438629992556, 0.21115277065298377, 0.22812208216619978, 0.4709532194805688, 0.3534128068062776, 0.33263445227084487, 0.08063337618824996, 0.6119420047386873, 0.4911832492530691, 0.14096657824008987, 0.35626984126984124, 0.2909178173118551]
4 base3
d: 6 w: 9 k: 3
all [68.0] 

ans 68.0 

4_baseline3_switch_ 0 = 327
4_baseline3_switch_ 1 = 272
4_baseline3_switch_ 2 = 191
4_baseline3_switch_ 3 = 283
4_baseline3_switch_ 4 = 206
4_baseline3_switch_ 5 = 210
4_baseline3_switch_ 6 = 228
4_baseline3_switch_ 7 = 233
4_baseline3_switch_ 8 = 600
4_baseline3_switch_ 9 = 590
4_baseline3_switch_ 10 = 506
4_baseline3_switch_ 11 = 482
4_baseline3_switch_ 12 = 454
4_baseline3_switch_ 13 = 424
4_baseline3_switch_ 14 = 466
4_baseline3_switch_ 15 = 492
4_baseline3_switch_ 16 = 524
4_baseline3_switch_ 17 = 520
4_baseline3_switch_ 18 = 512
4_baseline3_switch_ 19 = 508
pass through [327, 272, 191, 283, 206, 210, 228, 233, 600, 590, 506, 482, 454, 424, 466, 492, 524, 520, 512, 508]
num_of_flow_store_in_switch [17, 17, 18, 14, 15, 14, 14, 16, 11, 11, 10, 8, 10, 13, 10, 7, 9, 5, 10, 10]
switch 0 are [0.115, 0.0, 0.017326732673267328, 0.08984375, 0.0, 0.05339805825242718, 0.0, 0.0, 0.14102564102564102, 0.0, 7.090909090909091, 0.0, 1.25, 0.0, 0.0, 0.043478260869565216, 0.045454545454545456]
switch 1 are [0.0029411764705882353, 0.10714285714285714, 1.4285714285714286, 0.4, 0.4716981132075472, 0.4642857142857143, 0.14285714285714285, 0.38461538461538464, 2.5833333333333335, 0.14084507042253522, 0.10606060606060606, 0.011764705882352941, 0.36904761904761907, 0.0, 0.0, 0.0, 0.4]
switch 2 are [0.16470588235294117, 0.3790322580645161, 0.0, 0.17857142857142858, 1.0, 1.1428571428571428, 0.32142857142857145, 0.6071428571428571, 0.07142857142857142, 1.1428571428571428, 1.1428571428571428, 0.4642857142857143, 0.01818181818181818, 0.1, 0.0, 0.15625, 0.11666666666666667, 0.35]
switch 3 are [0.07142857142857142, 0.0, 1.0357142857142858, 0.0, 1.0357142857142858, 0.03734439834024896, 0.008064516129032258, 0.0, 8.033333333333333, 1.0357142857142858, 0.13953488372093023, 0.10714285714285714, 0.05, 0.007352941176470588]
switch 4 are [0.25, 0.0, 0.0, 0.0625, 0.0, 0.06481481481481481, 0.03225806451612903, 1.0714285714285714, 0.21428571428571427, 0.017857142857142856, 0.32142857142857145, 0.21428571428571427, 0.75, 0.15384615384615385, 0.05555555555555555]
switch 5 are [0.14285714285714285, 0.5714285714285714, 0.4666666666666667, 0.0, 0.5161290322580645, 1.3666666666666667, 0.04, 0.0, 0.3333333333333333, 1.1875, 0.06287425149700598, 0.8333333333333334, 0.0, 0.5833333333333334]
switch 6 are [0.0037313432835820895, 1.6428571428571428, 0.03934426229508197, 0.0, 0.27450980392156865, 0.09090909090909091, 0.42857142857142855, 1.8125, 0.0125, 0.5625, 0.00031377470975839345, 0.7083333333333334, 0.23809523809523808, 0.06140350877192982]
switch 7 are [0.0, 0.05, 0.46153846153846156, 0.9375, 0.0, 0.06918238993710692, 0.9166666666666666, 0.9166666666666666, 0.045454545454545456, 0.09523809523809523, 0.4230769230769231, 1.0909090909090908, 0.47058823529411764, 1.5833333333333333, 0.4090909090909091, 4.666666666666667]
switch 8 are [0.5666666666666667, 0.4482758620689655, 0.06666666666666667, 0.3142857142857143, 0.08441558441558442, 0.4166666666666667, 1.7, 0.16853932584269662, 0.36666666666666664, 0.29411764705882354, 0.5833333333333334]
switch 9 are [0.05555555555555555, 0.03162055335968379, 0.0, 0.0, 0.23809523809523808, 0.5714285714285714, 0.1388888888888889, 0.047619047619047616, 0.0, 0.29333333333333333, 0.06557377049180328]
switch 10 are [0.015625, 0.0, 0.2571428571428571, 0.782608695652174, 0.5, 0.0, 0.5, 0.25, 0.6666666666666666, 0.16129032258064516]
switch 11 are [0.4666666666666667, 0.4666666666666667, 0.16, 0.028985507246376812, 0.3225806451612903, 0.21621621621621623, 0.3142857142857143, 0.25806451612903225]
switch 12 are [0.25, 0.03076923076923077, 0.09448818897637795, 2.0833333333333335, 0.020618556701030927, 1.5, 0.06666666666666667, 0.04597701149425287, 0.3333333333333333, 0.12121212121212122]
switch 13 are [1.3333333333333333, 0.8666666666666667, 0.32, 0.02857142857142857, 0.023255813953488372, 0.0, 0.375, 0.04, 0.3333333333333333, 0.15384615384615385, 0.36363636363636365, 0.25, 0.5833333333333334]
switch 14 are [0.47368421052631576, 0.03614457831325301, 0.5333333333333333, 0.16, 0.03225806451612903, 0.5172413793103449, 0.0851063829787234, 0.3125, 0.037209302325581395, 0.21428571428571427]
switch 15 are [0.0, 0.25, 0.3448275862068966, 0.16666666666666666, 0.4230769230769231, 0.028985507246376812, 1.0909090909090908]
switch 16 are [0.3, 0.0375, 0.47619047619047616, 0.7692307692307693, 0.4117647058823529, 0.01718213058419244, 0.4, 0.08139534883720931, 0.35714285714285715]
switch 17 are [0.1388888888888889, 0.0, 0.75, 0.4166666666666667, 0.16666666666666666]
switch 18 are [0.08108108108108109, 0.1276595744680851, 0.0625, 0.09523809523809523, 0.0196078431372549, 0.4444444444444444, 0.4166666666666667, 0.23076923076923078, 0.3333333333333333, 0.1509433962264151]
switch 19 are [0.1111111111111111, 0.05555555555555555, 0.0, 0.8888888888888888, 0.5, 0.6666666666666666, 0.03571428571428571, 0.11538461538461539, 0.4782608695652174, 0.07865168539325842]
switch_ARE_with_trim_mean [0.11703513255169641, 0.2953219879042518, 0.3883380033648357, 0.29400091875674733, 0.16437167166075353, 0.3947879720589543, 0.33858907722901294, 0.5335175226575654, 0.3603297185561242, 0.09674293192706117, 0.2938406057987711, 0.27918324154649543, 0.30530581905649784, 0.3034220993946153, 0.22952144596749158, 0.32920939630085055, 0.3167118097630952, 0.29444444444444445, 0.18727392222286343, 0.2551680986738388]
4 base3
d: 5 w: 3 k: 5
all [264.0] 

ans 264.0 

4_baseline3_switch_ 0 = 297
4_baseline3_switch_ 1 = 252
4_baseline3_switch_ 2 = 203
4_baseline3_switch_ 3 = 277
4_baseline3_switch_ 4 = 210
4_baseline3_switch_ 5 = 224
4_baseline3_switch_ 6 = 244
4_baseline3_switch_ 7 = 237
4_baseline3_switch_ 8 = 536
4_baseline3_switch_ 9 = 570
4_baseline3_switch_ 10 = 488
4_baseline3_switch_ 11 = 506
4_baseline3_switch_ 12 = 454
4_baseline3_switch_ 13 = 474
4_baseline3_switch_ 14 = 492
4_baseline3_switch_ 15 = 482
4_baseline3_switch_ 16 = 510
4_baseline3_switch_ 17 = 508
4_baseline3_switch_ 18 = 520
4_baseline3_switch_ 19 = 520
pass through [297, 252, 203, 277, 210, 224, 244, 237, 536, 570, 488, 506, 454, 474, 492, 482, 510, 508, 520, 520]
num_of_flow_store_in_switch [6, 10, 10, 14, 12, 14, 10, 10, 13, 13, 15, 13, 12, 13, 18, 10, 11, 13, 10, 12]
switch 0 are [1.03, 0.6389776357827476, 0.49504950495049505, 0.0, 0.0, 0.0]
switch 1 are [0.11328125, 2.017857142857143, 1.1794871794871795, 0.10765239948119326, 8.727272727272727, 0.12598425196850394, 7.916666666666667, 0.44594594594594594, 1.8166666666666667, 13.083333333333334]
switch 2 are [0.1, 0.2826086956521739, 13.76923076923077, 0.04100601421541826, 0.49056603773584906, 14.529411764705882, 4.473684210526316, 2.586206896551724, 13.76923076923077, 1.0425531914893618]
switch 3 are [0.7916666666666666, 0.8066666666666666, 3.107142857142857, 2.892857142857143, 6.2, 0.6792452830188679, 2.425, 2.085714285714286, 5.8125, 3.32, 8.909090909090908, 7.384615384615385, 8.583333333333334, 6.666666666666667]
switch 4 are [6.421052631578948, 4.678571428571429, 5.115384615384615, 13.5, 0.31343283582089554, 0.2634730538922156, 3.7, 10.75, 1.5238095238095237, 1.5783132530120483, 0.6639344262295082, 2.357142857142857]
switch 5 are [3.8214285714285716, 5.391304347826087, 5.409090909090909, 1.2394366197183098, 1.3764705882352941, 16.642857142857142, 10.25, 1.8857142857142857, 0.27956989247311825, 10.75, 2.9705882352941178, 2.340909090909091, 11.818181818181818, 9.071428571428571]
switch 6 are [1.3181818181818181, 0.9764705882352941, 1.8214285714285714, 2.75, 8.0, 8.0, 3.6, 9.818181818181818, 3.4074074074074074, 3.242424242424242]
switch 7 are [0.4032258064516129, 2.94, 3.966666666666667, 2.2063492063492065, 4.12, 2.5555555555555554, 0.6063829787234043, 5.095238095238095, 4.357142857142857, 3.806451612903226]
switch 8 are [1.265625, 4.178571428571429, 4.678571428571429, 13.416666666666666, 0.29180327868852457, 2.1176470588235294, 12.25, 3.0277777777777777, 12.25, 0.8235294117647058, 4.678571428571429, 6.75, 0.44329896907216493]
switch 9 are [3.892857142857143, 3.607142857142857, 3.1785714285714284, 3.1785714285714284, 3.607142857142857, 0.9642857142857143, 14.636363636363637, 2.8333333333333335, 3.5833333333333335, 6.333333333333333, 3.0344827586206895, 4.608695652173913, 1.2134831460674158]
switch 10 are [3.4642857142857144, 1.2678571428571428, 3.7142857142857144, 3.4642857142857144, 3.5357142857142856, 3.4642857142857144, 3.739130434782609, 7.928571428571429, 0.84375, 0.8089887640449438, 9.416666666666666, 2.25, 1.4722222222222223, 6.055555555555555, 2.7714285714285714]
switch 11 are [3.6785714285714284, 2.892857142857143, 5.6875, 8.75, 1.4883720930232558, 0.40711462450592883, 0.9466666666666667, 5.041666666666667, 7.666666666666667, 7.916666666666667, 4.038461538461538, 0.5023255813953489, 3.6774193548387095]
switch 12 are [0.9454545454545454, 4.35, 0.46887966804979253, 2.0576923076923075, 2.7714285714285714, 0.4177215189873418, 5.388888888888889, 7.916666666666667, 7.916666666666667, 6.1875, 8.583333333333334, 4.7]
switch 13 are [0.967741935483871, 5.5625, 4.25, 3.3125, 2.6666666666666665, 5.875, 10.166666666666666, 10.5, 4.3076923076923075, 0.7463768115942029, 2.1818181818181817, 2.6216216216216215, 1.8679245283018868]
switch 14 are [4.166666666666667, 3.357142857142857, 6.428571428571429, 2.65625, 2.65625, 2.5689655172413794, 1.9365079365079365, 4.304347826086956, 17.0, 9.166666666666666, 5.882352941176471, 6.961538461538462, 8.857142857142858, 0.7898550724637681, 1.5833333333333333, 9.166666666666666, 10.75, 4.809523809523809]
switch 15 are [0.3425925925925926, 1.0277777777777777, 1.6046511627906976, 0.8064516129032258, 4.178571428571429, 17.9, 12.666666666666666, 8.277777777777779, 0.3897058823529412, 0.9418604651162791]
switch 16 are [5.035714285714286, 4.107142857142857, 2.892857142857143, 1.5535714285714286, 3.357142857142857, 6.333333333333333, 1.5957446808510638, 10.076923076923077, 0.796875, 2.6333333333333333, 2.5483870967741935]
switch 17 are [10.25, 3.9285714285714284, 3.3125, 0.17475728155339806, 12.153846153846153, 14.125, 0.027298399748980233, 0.2619047619047619, 8.2, 7.625, 6.666666666666667, 0.9655172413793104, 5.84]
switch 18 are [4.870967741935484, 2.6, 6.380952380952381, 8.6875, 1.3484848484848484, 3.0444444444444443, 0.5714285714285714, 0.5, 4.4, 0.8333333333333334]
switch 19 are [5.04, 1.3703703703703705, 7.0, 1.65, 5.25, 9.4, 0.29896907216494845, 1.4651162790697674, 2.0125, 0.6774193548387096, 6.8125, 9.416666666666666]
switch_ARE_with_trim_mean [0.3606711901222071, 2.792895228858104, 4.564260071302121, 4.173013583638584, 3.710164157154982, 5.527046086485587, 4.017430254930255, 3.0698186096676148, 4.769417500286587, 3.5519042973770665, 3.382413269098052, 3.957924891437644, 4.270317731484743, 3.9800119916592, 5.328245435516593, 3.736682846744599, 3.3396918906356103, 5.398069412174702, 3.006201415072383, 4.067790600427885]
4 base3
d: 5 w: 6 k: 5
all [220.0] 

ans 220.0 

4_baseline3_switch_ 0 = 315
4_baseline3_switch_ 1 = 258
4_baseline3_switch_ 2 = 201
4_baseline3_switch_ 3 = 267
4_baseline3_switch_ 4 = 208
4_baseline3_switch_ 5 = 228
4_baseline3_switch_ 6 = 222
4_baseline3_switch_ 7 = 225
4_baseline3_switch_ 8 = 582
4_baseline3_switch_ 9 = 570
4_baseline3_switch_ 10 = 472
4_baseline3_switch_ 11 = 474
4_baseline3_switch_ 12 = 472
4_baseline3_switch_ 13 = 452
4_baseline3_switch_ 14 = 474
4_baseline3_switch_ 15 = 462
4_baseline3_switch_ 16 = 514
4_baseline3_switch_ 17 = 512
4_baseline3_switch_ 18 = 504
4_baseline3_switch_ 19 = 504
pass through [315, 258, 201, 267, 208, 228, 222, 225, 582, 570, 472, 474, 472, 452, 474, 462, 514, 512, 504, 504]
num_of_flow_store_in_switch [13, 12, 12, 9, 12, 10, 10, 14, 17, 14, 13, 13, 13, 11, 13, 13, 10, 10, 11, 9]
switch 0 are [0.105, 0.01597444089456869, 0.0297029702970297, 0.0, 0.008733624454148471, 0.21794871794871795, 19.90909090909091, 0.1411764705882353, 0.17857142857142858, 0.7307692307692307, 17.416666666666668, 0.06529209621993128, 2.75]
switch 1 are [0.0, 0.7281553398058253, 4.178571428571429, 0.0, 0.4891304347826087, 0.0, 0.0, 0.2857142857142857, 1.2666666666666666, 0.6923076923076923, 0.45454545454545453, 0.011764705882352941]
switch 2 are [0.09433962264150944, 0.9473684210526315, 0.5357142857142857, 0.4642857142857143, 1.565217391304348, 2.0833333333333335, 0.19696969696969696, 1.1333333333333333, 0.2, 0.9615384615384616, 1.8095238095238095, 2.3333333333333335]
switch 3 are [0.29577464788732394, 0.2235294117647059, 0.27380952380952384, 0.09375, 1.1071428571428572, 0.21428571428571427, 0.2857142857142857, 1.125, 0.6190476190476191]
switch 4 are [0.16129032258064516, 0.17857142857142858, 0.6785714285714286, 1.6785714285714286, 0.2857142857142857, 0.39285714285714285, 0.8363636363636363, 0.2972972972972973, 0.6551724137931034, 1.5833333333333333, 0.6590909090909091, 0.23684210526315788]
switch 5 are [0.39285714285714285, 0.17857142857142858, 0.17857142857142858, 1.0714285714285714, 0.7, 0.07258064516129033, 0.7931034482758621, 1.0294117647058822, 1.25, 3.357142857142857]
switch 6 are [0.39285714285714285, 0.10714285714285714, 0.30357142857142855, 1.125, 0.8, 0.17857142857142858, 0.08333333333333333, 0.42857142857142855, 0.45714285714285713, 2.272727272727273]
switch 7 are [0.17857142857142858, 0.03734439834024896, 0.32142857142857145, 0.3953488372093023, 0.3548387096774194, 0.75, 0.42857142857142855, 1.5357142857142858, 3.25, 3.0, 0.3137254901960784, 0.8695652173913043, 2.0833333333333335, 0.5849056603773585]
switch 8 are [0.84375, 0.4, 1.5625, 1.3125, 0.2777777777777778, 0.5714285714285714, 1.25, 1.2666666666666666, 0.6071428571428571, 0.40625, 2.3846153846153846, 0.8888888888888888, 2.75, 2.4285714285714284, 1.9166666666666667, 1.2, 1.9166666666666667]
switch 9 are [1.7, 1.4642857142857142, 0.11326860841423948, 0.16129032258064516, 0.8, 1.9583333333333333, 0.5714285714285714, 0.16666666666666666, 0.35, 1.75, 0.009836065573770493, 1.0, 1.0625, 0.9285714285714286]
switch 10 are [1.36, 0.9375, 0.09701492537313433, 0.1377245508982036, 0.08695652173913043, 1.3814432989690721, 1.75, 2.0555555555555554, 0.04779411764705882, 0.13934426229508196, 2.4705882352941178, 0.696969696969697, 0.9354838709677419]
switch 11 are [1.7857142857142858, 2.22, 1.1176470588235294, 1.9090909090909092, 1.9375, 0.8604651162790697, 0.020229633679606344, 1.4, 1.12, 1.2666666666666666, 0.15053763440860216, 0.6153846153846154, 2.25]
switch 12 are [1.2857142857142858, 0.18125, 1.375, 0.45, 0.14465408805031446, 2.1666666666666665, 0.06060606060606061, 0.18461538461538463, 0.3700787401574803, 4.25, 1.5, 1.6666666666666667, 0.8108108108108109]
switch 13 are [2.1538461538461537, 1.3125, 0.009099466582993411, 1.0333333333333334, 0.17532467532467533, 1.8333333333333333, 1.05, 2.727272727272727, 0.5, 1.9583333333333333, 0.2696629213483146]
switch 14 are [2.25, 0.3275862068965517, 0.23076923076923078, 0.7428571428571429, 0.7415730337078652, 0.10752688172043011, 0.9444444444444444, 4.0, 1.2, 2.6923076923076925, 0.2978723404255319, 2.0, 0.14883720930232558]
switch 15 are [0.6507936507936508, 0.5333333333333333, 0.4444444444444444, 1.5333333333333334, 0.22924901185770752, 0.8085106382978723, 3.5384615384615383, 0.7368421052631579, 0.9375, 0.7222222222222222, 1.5833333333333333, 0.6129032258064516, 0.29069767441860467]
switch 16 are [1.6857142857142857, 0.37333333333333335, 1.6666666666666667, 0.27906976744186046, 0.96, 0.6666666666666666, 0.22988505747126436, 0.8484848484848485, 0.43333333333333335, 0.8709677419354839]
switch 17 are [0.0, 0.20588235294117646, 0.06349206349206349, 0.9166666666666666, 0.06349206349206349, 3.6, 0.1595744680851064, 1.3888888888888888, 1.5625, 2.5833333333333335]
switch 18 are [0.171875, 0.16666666666666666, 0.2911392405063291, 1.565217391304348, 0.2857142857142857, 0.13253012048192772, 1.36, 0.7407407407407407, 1.4375, 2.0, 0.6904761904761905]
switch 19 are [0.375, 1.8, 1.8, 1.3333333333333333, 0.1125, 0.2638888888888889, 0.21739130434782608, 0.11594202898550725, 0.2833333333333333]
switch_ARE_with_trim_mean [1.9690759678554508, 0.3928284579704886, 0.9897284447055614, 0.47089489551689223, 0.5803813980855723, 0.6992429730512895, 0.47410714285714284, 0.9013335802058758, 1.2637098087098084, 0.8390009426622722, 0.8707266075243288, 1.3075460260334253, 0.9214051493346918, 1.1429259722799048, 1.0523861182464351, 0.8049012692042186, 0.7623152947327742, 0.8679787296124123, 0.7454810572676178, 0.7001543209876543]
4 base3
d: 5 w: 9 k: 5
all [83.0] 

ans 83.0 

4_baseline3_switch_ 0 = 325
4_baseline3_switch_ 1 = 276
4_baseline3_switch_ 2 = 191
4_baseline3_switch_ 3 = 275
4_baseline3_switch_ 4 = 210
4_baseline3_switch_ 5 = 218
4_baseline3_switch_ 6 = 216
4_baseline3_switch_ 7 = 245
4_baseline3_switch_ 8 = 596
4_baseline3_switch_ 9 = 594
4_baseline3_switch_ 10 = 486
4_baseline3_switch_ 11 = 486
4_baseline3_switch_ 12 = 448
4_baseline3_switch_ 13 = 462
4_baseline3_switch_ 14 = 484
4_baseline3_switch_ 15 = 468
4_baseline3_switch_ 16 = 520
4_baseline3_switch_ 17 = 522
4_baseline3_switch_ 18 = 512
4_baseline3_switch_ 19 = 514
pass through [325, 276, 191, 275, 210, 218, 216, 245, 596, 594, 486, 486, 448, 462, 484, 468, 520, 522, 512, 514]
num_of_flow_store_in_switch [19, 17, 15, 16, 17, 17, 14, 14, 10, 11, 10, 12, 5, 14, 8, 9, 9, 7, 8, 7]
switch 0 are [0.055, 0.0, 0.5965346534653465, 0.16796875, 0.0, 0.0, 0.2445414847161572, 0.0, 0.0, 0.0, 0.0, 0.052941176470588235, 0.0, 0.0, 1.7333333333333334, 0.5769230769230769, 0.0, 0.0, 0.2988505747126437]
switch 1 are [0.0, 0.03333333333333333, 0.03571428571428571, 0.08490566037735849, 0.05263157894736842, 1.9642857142857142, 0.34782608695652173, 0.5303030303030303, 0.9882352941176471, 0.14285714285714285, 0.0, 3.0357142857142856, 0.0, 0.17857142857142858, 0.8333333333333334, 0.024054982817869417, 0.07865168539325842]
switch 2 are [0.07142857142857142, 0.0, 0.11290322580645161, 0.0, 0.17857142857142858, 0.03571428571428571, 0.0, 0.16071428571428573, 0.0, 0.0, 0.14285714285714285, 0.0, 0.2222222222222222, 0.1590909090909091, 0.3076923076923077]
switch 3 are [1.1785714285714286, 0.5, 1.3571428571428572, 1.1785714285714286, 1.0, 0.0, 1.45, 0.0, 0.0, 0.25, 1.3571428571428572, 0.0, 0.05555555555555555, 0.5384615384615384, 0.12121212121212122, 0.4]
switch 4 are [1.875, 0.0, 0.06666666666666667, 0.16666666666666666, 0.7142857142857143, 1.5625, 0.0, 0.46296296296296297, 0.0, 0.046511627906976744, 0.016129032258064516, 0.0, 0.5357142857142857, 0.03571428571428571, 0.17857142857142858, 0.07142857142857142, 0.35714285714285715]
switch 5 are [0.03571428571428571, 0.06666666666666667, 0.0, 0.05, 0.1875, 0.10355987055016182, 0.5161290322580645, 0.6666666666666666, 0.6153846153846154, 1.32, 3.5, 0.07462686567164178, 0.003278688524590164, 0.3333333333333333, 0.06896551724137931, 0.16666666666666666, 0.25]
switch 6 are [0.20833333333333334, 0.047619047619047616, 0.2962962962962963, 0.09580838323353294, 0.2, 1.5833333333333333, 0.0, 0.0, 0.0, 0.0, 0.6875, 1.4074074074074074, 0.14285714285714285, 0.3142857142857143]
switch 7 are [0.6428571428571429, 1.3125, 0.09375, 1.875, 0.6511627906976745, 1.8461538461538463, 0.36363636363636365, 0.25, 0.025974025974025976, 0.011235955056179775, 0.8, 0.7692307692307693, 0.10465116279069768, 0.39285714285714285]
switch 8 are [0.075, 0.006903043614684657, 0.004373974849644614, 0.0, 0.11320754716981132, 0.5, 0.034482758620689655, 0.031746031746031744, 0.25, 0.6666666666666666]
switch 9 are [0.4, 0.17142857142857143, 0.3333333333333333, 0.08695652173913043, 0.14893617021276595, 0.8461538461538461, 0.0, 0.02531645569620253, 0.7222222222222222, 0.25, 0.3125]
switch 10 are [0.7777777777777778, 1.1666666666666667, 0.004761904761904762, 0.1875, 0.16666666666666666, 0.30158730158730157, 0.0, 2.0, 0.25806451612903225, 0.19047619047619047]
switch 11 are [0.23809523809523808, 0.17142857142857143, 0.17391304347826086, 0.9166666666666666, 0.16, 0.06666666666666667, 3.0833333333333335, 1.1666666666666667, 0.1935483870967742, 0.5625, 0.24324324324324326, 0.07017543859649122]
switch 12 are [0.8, 0.0, 0.14960629921259844, 1.1818181818181819, 0.13978494623655913]
switch 13 are [0.0, 1.8333333333333333, 0.75, 0.4166666666666667, 0.4, 0.0, 0.02857142857142857, 1.2666666666666666, 0.03308823529411765, 0.03278688524590164, 0.7058823529411765, 1.1904761904761905, 0.3333333333333333, 0.9523809523809523]
switch 14 are [0.07216494845360824, 0.13333333333333333, 0.4666666666666667, 0.05263157894736842, 0.27906976744186046, 0.053763440860215055, 0.0, 0.6666666666666666]
switch 15 are [0.0, 0.0, 0.0, 1.0833333333333333, 0.27586206896551724, 0.050724637681159424, 0.05319148936170213, 0.08333333333333333, 0.16981132075471697]
switch 16 are [1.1818181818181819, 0.24, 0.75, 0.375, 0.8333333333333334, 0.023255813953488372, 0.75, 0.5, 0.75]
switch 17 are [0.7333333333333333, 0.3125, 0.20212765957446807, 0.34615384615384615, 0.2608695652173913, 1.1818181818181819, 0.25806451612903225]
switch 18 are [0.16666666666666666, 0.025, 0.047619047619047616, 1.5, 0.4166666666666667, 0.028985507246376812, 0.15151515151515152, 0.20588235294117646]
switch 19 are [0.08108108108108109, 0.3625, 0.029411764705882353, 0.09722222222222222, 0.15, 0.6666666666666666, 0.6666666666666666]
switch_ARE_with_trim_mean [0.11722115978163604, 0.35298023713388615, 0.08334631318502288, 0.5669041276184135, 0.28095293995456544, 0.29723281391187145, 0.2833422770860396, 0.6043977703498054, 0.12696416950010775, 0.272299252736914, 0.3816876280081925, 0.3896237255271912, 0.4542418854534679, 0.5091543926313695, 0.21553705029621487, 0.19069513149219583, 0.6003785921227781, 0.4706953003180362, 0.3177919240818857, 0.29336405733464554]
4 base3
d: 6 w: 9 k: 5
all [85.0] 

ans 85.0 

4_baseline3_switch_ 0 = 331
4_baseline3_switch_ 1 = 266
4_baseline3_switch_ 2 = 205
4_baseline3_switch_ 3 = 291
4_baseline3_switch_ 4 = 208
4_baseline3_switch_ 5 = 222
4_baseline3_switch_ 6 = 220
4_baseline3_switch_ 7 = 233
4_baseline3_switch_ 8 = 580
4_baseline3_switch_ 9 = 594
4_baseline3_switch_ 10 = 508
4_baseline3_switch_ 11 = 494
4_baseline3_switch_ 12 = 462
4_baseline3_switch_ 13 = 462
4_baseline3_switch_ 14 = 466
4_baseline3_switch_ 15 = 478
4_baseline3_switch_ 16 = 516
4_baseline3_switch_ 17 = 516
4_baseline3_switch_ 18 = 518
4_baseline3_switch_ 19 = 518
pass through [331, 266, 205, 291, 208, 222, 220, 233, 580, 594, 508, 494, 462, 462, 466, 478, 516, 516, 518, 518]
num_of_flow_store_in_switch [17, 17, 16, 17, 16, 16, 11, 15, 14, 9, 10, 7, 10, 10, 10, 9, 7, 7, 10, 11]
switch 0 are [0.445, 0.0, 0.0, 0.109375, 0.02564102564102564, 0.0, 0.0, 0.0, 0.08974358974358974, 0.03761348897535668, 0.18181818181818182, 0.0, 0.0, 0.0, 0.0, 0.0, 0.0]
switch 1 are [0.010869565217391304, 0.013333333333333334, 0.0, 0.2631578947368421, 0.32142857142857145, 0.0, 0.8695652173913043, 0.045454545454545456, 7.666666666666667, 0.014084507042253521, 0.023529411764705882, 1.4588235294117646, 0.0967741935483871, 0.08928571428571429, 0.4444444444444444, 0.2903225806451613, 0.023255813953488372]
switch 2 are [0.4090909090909091, 0.7142857142857143, 0.03125, 1.5, 0.4642857142857143, 0.5, 0.03571428571428571, 0.8214285714285714, 0.10714285714285714, 0.14285714285714285, 0.10714285714285714, 0.10714285714285714, 0.375, 1.0909090909090908, 0.8333333333333334, 0.6666666666666666]
switch 3 are [0.07142857142857142, 1.0535714285714286, 0.42857142857142855, 1.0357142857142858, 0.2857142857142857, 0.5714285714285714, 0.01818181818181818, 1.4, 0.008298755186721992, 0.25, 1.45, 0.07142857142857142, 0.023255813953488372, 1.0357142857142858, 0.14285714285714285, 0.07142857142857142, 0.05813953488372093]
switch 4 are [0.0, 0.0, 0.0, 0.0, 2.642857142857143, 1.59375, 0.018518518518518517, 0.26851851851851855, 0.0, 0.0, 1.1071428571428572, 0.0, 0.07142857142857142, 0.13333333333333333, 0.0, 0.0]
switch 5 are [0.07142857142857142, 0.7, 0.90625, 0.07766990291262135, 1.1290322580645162, 2.0, 2.28, 0.041666666666666664, 0.5740740740740741, 1.625, 0.09328358208955224, 0.005988023952095809, 0.21428571428571427, 0.00625, 0.10996563573883161, 0.2619047619047619]
switch 6 are [0.3, 0.9285714285714286, 0.5833333333333334, 0.019672131147540985, 0.2826086956521739, 0.0392156862745098, 1.6363636363636365, 1.0625, 0.0, 0.25, 0.18181818181818182]
switch 7 are [0.08, 5.0625, 0.55, 1.5384615384615385, 0.0034515218073423283, 0.03335155822854018, 0.012578616352201259, 0.0, 0.40384615384615385, 0.15555555555555556, 0.0, 0.2222222222222222, 0.014492753623188406, 0.16666666666666666, 0.375]
switch 8 are [0.16666666666666666, 0.08333333333333333, 0.1724137931034483, 0.0, 0.0, 0.02857142857142857, 0.0, 0.0, 0.0, 0.0, 0.0, 1.4615384615384615, 0.4, 0.07017543859649122]
switch 9 are [0.027777777777777776, 0.0, 0.0, 0.0, 0.0380952380952381, 0.0, 0.3333333333333333, 0.0, 0.01838235294117647]
switch 10 are [0.07936507936507936, 0.3055555555555556, 0.047619047619047616, 0.0, 0.0, 0.7391304347826086, 0.4, 0.75, 0.5, 0.9090909090909091]
switch 11 are [0.014285714285714285, 0.09333333333333334, 0.0, 0.05384615384615385, 0.04918032786885246, 0.25, 1.1666666666666667]
switch 12 are [1.125, 0.03937007874015748, 0.6666666666666666, 0.1134020618556701, 1.0, 1.2666666666666666, 0.05263157894736842, 0.024096385542168676, 0.06382978723404255, 0.18867924528301888]
switch 13 are [0.5, 0.3333333333333333, 0.04, 0.17142857142857143, 0.23255813953488372, 0.025089605734767026, 0.053763440860215055, 0.4444444444444444, 0.45454545454545453, 0.4666666666666667]
switch 14 are [0.13333333333333333, 0.75, 0.36, 0.5, 1.0, 0.375, 0.17647058823529413, 0.16, 0.6666666666666666, 0.5833333333333334]
switch 15 are [0.0, 0.27586206896551724, 0.2, 0.075, 0.17391304347826086, 0.22857142857142856, 0.35, 0.07865168539325842, 0.2903225806451613]
switch 16 are [0.48, 0.75, 0.625, 0.6923076923076923, 0.17647058823529413, 0.7857142857142857, 0.17857142857142858]
switch 17 are [0.2222222222222222, 0.038461538461538464, 0.07692307692307693, 0.75, 0.09523809523809523, 0.5833333333333334, 0.3333333333333333]
switch 18 are [0.08108108108108109, 0.010638297872340425, 0.0125, 0.034482758620689655, 0.2692307692307692, 0.06896551724137931, 0.13333333333333333, 0.15151515151515152, 0.9166666666666666, 0.13513513513513514]
switch 19 are [0.5714285714285714, 0.1111111111111111, 0.0, 0.0, 0.7222222222222222, 0.3194444444444444, 3.25, 0.21428571428571427, 0.3333333333333333, 0.014492753623188406, 0.16129032258064516]
switch_ARE_with_trim_mean [0.029612752411876928, 0.2642886215105272, 0.45535714285714285, 0.43449562065841135, 0.2280494142101285, 0.5579150833689507, 0.40530216186635204, 0.2735097374433391, 0.07676338835594734, 0.04639874468305841, 0.35270876466528644, 0.2324731708572458, 0.4061974273408655, 0.2745925063516962, 0.44643382352941174, 0.18581342300595852, 0.5268662849755287, 0.29993022850165707, 0.11078046826969241, 0.2719564970032478]
