4 base2
d: 5 w: 3 k: 1
all [235.0] 

ans 235.0 

number 1 average are:  4.463822016764685 total flow 239  


4_baseline2_switch_ 0 = 295
4_baseline2_switch_ 1 = 210
4_baseline2_switch_ 2 = 113
4_baseline2_switch_ 3 = 231
4_baseline2_switch_ 4 = 108
4_baseline2_switch_ 5 = 142
4_baseline2_switch_ 6 = 158
4_baseline2_switch_ 7 = 167
4_baseline2_switch_ 8 = 442
4_baseline2_switch_ 9 = 440
4_baseline2_switch_ 10 = 320
4_baseline2_switch_ 11 = 320
4_baseline2_switch_ 12 = 240
4_baseline2_switch_ 13 = 240
4_baseline2_switch_ 14 = 308
4_baseline2_switch_ 15 = 304
4_baseline2_switch_ 16 = 300
4_baseline2_switch_ 17 = 296
4_baseline2_switch_ 18 = 298
4_baseline2_switch_ 19 = 296
pass through [295, 210, 113, 231, 108, 142, 158, 167, 442, 440, 320, 320, 240, 240, 308, 304, 300, 296, 298, 296]
num_of_flow_store_in_switch [9, 14, 7, 9, 12, 14, 13, 11, 14, 11, 11, 11, 10, 14, 14, 16, 13, 11, 13, 12]
switch 0 are [1.18, 0.08945686900958466, 0.16990291262135923, 4.107142857142857, 5.608695652173913, 0.9365079365079365, 2.75, 7.133333333333334, 6.5]
switch 1 are [1.9102564102564104, 14.321428571428571, 13.392857142857142, 14.321428571428571, 0.9454545454545454, 3.9464285714285716, 0.503731343283582, 30.0, 0.05553812362723565, 3.564935064935065, 0.35968379446640314, 0.319047619047619, 2.242857142857143, 7.230769230769231]
switch 2 are [1.2857142857142858, 0.31666666666666665, 0.07883817427385892, 0.14814814814814814, 10.0, 0.15857605177993528, 3.129032258064516]
switch 3 are [0.15234375, 0.11413748378728923, 0.4666666666666667, 3.2857142857142856, 3.2857142857142856, 3.967741935483871, 1.3529411764705883, 2.5813953488372094, 0.2692307692307692]
switch 4 are [3.1785714285714284, 3.1785714285714284, 1.6619718309859155, 5.0, 6.3125, 3.2857142857142856, 4.0, 0.2375, 0.9047619047619048, 2.25, 0.56, 3.1785714285714284]
switch 5 are [0.3415841584158416, 0.24358974358974358, 0.10294117647058823, 1.330188679245283, 5.454545454545454, 4.916666666666667, 5.48, 10.833333333333334, 1.0898876404494382, 17.6, 11.35, 10.761904761904763, 8.0, 2.380952380952381]
switch 6 are [0.31877729257641924, 9.454545454545455, 1.565217391304348, 15.210526315789474, 14.76923076923077, 2.5, 2.1944444444444446, 5.388888888888889, 3.576923076923077, 3.423076923076923, 1.6666666666666667, 0.6232558139534884, 0.6254295532646048]
switch 7 are [7.266666666666667, 0.5411764705882353, 0.3790322580645161, 1.078125, 0.7741935483870968, 3.2666666666666666, 3.96, 4.391304347826087, 2.6470588235294117, 9.833333333333334, 4.5]
switch 8 are [2.125, 4.357142857142857, 5.85, 3.4285714285714284, 1.5116279069767442, 0.3652694610778443, 10.272727272727273, 8.133333333333333, 6.75, 5.25, 12.916666666666666, 7.5625, 5.75, 8.0]
switch 9 are [3.142857142857143, 1.2678571428571428, 3.142857142857143, 0.4596774193548387, 3.8333333333333335, 1.1515151515151516, 1.2666666666666666, 1.0379746835443038, 3.4347826086956523, 8.272727272727273, 1.9056603773584906]
switch 10 are [2.03125, 4.03125, 4.52, 3.619047619047619, 7.25, 1.826086956521739, 1.2307692307692308, 9.083333333333334, 2.6666666666666665, 10.0, 0.9385964912280702]
switch 11 are [1.1666666666666667, 3.142857142857143, 4.90625, 1.1481481481481481, 6.769230769230769, 5.666666666666667, 7.333333333333333, 2.3333333333333335, 0.8279569892473119, 2.0606060606060606, 7.285714285714286]
switch 12 are [1.4642857142857142, 4.5, 12.214285714285714, 0.31446540880503143, 8.666666666666666, 1.9682539682539681, 3.3055555555555554, 0.8554216867469879, 0.4787234042553192, 0.45]
switch 13 are [12.5, 3.4642857142857144, 7.75, 6.8125, 15.333333333333334, 1.0206185567010309, 0.21505376344086022, 1.525, 10.666666666666666, 5.666666666666667, 7.769230769230769, 2.081081081081081, 2.5714285714285716, 8.5]
switch 14 are [0.8588235294117647, 3.8214285714285716, 4.642857142857143, 6.892857142857143, 4.133333333333334, 2.85, 2.75, 1.872340425531915, 1.5625, 9.933333333333334, 3.8857142857142857, 7.4375, 4.851851851851852, 0.644927536231884]
switch 15 are [4.071428571428571, 4.428571428571429, 3.125, 3.8214285714285716, 8.428571428571429, 1.82, 7.25, 6.05, 10.25, 7.8, 4.4, 1.6046511627906976, 8.333333333333334, 3.5517241379310347, 0.5362318840579711, 1.2234042553191489]
switch 16 are [3.6333333333333333, 12.0, 0.7528089887640449, 7.6875, 0.48031496062992124, 12.466666666666667, 10.583333333333334, 1.4444444444444444, 6.722222222222222, 5.0, 13.666666666666666, 3.0, 3.9642857142857144]
switch 17 are [0.5833333333333334, 4.785714285714286, 6.071428571428571, 0.9, 12.5, 0.05084745762711865, 2.1714285714285713, 2.586206896551724, 4.777777777777778, 14.083333333333334, 1.2758620689655173]
switch 18 are [2.2333333333333334, 8.133333333333333, 8.75, 2.7666666666666666, 7.818181818181818, 0.8513513513513513, 5.277777777777778, 5.277777777777778, 0.3639705882352941, 2.774193548387097, 8.75, 1.0116279069767442, 8.416666666666666]
switch 19 are [3.8214285714285716, 8.15, 9.384615384615385, 0.16065573770491803, 1.3275862068965518, 7.526315789473684, 4.92, 6.0476190476190474, 1.4509803921568627, 0.5, 8.529411764705882, 1.7]
switch_ARE_with_trim_mean [3.1638932845321097, 5.254906500684404, 2.1595679406639157, 1.7195428557672183, 2.719816230717639, 5.181887734925243, 4.162516271118061, 3.158354613740462, 5.74924189989597, 2.242611583298336, 4.028711534037622, 3.8310525636914528, 2.7111133744705267, 5.860623168838376, 3.7966005235821676, 4.707722349241015, 6.114054063913614, 3.9613057227999757, 4.846446380041143, 4.3973341772280605]
4 base2
d: 5 w: 6 k: 1
all [126.5] 

ans 126.5 

number 1 average are:  1.0846880123152458 total flow 239  


4_baseline2_switch_ 0 = 295
4_baseline2_switch_ 1 = 210
4_baseline2_switch_ 2 = 113
4_baseline2_switch_ 3 = 231
4_baseline2_switch_ 4 = 108
4_baseline2_switch_ 5 = 142
4_baseline2_switch_ 6 = 158
4_baseline2_switch_ 7 = 167
4_baseline2_switch_ 8 = 442
4_baseline2_switch_ 9 = 440
4_baseline2_switch_ 10 = 320
4_baseline2_switch_ 11 = 320
4_baseline2_switch_ 12 = 240
4_baseline2_switch_ 13 = 240
4_baseline2_switch_ 14 = 308
4_baseline2_switch_ 15 = 304
4_baseline2_switch_ 16 = 300
4_baseline2_switch_ 17 = 296
4_baseline2_switch_ 18 = 298
4_baseline2_switch_ 19 = 296
pass through [295, 210, 113, 231, 108, 142, 158, 167, 442, 440, 320, 320, 240, 240, 308, 304, 300, 296, 298, 296]
num_of_flow_store_in_switch [12, 13, 11, 12, 14, 11, 12, 12, 11, 12, 11, 13, 10, 12, 13, 12, 14, 11, 10, 13]
switch 0 are [0.035, 0.17891373801916932, 0.043689320388349516, 2.1785714285714284, 0.48214285714285715, 0.5892857142857143, 0.42857142857142855, 1.35, 0.5714285714285714, 0.42857142857142855, 0.9565217391304348, 0.41333333333333333]
switch 1 are [0.4358974358974359, 0.5714285714285714, 0.8571428571428571, 0.7818181818181819, 0.6071428571428571, 3.9642857142857144, 0.45, 0.007530593034201443, 0.039525691699604744, 0.34285714285714286, 9.333333333333334, 1.3333333333333333, 2.875]
switch 2 are [0.125, 0.44166666666666665, 1.2365145228215768, 0.3125, 0.32407407407407407, 0.03559870550161812, 0.8125, 0.05734767025089606, 2.3636363636363638, 1.1428571428571428, 0.6129032258064516]
switch 3 are [0.0078125, 0.018158236057068743, 0.02, 1.6071428571428572, 1.0, 0.6785714285714286, 0.35714285714285715, 0.03125, 1.28125, 0.2857142857142857, 0.4117647058823529, 0.2894736842105263]
switch 4 are [0.5357142857142857, 0.17857142857142858, 1.9166666666666667, 0.2676056338028169, 0.2, 1.1875, 1.6923076923076923, 0.31875, 0.2857142857142857, 3.1875, 0.9142857142857143, 1.75, 1.7333333333333334, 1.05]
switch 5 are [0.2599009900990099, 0.021367521367521368, 0.08235294117647059, 0.009433962264150943, 0.09090909090909091, 0.34523809523809523, 0.07142857142857142, 1.4375, 1.8333333333333333, 2.6666666666666665, 0.7380952380952381]
switch 6 are [0.06550218340611354, 3.272727272727273, 0.05434782608695652, 0.5769230769230769, 0.14285714285714285, 0.6785714285714286, 0.35714285714285715, 0.05, 2.933333333333333, 0.6428571428571429, 0.45454545454545453, 0.18604651162790697]
switch 7 are [2.1333333333333333, 0.788235294117647, 0.0, 0.03225806451612903, 0.0625, 0.375, 0.0, 0.3473053892215569, 0.5833333333333334, 0.5666666666666667, 0.13725490196078433, 0.5106382978723404]
switch 8 are [1.9285714285714286, 0.018518518518518517, 0.08695652173913043, 6.363636363636363, 0.2857142857142857, 0.21428571428571427, 0.004761904761904762, 1.7916666666666667, 1.4, 2.8333333333333335, 2.3076923076923075]
switch 9 are [0.6086956521739131, 1.1785714285714286, 1.1428571428571428, 0.18548387096774194, 1.5, 1.6666666666666667, 3.2857142857142856, 2.6923076923076925, 0.24050632911392406, 0.23711340206185566, 2.3636363636363638, 0.6551724137931034]
switch 10 are [0.56, 0.5098039215686274, 0.25, 0.96875, 0.9230769230769231, 0.6746987951807228, 1.0833333333333333, 0.4482758620689655, 0.8333333333333334, 0.3888888888888889, 0.7272727272727273]
switch 11 are [0.6071428571428571, 0.018518518518518517, 4.6, 0.75, 2.8333333333333335, 1.736842105263158, 1.1666666666666667, 1.7058823529411764, 0.24731182795698925, 1.393939393939394, 0.43333333333333335, 0.4186046511627907, 0.41509433962264153]
switch 12 are [0.35714285714285715, 0.9642857142857143, 0.19642857142857142, 0.34285714285714286, 3.3333333333333335, 0.18085106382978725, 1.12, 0.4230769230769231, 0.38461538461538464, 2.0]
switch 13 are [0.5, 1.0357142857142858, 1.4375, 1.3333333333333333, 2.25, 0.325, 2.5, 3.25, 0.9523809523809523, 1.7692307692307692, 0.40540540540540543, 1.8333333333333333]
switch 14 are [0.631578947368421, 0.25, 0.43333333333333335, 0.5581395348837209, 6.357142857142857, 0.6333333333333333, 1.5, 2.037037037037037, 0.2777777777777778, 2.0, 0.21014492753623187, 0.38333333333333336, 0.0859106529209622]
switch 15 are [1.25, 0.02622950819672131, 0.06, 1.25, 0.25862068965517243, 1.1, 0.8666666666666667, 0.44, 1.4444444444444444, 0.13768115942028986, 4.25, 2.15]
switch 16 are [0.025157232704402517, 4.5, 0.449438202247191, 0.6111111111111112, 0.2222222222222222, 0.07086614173228346, 2.066666666666667, 0.1875, 3.0, 3.0625, 2.782608695652174, 3.0, 2.3333333333333335, 0.9642857142857143]
switch 17 are [0.3953488372093023, 0.03389830508474576, 4.0, 0.425531914893617, 1.2222222222222223, 1.24, 0.4375, 2.25, 0.875, 0.20689655172413793, 0.39325842696629215]
switch 18 are [1.2083333333333333, 2.5833333333333335, 0.2727272727272727, 1.2, 0.18604651162790697, 0.2702702702702703, 0.9444444444444444, 1.3888888888888888, 0.04411764705882353, 0.6774193548387096]
switch 19 are [6.7, 1.1290322580645162, 0.1417910447761194, 3.230769230769231, 0.9111111111111111, 0.14705882352941177, 1.52, 3.5833333333333335, 1.619047619047619, 1.6363636363636365, 0.26229508196721313, 1.4166666666666667, 0.8064516129032258]
switch_ARE_with_trim_mean [0.5442458130871287, 1.114402889600518, 0.5628181447196453, 0.4373325197578519, 0.9876564676520663, 0.5422361979608145, 0.6092126957351413, 0.3403191947688457, 1.2074154196134872, 1.228552709118209, 0.6704556057100208, 1.0643773510329402, 0.7235508241758242, 1.401689807939808, 0.8104252931457445, 0.8957412960186574, 1.5625443406042248, 0.8273064392239524, 0.7685162595163533, 1.4783753976141787]
4 base2
d: 5 w: 9 k: 1
all [76.0] 

ans 76.0 

number 1 average are:  0.39162605238759457 total flow 239  


4_baseline2_switch_ 0 = 295
4_baseline2_switch_ 1 = 210
4_baseline2_switch_ 2 = 113
4_baseline2_switch_ 3 = 231
4_baseline2_switch_ 4 = 108
4_baseline2_switch_ 5 = 142
4_baseline2_switch_ 6 = 158
4_baseline2_switch_ 7 = 167
4_baseline2_switch_ 8 = 442
4_baseline2_switch_ 9 = 440
4_baseline2_switch_ 10 = 320
4_baseline2_switch_ 11 = 320
4_baseline2_switch_ 12 = 240
4_baseline2_switch_ 13 = 240
4_baseline2_switch_ 14 = 308
4_baseline2_switch_ 15 = 304
4_baseline2_switch_ 16 = 300
4_baseline2_switch_ 17 = 296
4_baseline2_switch_ 18 = 298
4_baseline2_switch_ 19 = 296
pass through [295, 210, 113, 231, 108, 142, 158, 167, 442, 440, 320, 320, 240, 240, 308, 304, 300, 296, 298, 296]
num_of_flow_store_in_switch [18, 20, 11, 10, 15, 15, 18, 13, 12, 11, 10, 7, 9, 9, 13, 14, 12, 6, 7, 9]
switch 0 are [0.055, 0.0, 0.0, 0.35714285714285715, 0.2608695652173913, 0.42857142857142855, 0.0, 1.2678571428571428, 0.5, 1.1071428571428572, 0.04032258064516129, 0.8, 2.0357142857142856, 1.05, 0.5172413793103449, 0.0, 0.2, 2.1538461538461537]
switch 1 are [0.3333333333333333, 0.14285714285714285, 1.0, 0.03571428571428571, 0.0, 1.0, 0.42857142857142855, 0.41935483870967744, 0.4166666666666667, 0.048507462686567165, 0.3, 2.076923076923077, 0.0072168183244430495, 0.05714285714285714, 0.043478260869565216, 0.06299212598425197, 0.16666666666666666, 0.14285714285714285, 1.0, 2.3333333333333335]
switch 2 are [0.0, 0.016666666666666666, 0.058091286307053944, 0.21875, 0.0, 0.25, 0.022653721682847898, 0.5, 0.4166666666666667, 0.1111111111111111, 0.29411764705882354]
switch 3 are [0.00390625, 0.0038910505836575876, 0.06, 0.2857142857142857, 0.4642857142857143, 0.03125, 0.09375, 0.04, 0.1111111111111111, 0.21052631578947367]
switch 4 are [0.8214285714285714, 0.10714285714285714, 1.75, 0.23943661971830985, 0.65, 0.0, 0.7857142857142857, 0.0, 0.3076923076923077, 0.00625, 0.25, 0.0, 0.21621621621621623, 0.2, 0.26666666666666666]
switch 5 are [0.09158415841584158, 0.0641025641025641, 0.0, 0.0, 0.3181818181818182, 0.09523809523809523, 0.0, 0.2857142857142857, 0.03571428571428571, 1.75, 1.75, 0.75, 0.5833333333333334, 0.2903225806451613, 0.10714285714285714]
switch 6 are [0.008733624454148471, 1.4545454545454546, 0.010869565217391304, 1.5789473684210527, 1.0384615384615385, 0.0, 0.6428571428571429, 0.39285714285714285, 1.75, 0.0, 0.0, 1.3, 0.3, 2.2083333333333335, 0.23076923076923078, 0.13333333333333333, 0.15151515151515152, 0.01718213058419244]
switch 7 are [0.0, 0.03529411764705882, 0.23529411764705882, 0.008064516129032258, 0.109375, 0.0, 0.0, 0.011976047904191617, 0.0, 0.35714285714285715, 0.13333333333333333, 0.030303030303030304, 0.1111111111111111]
switch 8 are [0.046296296296296294, 0.3695652173913043, 2.090909090909091, 0.12987012987012986, 0.047619047619047616, 0.19444444444444445, 0.3333333333333333, 0.02666666666666667, 0.7333333333333333, 1.3333333333333333, 3.0625, 0.08771929824561403]
switch 9 are [0.23333333333333334, 1.1333333333333333, 0.7857142857142857, 0.023715415019762844, 1.2307692307692308, 0.23529411764705882, 0.1518987341772152, 0.4, 0.6666666666666666, 0.18867924528301888, 0.25806451612903225]
switch 10 are [0.6666666666666666, 0.058823529411764705, 0.023255813953488372, 0.265625, 0.05384615384615385, 0.10843373493975904, 0.0625, 0.05747126436781609, 0.18181818181818182, 0.06741573033707865]
switch 11 are [0.18181818181818182, 0.14285714285714285, 0.8666666666666667, 0.12, 0.38235294117647056, 0.3225806451612903, 0.8571428571428571]
switch 12 are [0.10714285714285714, 0.2571428571428571, 0.0, 0.125, 0.0, 0.1, 0.0, 0.5, 0.5]
switch 13 are [0.5, 0.08333333333333333, 0.4166666666666667, 0.1125, 0.39285714285714285, 0.5384615384615384, 0.0, 0.5833333333333334, 0.08139534883720931]
switch 14 are [0.5, 0.5, 0.0, 0.002186987424822307, 0.0440251572327044, 0.21348314606741572, 0.0, 0.06666666666666667, 0.18518518518518517, 0.0, 0.30434782608695654, 0.037209302325581395, 0.8333333333333334]
switch 15 are [1.09375, 0.10714285714285714, 0.6875, 0.35, 3.0833333333333335, 0.32, 0.05555555555555555, 0.04044117647058824, 0.09016393442622951, 0.14285714285714285, 0.031914893617021274, 1.5, 1.2, 0.4166666666666667]
switch 16 are [0.031746031746031744, 0.34615384615384615, 0.4444444444444444, 0.06666666666666667, 0.5, 0.0625, 0.1595744680851064, 0.2638888888888889, 0.19230769230769232, 0.17391304347826086, 0.9090909090909091, 0.8095238095238095]
switch 17 are [0.02857142857142857, 0.32, 0.375, 0.0, 0.5, 0.2857142857142857]
switch 18 are [0.23333333333333334, 0.5348837209302325, 1.5454545454545454, 0.2702702702702703, 0.2413793103448276, 0.38461538461538464, 0.24242424242424243]
switch 19 are [0.010309278350515464, 0.13333333333333333, 0.014336917562724014, 0.75, 0.06862745098039216, 0.7272727272727273, 0.08602150537634409, 0.6111111111111112, 0.036231884057971016]
switch_ARE_with_trim_mean [0.5387413810375917, 0.3498838882537241, 0.15422856661035222, 0.1045322453268588, 0.2961959634291703, 0.33625645988371095, 0.5631294801884862, 0.06134102491589239, 0.5366423524775927, 0.4503315813648826, 0.10699169934009427, 0.4104883478318014, 0.17658730158730157, 0.30094970705435825, 0.16846402463539384, 0.50033977775992, 0.30189728595487153, 0.2515476190476191, 0.49319440105326223, 0.27080491200501317]
4 base2
d: 6 w: 9 k: 1
all [46.0] 

ans 46.0 

number 1 average are:  0.3854249895104461 total flow 239  


4_baseline2_switch_ 0 = 295
4_baseline2_switch_ 1 = 210
4_baseline2_switch_ 2 = 113
4_baseline2_switch_ 3 = 231
4_baseline2_switch_ 4 = 108
4_baseline2_switch_ 5 = 142
4_baseline2_switch_ 6 = 158
4_baseline2_switch_ 7 = 167
4_baseline2_switch_ 8 = 442
4_baseline2_switch_ 9 = 440
4_baseline2_switch_ 10 = 320
4_baseline2_switch_ 11 = 320
4_baseline2_switch_ 12 = 240
4_baseline2_switch_ 13 = 240
4_baseline2_switch_ 14 = 308
4_baseline2_switch_ 15 = 304
4_baseline2_switch_ 16 = 300
4_baseline2_switch_ 17 = 296
4_baseline2_switch_ 18 = 298
4_baseline2_switch_ 19 = 296
pass through [295, 210, 113, 231, 108, 142, 158, 167, 442, 440, 320, 320, 240, 240, 308, 304, 300, 296, 298, 296]
num_of_flow_store_in_switch [17, 16, 8, 18, 14, 13, 17, 17, 11, 11, 9, 5, 10, 9, 12, 12, 11, 8, 10, 11]
switch 0 are [0.005, 0.003194888178913738, 0.07766990291262135, 0.10714285714285714, 0.0, 0.0, 0.21428571428571427, 0.05357142857142857, 0.03571428571428571, 0.0, 0.0, 3.7333333333333334, 4.571428571428571, 0.0, 0.13333333333333333, 0.04285714285714286, 0.0]
switch 1 are [0.47435897435897434, 0.39285714285714285, 0.10714285714285714, 0.21428571428571427, 0.4909090909090909, 0.07142857142857142, 0.967741935483871, 0.25, 0.041044776119402986, 0.15, 2.4615384615384617, 0.006275494195167869, 0.019762845849802372, 0.391304347826087, 0.2571428571428571, 0.46153846153846156]
switch 2 are [0.25, 0.23333333333333334, 0.02074688796680498, 0.28125, 0.10185185185185185, 0.0, 0.045307443365695796, 0.0]
switch 3 are [0.0390625, 0.04409857328145266, 0.2, 0.2857142857142857, 0.030303030303030304, 3.892857142857143, 0.0, 1.75, 1.25, 0.76, 0.47619047619047616, 0.12962962962962962, 1.1162790697674418, 0.25384615384615383, 0.8947368421052632, 0.0, 0.24242424242424243, 0.17647058823529413]
switch 4 are [0.0, 0.0, 4.833333333333333, 0.07042253521126761, 1.4, 1.75, 0.2857142857142857, 0.5714285714285714, 0.5384615384615384, 0.15625, 0.125, 0.12698412698412698, 0.0, 0.25]
switch 5 are [0.034653465346534656, 0.017094017094017096, 0.04411764705882353, 0.0, 0.36363636363636365, 0.07142857142857142, 0.0, 0.0, 0.0625, 0.0, 0.0, 0.15384615384615385, 0.14285714285714285]
switch 6 are [0.043668122270742356, 1.2727272727272727, 0.21739130434782608, 0.2631578947368421, 0.2692307692307692, 0.8214285714285714, 0.2857142857142857, 0.25, 0.25, 1.4333333333333333, 0.0, 0.1, 0.004920721705850191, 0.16666666666666666, 1.0, 0.55, 0.14285714285714285]
switch 7 are [0.4, 0.0, 0.17647058823529413, 0.04838709677419355, 0.25, 0.0, 0.0, 0.06451612903225806, 0.008982035928143712, 0.9166666666666666, 0.2857142857142857, 3.8125, 0.0, 0.16666666666666666, 0.003676470588235294, 0.007246376811594203, 0.23333333333333334]
switch 8 are [0.5714285714285714, 0.037037037037037035, 0.5, 0.21739130434782608, 1.6363636363636365, 0.09523809523809523, 0.07142857142857142, 0.1111111111111111, 0.16666666666666666, 0.3333333333333333, 0.625]
switch 9 are [0.2857142857142857, 0.3, 0.8, 0.1, 0.5384615384615384, 0.4117647058823529, 0.1518987341772152, 1.0666666666666667, 0.09523809523809523, 0.23529411764705882, 1.75]
switch 10 are [0.058823529411764705, 0.0, 0.5833333333333334, 0.078125, 0.0, 0.125, 0.034482758620689655, 0.08333333333333333, 0.0]
switch 11 are [0.3333333333333333, 0.0, 0.16129032258064516, 0.03333333333333333, 0.03773584905660377]
switch 12 are [0.8571428571428571, 0.125, 0.14285714285714285, 0.031746031746031744, 0.02127659574468085, 0.0, 0.9166666666666666, 0.3333333333333333, 0.42857142857142855, 0.2857142857142857]
switch 13 are [0.1388888888888889, 0.6666666666666666, 0.025089605734767026, 0.1875, 0.16666666666666666, 0.8461538461538461, 0.14285714285714285, 0.7, 0.4166666666666667]
switch 14 are [0.17857142857142858, 0.3, 0.006289308176100629, 0.011235955056179775, 0.0, 0.6666666666666666, 0.19444444444444445, 1.1666666666666667, 0.6538461538461539, 0.17391304347826086, 0.03255813953488372, 0.003436426116838488]
switch 15 are [0.6428571428571429, 0.18, 0.35, 0.0, 0.3333333333333333, 0.44, 0.046511627906976744, 0.5, 0.2222222222222222, 0.05319148936170213, 0.6666666666666666, 1.0833333333333333]
switch 16 are [0.14960629921259844, 0.0, 0.6666666666666666, 1.25, 0.0625, 0.0, 1.0833333333333333, 0.1590909090909091, 0.5, 0.6363636363636364, 0.03508771929824561]
switch 17 are [0.02666666666666667, 1.3333333333333333, 0.32, 0.025, 0.037037037037037035, 0.05555555555555555, 0.3333333333333333, 0.056179775280898875]
switch 18 are [0.08333333333333333, 1.0909090909090908, 0.1, 0.013513513513513514, 0.10714285714285714, 0.20689655172413793, 0.18181818181818182, 0.1511627906976744, 1.3333333333333333, 0.0967741935483871]
switch 19 are [0.010309278350515464, 0.0784313725490196, 1.6363636363636365, 0.0, 0.11827956989247312, 0.05555555555555555, 0.038461538461538464, 0.10869565217391304, 0.02702702702702703, 1.0714285714285714, 0.25806451612903225]
switch_ARE_with_trim_mean [0.2937401924219754, 0.30639411249591664, 0.11656118956471075, 0.47804721196857936, 0.43952175481664923, 0.04786336342102213, 0.37585085011239794, 0.1707773099833781, 0.2990664059504639, 0.43220000539434644, 0.1070108838554579, 0.11313856766078312, 0.27820520938872, 0.36560994262607166, 0.2220961565890957, 0.34347824823480433, 0.3658498404405989, 0.27338821265085306, 0.2522546248967078, 0.1962503423964051]
4 base2
d: 5 w: 3 k: 3
all [482.75] 

ans 482.75 

number 1 average are:  4.363160922545213 total flow 239  


4_baseline2_switch_ 0 = 295
4_baseline2_switch_ 1 = 210
4_baseline2_switch_ 2 = 113
4_baseline2_switch_ 3 = 231
4_baseline2_switch_ 4 = 108
4_baseline2_switch_ 5 = 142
4_baseline2_switch_ 6 = 158
4_baseline2_switch_ 7 = 167
4_baseline2_switch_ 8 = 442
4_baseline2_switch_ 9 = 440
4_baseline2_switch_ 10 = 322
4_baseline2_switch_ 11 = 318
4_baseline2_switch_ 12 = 240
4_baseline2_switch_ 13 = 240
4_baseline2_switch_ 14 = 306
4_baseline2_switch_ 15 = 306
4_baseline2_switch_ 16 = 302
4_baseline2_switch_ 17 = 298
4_baseline2_switch_ 18 = 294
4_baseline2_switch_ 19 = 296
pass through [295, 210, 113, 231, 108, 142, 158, 167, 442, 440, 322, 318, 240, 240, 306, 306, 302, 298, 294, 296]
num_of_flow_store_in_switch [7, 15, 8, 13, 14, 4, 14, 12, 11, 13, 11, 10, 13, 16, 12, 15, 12, 14, 12, 13]
switch 0 are [0.23, 0.10543130990415335, 0.038834951456310676, 3.0357142857142856, 3.8333333333333335, 0.9714285714285714, 8.416666666666666]
switch 1 are [3.717948717948718, 8.214285714285714, 8.214285714285714, 5.0, 6.0, 0.3358208955223881, 11.923076923076923, 0.06401004079071226, 1.3896103896103895, 1.0553359683794465, 1.1265822784810127, 10.217391304347826, 9.75, 0.9846153846153847, 13.0]
switch 2 are [1.25, 0.44166666666666665, 0.1950207468879668, 2.857142857142857, 7.833333333333333, 1.9444444444444444, 10.0, 6.714285714285714]
switch 3 are [0.7578125, 0.1309987029831388, 7.392857142857143, 2.5, 3.90625, 1.4313725490196079, 2.609375, 7.266666666666667, 6.684210526315789, 1.206896551724138, 0.6881720430107527, 3.4242424242424243, 2.757575757575758]
switch 4 are [4.357142857142857, 3.857142857142857, 14.666666666666666, 7.75, 11.5, 3.857142857142857, 3.857142857142857, 0.50625, 1.7777777777777777, 3.861111111111111, 1.0, 5.25, 2.675675675675676, 3.4571428571428573]
switch 5 are [0.012376237623762377, 0.008547008547008548, 0.03823529411764706, 0.0]
switch 6 are [0.27510917030567683, 9.090909090909092, 0.9021739130434783, 11.789473684210526, 4.769230769230769, 2.75, 2.6511627906976742, 7.333333333333333, 5.166666666666667, 3.625, 3.269230769230769, 1.6166666666666667, 0.29896907216494845, 8.25]
switch 7 are [15.466666666666667, 1.9764705882352942, 1.6588235294117648, 0.625, 1.5813953488372092, 10.466666666666667, 3.111111111111111, 4.777777777777778, 0.6147540983606558, 1.4492753623188406, 2.4148936170212765, 7.916666666666667]
switch 8 are [1.3571428571428572, 3.2857142857142856, 1.1818181818181819, 9.9, 0.7129629629629629, 18.0, 0.36666666666666664, 9.083333333333334, 3.1724137931034484, 8.23076923076923, 1.9056603773584906]
switch 9 are [4.956521739130435, 3.357142857142857, 2.267857142857143, 3.357142857142857, 0.5725806451612904, 1.925, 13.909090909090908, 2.4722222222222223, 2.4722222222222223, 6.8, 6.176470588235294, 1.6166666666666667, 6.3125]
switch 10 are [0.35333333333333333, 2.607142857142857, 2.15625, 7.12, 1.1296296296296295, 5.25, 7.333333333333333, 3.76, 5.25, 2.2580645161290325, 0.9824561403508771]
switch 11 are [4.571428571428571, 1.1388888888888888, 2.78125, 0.4692556634304207, 0.18032786885245902, 0.3595505617977528, 1.062992125984252, 5.24, 4.147058823529412, 2.977272727272727]
switch 12 are [1.7746478873239437, 1.369047619047619, 5.678571428571429, 12.5, 1.9682539682539681, 11.3125, 1.3734939759036144, 1.4680851063829787, 1.3375, 7.64, 7.3076923076923075, 1.3820224719101124, 12.266666666666667]
switch 13 are [6.181818181818182, 4.0, 8.375, 10.25, 2.2, 1.7162162162162162, 0.9125, 4.769230769230769, 8.333333333333334, 10.25, 8.1875, 8.333333333333334, 5.75, 5.666666666666667, 3.7419354838709675, 10.666666666666666]
switch 14 are [2.6785714285714284, 4.142857142857143, 2.7666666666666666, 6.357142857142857, 0.7169811320754716, 1.1914893617021276, 5.866666666666666, 3.52, 6.0625, 1.0, 5.277777777777778, 0.48372093023255813]
switch 15 are [0.45161290322580644, 3.2142857142857144, 5.214285714285714, 5.53125, 1.8709677419354838, 13.5, 10.125, 0.057955166757791145, 3.1333333333333333, 0.8787878787878788, 4.9, 2.4705882352941178, 9.333333333333334, 7.7, 3.2142857142857144]
switch 16 are [3.25, 5.238095238095238, 0.5778443113772455, 1.26, 1.891304347826087, 7.416666666666667, 7.416666666666667, 1.8857142857142857, 3.9583333333333335, 0.3602941176470588, 8.916666666666666, 2.119047619047619]
switch 17 are [3.7857142857142856, 3.642857142857143, 3.642857142857143, 2.6129032258064515, 2.7333333333333334, 9.0, 2.0232558139534884, 1.492063492063492, 1.5333333333333334, 7.615384615384615, 6.523809523809524, 1.0196078431372548, 4.826086956521739, 9.307692307692308]
switch 18 are [3.566666666666667, 1.5, 3.892857142857143, 1.134020618556701, 12.8, 0.2939068100358423, 4.482758620689655, 13.454545454545455, 0.8478260869565217, 1.3255813953488371, 10.666666666666666, 3.4193548387096775]
switch 19 are [3.8214285714285716, 7.0, 5.2, 1.4137931034482758, 1.0769230769230769, 9.333333333333334, 10.25, 7.0, 8.818181818181818, 3.5, 9.0, 5.444444444444445, 4.714285714285714]
switch_ARE_with_trim_mean [2.3759155883576173, 5.225304099273348, 3.904486720345123, 3.021143092595922, 4.433356570856571, 0.014789635072104497, 4.143611922661949, 3.597808066804661, 4.314423891355865, 3.792158754147245, 3.3903936825836, 2.188462170291503, 4.867361948341149, 6.268216713176391, 3.3223510176317275, 4.464440812982085, 3.5013672468727144, 4.119299905469545, 4.363573203645187, 5.93140608955656]
4 base2
d: 5 w: 6 k: 3
all [142.0] 

ans 142.0 

number 1 average are:  1.1284601067727524 total flow 239  


4_baseline2_switch_ 0 = 295
4_baseline2_switch_ 1 = 210
4_baseline2_switch_ 2 = 113
4_baseline2_switch_ 3 = 231
4_baseline2_switch_ 4 = 108
4_baseline2_switch_ 5 = 142
4_baseline2_switch_ 6 = 158
4_baseline2_switch_ 7 = 167
4_baseline2_switch_ 8 = 442
4_baseline2_switch_ 9 = 440
4_baseline2_switch_ 10 = 318
4_baseline2_switch_ 11 = 322
4_baseline2_switch_ 12 = 238
4_baseline2_switch_ 13 = 242
4_baseline2_switch_ 14 = 306
4_baseline2_switch_ 15 = 306
4_baseline2_switch_ 16 = 298
4_baseline2_switch_ 17 = 298
4_baseline2_switch_ 18 = 298
4_baseline2_switch_ 19 = 296
pass through [295, 210, 113, 231, 108, 142, 158, 167, 442, 440, 318, 322, 238, 242, 306, 306, 298, 298, 298, 296]
num_of_flow_store_in_switch [13, 13, 10, 15, 11, 11, 14, 13, 13, 14, 8, 10, 13, 9, 16, 16, 11, 9, 11, 9]
switch 0 are [0.005, 0.012779552715654952, 0.1407766990291262, 1.0, 1.4642857142857142, 0.5357142857142857, 0.25, 0.6, 0.09090909090909091, 0.11428571428571428, 1.8, 0.275, 2.230769230769231]
switch 1 are [0.23076923076923078, 2.5714285714285716, 2.5714285714285716, 0.14545454545454545, 0.4642857142857143, 0.6071428571428571, 2.225806451612903, 0.11194029850746269, 0.225, 0.5217391304347826, 8.75, 0.46808510638297873, 2.4166666666666665]
switch 2 are [2.75, 0.16666666666666666, 0.07053941908713693, 0.40625, 0.037037037037037035, 1.4375, 0.025089605734767026, 0.7058823529411765, 2.3636363636363638, 1.1612903225806452]
switch 3 are [0.140625, 0.17769130998702984, 0.17333333333333334, 1.25, 1.303030303030303, 1.3214285714285714, 1.25, 2.8125, 1.625, 0.36, 0.7058823529411765, 0.0, 0.625, 0.6060606060606061, 0.4186046511627907]
switch 4 are [0.2857142857142857, 0.21428571428571427, 2.3333333333333335, 0.14084507042253522, 0.6, 1.25, 1.4375, 0.23809523809523808, 1.25, 0.6571428571428571, 0.95]
switch 5 are [0.0, 0.01282051282051282, 0.011764705882352941, 0.09433962264150944, 0.0, 0.8125, 0.1625, 3.24, 1.9615384615384615, 0.7096774193548387, 4.25]
switch 6 are [0.10480349344978165, 4.818181818181818, 0.05434782608695652, 0.21052631578947367, 1.0, 1.0, 1.3214285714285714, 0.8571428571428571, 0.75, 0.5277777777777778, 0.9666666666666667, 2.0476190476190474, 0.9230769230769231, 0.9333333333333333]
switch 7 are [1.8666666666666667, 0.047058823529411764, 0.27058823529411763, 0.13709677419354838, 0.078125, 0.023255813953488372, 0.48148148148148145, 2.5833333333333335, 0.5862068965517241, 0.15942028985507245, 0.13768115942028986, 0.2127659574468085, 2.5833333333333335]
switch 8 are [4.392857142857143, 0.75, 0.027777777777777776, 0.5217391304347826, 0.009413241292751805, 0.09090909090909091, 0.2714285714285714, 0.3888888888888889, 0.34177215189873417, 1.6666666666666667, 4.0, 3.0833333333333335, 2.25]
switch 9 are [0.9565217391304348, 1.3571428571428572, 1.2857142857142858, 0.41935483870967744, 0.9333333333333333, 1.6, 0.0, 0.6333333333333333, 2.769230769230769, 1.4583333333333333, 3.4545454545454546, 0.3763440860215054, 2.1666666666666665, 3.0]
switch 10 are [1.4285714285714286, 0.3953488372093023, 1.359375, 0.19230769230769232, 0.8947368421052632, 0.27586206896551724, 0.45, 0.37735849056603776]
switch 11 are [3.892857142857143, 0.02912621359223301, 1.2777777777777777, 0.16535433070866143, 0.9027777777777778, 0.42424242424242425, 1.7954545454545454, 0.24719101123595505, 1.0, 0.23684210526315788]
switch 12 are [0.4642857142857143, 0.9285714285714286, 0.30357142857142855, 0.0375, 2.1666666666666665, 0.4, 3.4166666666666665, 0.18666666666666668, 5.166666666666667, 0.0945945945945946, 1.0384615384615385, 1.9166666666666667, 1.5333333333333334]
switch 13 are [0.2727272727272727, 0.07142857142857142, 0.42857142857142855, 0.8571428571428571, 1.0, 1.3333333333333333, 0.5833333333333334, 2.0625, 0.9523809523809523]
switch 14 are [1.8571428571428572, 0.3333333333333333, 1.6666666666666667, 0.12874251497005987, 2.142857142857143, 0.775, 0.7333333333333333, 0.8666666666666667, 5.5625, 0.39215686274509803, 1.8888888888888888, 0.7222222222222222, 1.4444444444444444, 1.1304347826086956, 0.8235294117647058, 0.9047619047619048]
switch 15 are [1.6785714285714286, 10.5625, 0.016129032258064516, 0.05245901639344262, 0.7, 2.95, 0.6, 0.27906976744186046, 1.28, 3.727272727272727, 0.13114754098360656, 0.11162790697674418, 0.27147766323024053, 3.5, 1.7, 0.8571428571428571]
switch 16 are [7.909090909090909, 0.07547169811320754, 0.3492063492063492, 0.30337078651685395, 0.3333333333333333, 0.2857142857142857, 1.5833333333333333, 2.25, 0.34285714285714286, 2.3333333333333335, 1.8333333333333333]
switch 17 are [1.25, 0.03116457080371788, 0.425531914893617, 0.4845360824742268, 0.39759036144578314, 0.6, 1.125, 0.7857142857142857, 3.5833333333333335]
switch 18 are [1.125, 1.3571428571428572, 1.5, 0.3181818181818182, 0.8, 1.75, 1.2, 0.6, 0.4827586206896552, 1.2777777777777777, 0.9354838709677419]
switch 19 are [0.2, 1.3076923076923077, 0.8103448275862069, 0.20588235294117646, 1.5238095238095237, 0.6111111111111112, 0.04044117647058824, 1.1538461538461537, 0.6486486486486487]
switch_ARE_with_trim_mean [0.5712500960854169, 1.1316188041460746, 0.7936002702436283, 0.765896625226447, 0.7647486772486771, 0.7783489691375195, 0.8868645821903693, 0.596402237979314, 1.2175014192125315, 1.4129979368846832, 0.6716950449656551, 0.7562049965575374, 1.131771336771337, 0.8401575276575275, 1.1201027512454256, 1.2741977791437793, 1.068275766403107, 0.964763394296107, 1.0309070140642258, 0.7224195669006351]
4 base2
d: 5 w: 9 k: 3
all [85.0] 

ans 85.0 

number 1 average are:  0.36274470680206117 total flow 239  


4_baseline2_switch_ 0 = 295
4_baseline2_switch_ 1 = 210
4_baseline2_switch_ 2 = 113
4_baseline2_switch_ 3 = 231
4_baseline2_switch_ 4 = 108
4_baseline2_switch_ 5 = 142
4_baseline2_switch_ 6 = 158
4_baseline2_switch_ 7 = 167
4_baseline2_switch_ 8 = 442
4_baseline2_switch_ 9 = 440
4_baseline2_switch_ 10 = 320
4_baseline2_switch_ 11 = 320
4_baseline2_switch_ 12 = 240
4_baseline2_switch_ 13 = 240
4_baseline2_switch_ 14 = 306
4_baseline2_switch_ 15 = 306
4_baseline2_switch_ 16 = 298
4_baseline2_switch_ 17 = 298
4_baseline2_switch_ 18 = 296
4_baseline2_switch_ 19 = 298
pass through [295, 210, 113, 231, 108, 142, 158, 167, 442, 440, 320, 320, 240, 240, 306, 306, 298, 298, 296, 298]
num_of_flow_store_in_switch [15, 16, 8, 17, 13, 12, 17, 16, 11, 10, 7, 7, 10, 10, 13, 15, 9, 14, 7, 12]
switch 0 are [0.14, 0.0, 0.03398058252427184, 0.0, 0.08695652173913043, 0.0, 0.0, 0.0, 0.03571428571428571, 0.5357142857142857, 0.0, 0.03333333333333333, 0.03571428571428571, 0.26666666666666666, 0.7333333333333333]
switch 1 are [0.0, 0.0, 0.03571428571428571, 1.2857142857142858, 0.01818181818181818, 1.0714285714285714, 0.8214285714285714, 0.8387096774193549, 0.08333333333333333, 0.475, 0.6153846153846154, 0.0, 0.0, 0.43478260869565216, 0.2916666666666667, 0.6666666666666666]
switch 2 are [0.07142857142857142, 0.03333333333333333, 0.07883817427385892, 0.78125, 0.0, 0.0, 0.009708737864077669, 0.012048192771084338]
switch 3 are [0.0078125, 0.0, 0.0, 1.3214285714285714, 0.48484848484848486, 0.03571428571428571, 0.07142857142857142, 0.375, 0.03125, 0.0, 2.0476190476190474, 0.5925925925925926, 0.09302325581395349, 0.0, 0.06666666666666667, 0.09433962264150944, 0.043859649122807015]
switch 4 are [0.0, 0.14285714285714285, 0.3333333333333333, 0.056338028169014086, 3.8, 0.0, 0.5357142857142857, 0.35714285714285715, 0.07692307692307693, 0.05, 0.0, 0.0, 0.11428571428571428]
switch 5 are [0.08663366336633663, 0.042735042735042736, 0.09411764705882353, 0.08490566037735849, 0.045454545454545456, 0.42857142857142855, 0.5357142857142857, 0.0, 0.08571428571428572, 0.027777777777777776, 0.47619047619047616, 0.25]
switch 6 are [0.017467248908296942, 3.5454545454545454, 0.0, 1.631578947368421, 1.1923076923076923, 1.3214285714285714, 0.07142857142857142, 0.7857142857142857, 0.9, 0.07142857142857142, 1.0, 0.0, 0.013121924548933843, 0.0, 0.06382978723404255, 0.16216216216216217, 0.2857142857142857]
switch 7 are [0.26666666666666666, 0.1411764705882353, 0.011764705882352941, 0.016129032258064516, 0.125, 1.9375, 0.0, 0.04790419161676647, 0.16666666666666666, 0.02, 0.21428571428571427, 0.0, 4.416666666666667, 0.03676470588235294, 0.07246376811594203, 0.4166666666666667]
switch 8 are [0.23148148148148148, 0.06521739130434782, 1.5454545454545454, 0.036397866331973644, 0.6031746031746031, 0.01948051948051948, 0.14285714285714285, 0.7222222222222222, 0.5, 0.5625, 1.0833333333333333]
switch 9 are [0.10483870967741936, 0.0, 0.08208955223880597, 0.6428571428571429, 0.3103448275862069, 0.022222222222222223, 0.5333333333333333, 0.07692307692307693, 0.10126582278481013, 1.0]
switch 10 are [1.25, 0.0196078431372549, 0.3269230769230769, 1.0833333333333333, 0.06923076923076923, 0.08333333333333333, 0.2903225806451613]
switch 11 are [0.10526315789473684, 0.5, 0.9166666666666666, 0.0, 0.16666666666666666, 0.20588235294117646, 0.18181818181818182]
switch 12 are [0.023809523809523808, 0.0, 1.0, 0.14285714285714285, 0.6666666666666666, 0.125, 0.46153846153846156, 0.5, 0.09302325581395349, 0.7333333333333333]
switch 13 are [0.8125, 0.0625, 1.1666666666666667, 0.3333333333333333, 0.0, 0.07446808510638298, 0.32, 0.6153846153846154, 0.25, 0.3225806451612903]
switch 14 are [0.14285714285714285, 0.4, 0.13333333333333333, 0.5056179775280899, 0.13953488372093023, 0.12, 0.4444444444444444, 0.09523809523809523, 0.21739130434782608, 0.2553191489361702, 0.013745704467353952, 0.3333333333333333, 0.4]
switch 15 are [0.1935483870967742, 0.03934426229508197, 1.1875, 0.0, 0.2, 0.0, 0.7333333333333333, 0.7272727272727273, 0.2222222222222222, 0.11764705882352941, 1.4545454545454546, 0.2857142857142857, 0.18333333333333332, 0.037209302325581395, 0.5833333333333334]
switch 16 are [0.03773584905660377, 0.047244094488188976, 0.0, 0.08333333333333333, 0.3611111111111111, 0.0, 0.47058823529411764, 0.8461538461538461, 0.007246376811594203]
switch 17 are [0.6111111111111112, 0.25333333333333335, 0.26666666666666666, 0.3103448275862069, 0.1875, 0.04054054054054054, 0.8095238095238095, 1.0555555555555556, 0.12643678160919541, 0.3333333333333333, 0.24242424242424243, 0.5, 0.8125, 0.07865168539325842]
switch 18 are [0.4166666666666667, 0.6666666666666666, 0.09722222222222222, 0.38461538461538464, 0.3103448275862069, 0.24242424242424243, 0.25806451612903225]
switch 19 are [0.08823529411764706, 0.030927835051546393, 0.05714285714285714, 0.16666666666666666, 0.025, 2.1666666666666665, 0.04918032786885246, 0.20833333333333334, 0.23655913978494625, 1.1666666666666667, 0.6428571428571429, 0.17857142857142858]
switch_ARE_with_trim_mean [0.08985230472355843, 0.3823069153513954, 0.1233258762088657, 0.21453094668382952, 0.1515085853114022, 0.16221005272460748, 0.5010788032162556, 0.24807061347353063, 0.43857600452278933, 0.23423433595287724, 0.4461072766575613, 0.2966138608553469, 0.3432785480023852, 0.34884583487320275, 0.24376833511011595, 0.34695832659616943, 0.20593476069431058, 0.37765214924842977, 0.33942921804434595, 0.2825140692061088]
4 base2
d: 6 w: 9 k: 3
all [62.0] 

ans 62.0 

number 1 average are:  0.30894634271781557 total flow 239  


4_baseline2_switch_ 0 = 295
4_baseline2_switch_ 1 = 210
4_baseline2_switch_ 2 = 113
4_baseline2_switch_ 3 = 231
4_baseline2_switch_ 4 = 108
4_baseline2_switch_ 5 = 142
4_baseline2_switch_ 6 = 158
4_baseline2_switch_ 7 = 167
4_baseline2_switch_ 8 = 440
4_baseline2_switch_ 9 = 442
4_baseline2_switch_ 10 = 320
4_baseline2_switch_ 11 = 320
4_baseline2_switch_ 12 = 240
4_baseline2_switch_ 13 = 240
4_baseline2_switch_ 14 = 306
4_baseline2_switch_ 15 = 306
4_baseline2_switch_ 16 = 298
4_baseline2_switch_ 17 = 296
4_baseline2_switch_ 18 = 298
4_baseline2_switch_ 19 = 298
pass through [295, 210, 113, 231, 108, 142, 158, 167, 440, 442, 320, 320, 240, 240, 306, 306, 298, 296, 298, 298]
num_of_flow_store_in_switch [15, 17, 10, 16, 15, 16, 15, 16, 8, 16, 8, 7, 9, 9, 14, 13, 9, 9, 9, 8]
switch 0 are [0.03, 0.12460063897763578, 0.0, 0.17857142857142858, 0.5217391304347826, 1.0714285714285714, 0.0, 0.10714285714285714, 0.07142857142857142, 0.0, 0.35, 0.0, 0.35714285714285715, 0.0, 0.0]
switch 1 are [0.24358974358974358, 0.6071428571428571, 0.9642857142857143, 0.35714285714285715, 0.2, 1.0, 1.0357142857142858, 0.12903225806451613, 0.0, 0.018656716417910446, 0.3, 0.46153846153846156, 0.0, 0.5, 0.6666666666666666, 0.2777777777777778, 0.3888888888888889]
switch 2 are [0.19642857142857142, 0.11666666666666667, 0.0, 0.8125, 0.037037037037037035, 0.07142857142857142, 0.0, 0.3125, 0.16666666666666666, 0.36363636363636365]
switch 3 are [0.109375, 0.0, 0.0, 0.07142857142857142, 0.07575757575757576, 0.0, 0.17857142857142858, 0.1875, 1.04, 0.2857142857142857, 0.6296296296296297, 0.0, 0.06976744186046512, 0.18181818181818182, 0.11666666666666667, 0.06140350877192982]
switch 4 are [1.0714285714285714, 0.03571428571428571, 1.3333333333333333, 0.014084507042253521, 0.25, 0.75, 0.25, 0.5384615384615384, 0.0, 0.0625, 0.12698412698412698, 0.125, 0.05714285714285714, 0.3333333333333333, 0.1]
switch 5 are [0.019801980198019802, 0.0641025641025641, 0.05588235294117647, 0.04716981132075472, 1.8181818181818181, 0.05952380952380952, 0.10714285714285714, 0.125, 0.5, 0.0, 0.08571428571428572, 0.64, 0.8846153846153846, 0.0898876404494382, 0.23809523809523808, 0.10714285714285714]
switch 6 are [0.034934497816593885, 0.0, 0.3695652173913043, 1.4736842105263157, 0.0, 0.03571428571428571, 0.03571428571428571, 0.21428571428571427, 0.2857142857142857, 0.7666666666666667, 0.0, 0.0032804811372334607, 0.15151515151515152, 0.21212121212121213, 0.5]
switch 7 are [3.066666666666667, 0.25882352941176473, 0.7058823529411765, 0.0, 0.15625, 0.0, 0.0, 0.016129032258064516, 0.008982035928143712, 0.8333333333333334, 0.21428571428571427, 0.0, 0.3333333333333333, 0.10869565217391304, 0.016666666666666666, 0.02127659574468085]
switch 8 are [0.1956521739130435, 2.0, 0.07936507936507936, 0.015810276679841896, 0.08333333333333333, 0.17391304347826086, 0.16129032258064516, 0.4375]
switch 9 are [0.024193548387096774, 1.3333333333333333, 0.65, 1.2857142857142858, 0.017241379310344827, 0.24444444444444444, 1.0, 0.004761904761904762, 0.29411764705882354, 0.379746835443038, 0.02857142857142857, 0.5, 0.4666666666666667, 1.5833333333333333, 0.25, 0.9230769230769231]
switch 10 are [0.125, 0.09615384615384616, 0.15625, 0.023076923076923078, 0.0, 0.08823529411764706, 0.06976744186046512, 0.16129032258064516]
switch 11 are [0.5333333333333333, 1.2105263157894737, 0.25, 0.2222222222222222, 0.05555555555555555, 0.35714285714285715, 0.16981132075471697]
switch 12 are [0.6428571428571429, 0.1111111111111111, 0.75, 0.0625, 0.05555555555555555, 0.5833333333333334, 0.4166666666666667, 0.21621621621621623, 0.25806451612903225]
switch 13 are [0.0, 0.0, 0.4166666666666667, 0.2777777777777778, 0.25, 0.0, 0.11538461538461539, 0.125, 0.16666666666666666]
switch 14 are [0.4642857142857143, 0.2, 0.075, 0.03773584905660377, 0.0, 0.05555555555555555, 0.6808510638297872, 0.13333333333333333, 0.023255813953488372, 1.96, 0.0, 0.038461538461538464, 0.024054982817869417, 0.6666666666666666]
switch 15 are [0.013114754098360656, 0.0, 0.1875, 0.24242424242424243, 0.05, 0.5, 0.2, 0.02857142857142857, 0.45454545454545453, 0.05555555555555555, 0.7272727272727273, 0.0, 0.037209302325581395]
switch 16 are [0.08661417322834646, 0.16, 0.41379310344827586, 0.28, 0.07526881720430108, 0.34782608695652173, 0.16666666666666666, 0.6666666666666666, 0.6666666666666666]
switch 17 are [0.08, 0.13333333333333333, 1.5, 0.16666666666666666, 0.12162162162162163, 0.5833333333333334, 0.014705882352941176, 0.4117647058823529, 0.3333333333333333]
switch 18 are [0.16666666666666666, 2.4166666666666665, 0.0625, 0.031914893617021274, 0.3333333333333333, 0.022988505747126436, 0.20689655172413793, 0.014492753623188406, 0.5833333333333334]
switch 19 are [0.041237113402061855, 0.16666666666666666, 0.0125, 0.7619047619047619, 0.2222222222222222, 0.09016393442622951, 0.6153846153846154, 0.16666666666666666]
switch_ARE_with_trim_mean [0.13389426797677945, 0.4076481294343596, 0.1580454846079846, 0.1405451635870525, 0.28574224770053586, 0.21600562723188468, 0.20073167677513334, 0.19097558900548509, 0.3933580286687755, 0.5283647494290274, 0.08997172847369082, 0.3997988006854513, 0.3440338379854509, 0.1501661918328585, 0.19993337649671308, 0.16081097613823847, 0.31816690898193833, 0.3716398751692869, 0.4265325227457193, 0.25959324758415303]
4 base2
d: 5 w: 3 k: 5
all [408.0] 

ans 408.0 

number 1 average are:  4.60185086348545 total flow 239  


4_baseline2_switch_ 0 = 295
4_baseline2_switch_ 1 = 210
4_baseline2_switch_ 2 = 113
4_baseline2_switch_ 3 = 231
4_baseline2_switch_ 4 = 108
4_baseline2_switch_ 5 = 142
4_baseline2_switch_ 6 = 158
4_baseline2_switch_ 7 = 167
4_baseline2_switch_ 8 = 442
4_baseline2_switch_ 9 = 440
4_baseline2_switch_ 10 = 318
4_baseline2_switch_ 11 = 322
4_baseline2_switch_ 12 = 242
4_baseline2_switch_ 13 = 238
4_baseline2_switch_ 14 = 306
4_baseline2_switch_ 15 = 306
4_baseline2_switch_ 16 = 296
4_baseline2_switch_ 17 = 296
4_baseline2_switch_ 18 = 298
4_baseline2_switch_ 19 = 300
pass through [295, 210, 113, 231, 108, 142, 158, 167, 442, 440, 318, 322, 242, 238, 306, 306, 296, 296, 298, 300]
num_of_flow_store_in_switch [13, 12, 8, 8, 8, 6, 14, 13, 12, 12, 11, 9, 11, 18, 14, 17, 16, 12, 14, 11]
switch 0 are [0.68, 0.3706070287539936, 0.8106796116504854, 2.892857142857143, 3.739130434782609, 6.714285714285714, 1.8214285714285714, 1.1066666666666667, 12.133333333333333, 9.0, 14.153846153846153, 9.0, 2.283333333333333]
switch 1 are [0.7692307692307693, 3.9285714285714284, 3.392857142857143, 3.392857142857143, 1.2363636363636363, 4.571428571428571, 0.23134328358208955, 2.9, 0.8987341772151899, 5.0, 6.958333333333333, 10.538461538461538]
switch 2 are [1.1964285714285714, 0.5, 2.34375, 0.4939759036144578, 5.6875, 9.636363636363637, 6.642857142857143, 2.129032258064516]
switch 3 are [0.109375, 0.07133592736705577, 0.24666666666666667, 5.928571428571429, 1.9393939393939394, 2.03125, 5.6, 0.5806451612903226]
switch 4 are [2.7142857142857144, 3.4285714285714284, 0.8028169014084507, 3.95, 2.5357142857142856, 7.0625, 0.9682539682539683, 5.1875]
switch 5 are [0.0, 0.0, 0.014705882352941176, 0.2641509433962264, 3.7857142857142856, 0.11827956989247312]
switch 6 are [0.3799126637554585, 27.727272727272727, 0.42391304347826086, 7.368421052631579, 4.961538461538462, 0.4065573770491803, 16.555555555555557, 3.6785714285714284, 7.791666666666667, 10.722222222222221, 6.380952380952381, 3.189189189189189, 3.4285714285714284, 0.4054982817869416]
switch 7 are [8.4, 0.6235294117647059, 1.1529411764705881, 0.6129032258064516, 0.640625, 10.5, 11.2, 7.714285714285714, 2.888888888888889, 6.666666666666667, 11.545454545454545, 1.0072463768115942, 0.3395348837209302]
switch 8 are [1.5714285714285714, 4.357142857142857, 8.23076923076923, 0.05428302478820207, 7.769230769230769, 2.5294117647058822, 7.733333333333333, 12.75, 9.0, 0.7463768115942029, 3.838709677419355, 6.125]
switch 9 are [7.607142857142857, 7.607142857142857, 0.9435483870967742, 2.240740740740741, 22.333333333333332, 0.6706586826347305, 0.09185347184253691, 1.2727272727272727, 0.7233201581027668, 4.127659574468085, 1.0761904761904761, 4.0]
switch 10 are [2.5714285714285716, 2.357142857142857, 0.9259259259259259, 2.4516129032258065, 3.4761904761904763, 5.6875, 5.666666666666667, 9.266666666666667, 8.083333333333334, 3.433333333333333, 1.6037735849056605]
switch 11 are [0.5601659751037344, 3.09375, 2.3518518518518516, 3.392156862745098, 2.2325581395348837, 5.421052631578948, 6.625, 0.7701149425287356, 1.7727272727272727]
switch 12 are [1.4523809523809523, 2.6785714285714284, 7.583333333333333, 1.288888888888889, 1.8857142857142857, 1.8611111111111112, 7.583333333333333, 1.0135135135135136, 3.5384615384615383, 7.416666666666667, 5.142857142857143]
switch 13 are [5.590909090909091, 14.25, 5.392857142857143, 9.9375, 8.666666666666666, 13.583333333333334, 1.8412698412698412, 13.583333333333334, 3.8333333333333335, 1.2553191489361701, 3.4615384615384617, 11.083333333333334, 13.916666666666666, 1.244186046511628, 8.666666666666666, 7.95, 2.4523809523809526, 13.583333333333334]
switch 14 are [3.2142857142857144, 3.7142857142857144, 2.744186046511628, 3.1, 3.8666666666666667, 2.106060606060606, 5.3, 2.933333333333333, 2.395348837209302, 4.076923076923077, 2.5172413793103448, 4.739130434782608, 12.416666666666666, 5.3]
switch 15 are [3.9642857142857144, 3.9642857142857144, 8.4, 4.375, 5.142857142857143, 3.1, 6.6875, 1.9655172413793103, 1.0786516853932584, 13.333333333333334, 4.138888888888889, 2.375, 0.8278688524590164, 3.05, 2.0, 2.727272727272727, 9.25]
switch 16 are [2.8214285714285716, 5.35, 2.65625, 8.2, 8.0, 2.4722222222222223, 0.5923076923076923, 6.133333333333334, 0.5875, 4.944444444444445, 4.944444444444445, 5.882352941176471, 4.0, 9.75, 9.416666666666666, 5.142857142857143]
switch 17 are [3.066666666666667, 3.357142857142857, 4.464285714285714, 0.1488673139158576, 5.375, 9.928571428571429, 0.7401574803149606, 3.88, 21.0, 0.5698529411764706, 2.696969696969697, 1.0112359550561798]
switch 18 are [11.6875, 1.8064516129032258, 2.625, 13.5, 1.826086956521739, 0.5157232704402516, 2.9038461538461537, 5.055555555555555, 1.8762886597938144, 9.833333333333334, 4.2, 19.0, 4.117647058823529, 1.105263157894737]
switch 19 are [3.892857142857143, 4.08, 11.363636363636363, 0.23125, 2.7, 1.9206349206349207, 2.6285714285714286, 4.103448275862069, 0.7, 1.0490196078431373, 3.096774193548387]
switch_ARE_with_trim_mean [4.56197407348526, 3.3048376201857215, 3.5787384390410404, 2.0634047654111765, 3.331205287279231, 0.6971417802259877, 5.4427214240177735, 4.673371496426783, 5.19014030156242, 3.026913100624656, 3.9256646362474115, 2.913264186230058, 3.64977614977615, 7.799902581534896, 3.6584501002756986, 4.147950607624184, 5.039736247062928, 3.5089882740183973, 5.044747707389341, 2.6857006188130095]
4 base2
d: 5 w: 6 k: 5
all [342.0] 

ans 342.0 

number 1 average are:  1.1292025342196435 total flow 239  


4_baseline2_switch_ 0 = 295
4_baseline2_switch_ 1 = 210
4_baseline2_switch_ 2 = 113
4_baseline2_switch_ 3 = 231
4_baseline2_switch_ 4 = 108
4_baseline2_switch_ 5 = 142
4_baseline2_switch_ 6 = 158
4_baseline2_switch_ 7 = 167
4_baseline2_switch_ 8 = 442
4_baseline2_switch_ 9 = 440
4_baseline2_switch_ 10 = 322
4_baseline2_switch_ 11 = 318
4_baseline2_switch_ 12 = 240
4_baseline2_switch_ 13 = 240
4_baseline2_switch_ 14 = 306
4_baseline2_switch_ 15 = 306
4_baseline2_switch_ 16 = 298
4_baseline2_switch_ 17 = 298
4_baseline2_switch_ 18 = 298
4_baseline2_switch_ 19 = 296
pass through [295, 210, 113, 231, 108, 142, 158, 167, 442, 440, 322, 318, 240, 240, 306, 306, 298, 298, 298, 296]
num_of_flow_store_in_switch [12, 11, 10, 11, 12, 13, 13, 14, 14, 12, 13, 8, 9, 11, 15, 14, 11, 10, 15, 11]
switch 0 are [0.15, 0.20447284345047922, 0.0, 1.0, 0.4107142857142857, 1.0, 0.5714285714285714, 0.35, 0.1388888888888889, 2.217391304347826, 0.967741935483871, 0.5166666666666667]
switch 1 are [0.10256410256410256, 0.42857142857142855, 0.25, 0.6785714285714286, 0.2545454545454545, 0.6428571428571429, 2.066666666666667, 3.25, 1.9166666666666667, 1.7692307692307692, 2.6666666666666665]
switch 2 are [1.0178571428571428, 0.5166666666666667, 0.16182572614107885, 0.84375, 0.2037037037037037, 0.6785714285714286, 1.8125, 1.6363636363636365, 1.2142857142857142, 0.5161290322580645]
switch 3 are [0.15234375, 0.00648508430609598, 0.18666666666666668, 0.35714285714285715, 0.3181818181818182, 0.25, 0.21875, 0.28, 2.0, 0.2916666666666667, 0.10752688172043011]
switch 4 are [0.35714285714285715, 0.2857142857142857, 0.5, 0.07042253521126761, 2.4, 1.875, 0.7857142857142857, 0.39285714285714285, 2.5384615384615383, 0.0125, 2.3125, 0.6428571428571429]
switch 5 are [0.0297029702970297, 0.021367521367521368, 0.24705882352941178, 0.12264150943396226, 0.13636363636363635, 0.011904761904761904, 0.25, 0.10752688172043011, 0.13829787234042554, 0.075, 0.9523809523809523, 2.1538461538461537, 0.8928571428571429]
switch 6 are [0.008733624454148471, 3.090909090909091, 0.05434782608695652, 0.47368421052631576, 1.3846153846153846, 0.6071428571428571, 0.5357142857142857, 0.17857142857142858, 0.13333333333333333, 1.48, 0.6666666666666666, 0.40425531914893614, 2.5833333333333335]
switch 7 are [2.8, 0.11764705882352941, 0.047058823529411764, 0.2661290322580645, 1.796875, 0.21875, 3.4186046511627906, 0.06451612903225806, 0.5833333333333334, 0.12745098039215685, 2.1527777777777777, 0.12558139534883722, 1.85, 2.25]
switch 8 are [0.9821428571428571, 1.1428571428571428, 0.6666666666666666, 2.1785714285714284, 0.375, 0.5217391304347826, 2.5454545454545454, 0.007844367743959836, 0.12987012987012986, 0.023809523809523808, 6.416666666666667, 1.2666666666666666, 0.09420289855072464, 1.4375]
switch 9 are [2.3043478260869565, 1.5, 0.0967741935483871, 3.2333333333333334, 1.5333333333333334, 0.7, 0.16205533596837945, 9.153846153846153, 0.11392405063291139, 0.0, 0.36, 0.25]
switch 10 are [1.0392156862745099, 0.09302325581395349, 2.6666666666666665, 0.5625, 5.0, 1.263157894736842, 1.75, 0.8, 1.5294117647058822, 0.25287356321839083, 0.6363636363636364, 0.20224719101123595, 0.2894736842105263]
switch 11 are [0.75, 0.09375, 0.05177993527508091, 0.24074074074074073, 2.2666666666666666, 0.84, 0.6060606060606061, 0.3488372093023256]
switch 12 are [0.6071428571428571, 0.5357142857142857, 4.5, 0.7142857142857143, 0.5555555555555556, 0.06756756756756757, 0.9444444444444444, 1.75, 2.4166666666666665]
switch 13 are [0.9642857142857143, 2.125, 2.5833333333333335, 0.6349206349206349, 0.43373493975903615, 0.72, 0.8076923076923077, 1.9166666666666667, 1.4, 0.9, 1.3333333333333333]
switch 14 are [1.25, 12.5, 0.1317365269461078, 1.5, 0.375, 0.011481683980317113, 0.8666666666666667, 1.75, 3.2, 1.5454545454545454, 1.037037037037037, 4.545454545454546, 0.5833333333333334, 2.303030303030303, 0.07903780068728522]
switch 15 are [1.8928571428571428, 0.07213114754098361, 0.54, 2.375, 0.9333333333333333, 1.35, 2.28, 1.8095238095238095, 2.5555555555555554, 5.833333333333333, 0.1557377049180328, 0.4482758620689655, 1.75, 2.5833333333333335]
switch 16 are [0.3333333333333333, 0.1509433962264151, 0.6363636363636364, 0.12698412698412698, 0.10638297872340426, 0.16153846153846155, 2.6, 1.7777777777777777, 1.7777777777777777, 0.051470588235294115, 0.9354838709677419]
switch 17 are [0.3055555555555556, 0.5555555555555556, 0.9375, 0.08661417322834646, 0.07216494845360824, 0.32558139534883723, 4.75, 0.8846153846153846, 1.5625, 0.4716981132075472]
switch 18 are [1.875, 1.4285714285714286, 1.1538461538461537, 0.34831460674157305, 0.7333333333333333, 1.2941176470588236, 3.9166666666666665, 0.9166666666666666, 1.625, 0.8888888888888888, 0.8260869565217391, 0.37681159420289856, 0.7941176470588235, 0.6216216216216216, 0.6857142857142857]
switch 19 are [0.2903225806451613, 0.12313432835820895, 3.3846153846153846, 0.8620689655172413, 0.2, 3.25, 0.2857142857142857, 0.6206896551724138, 3.75, 0.5769230769230769, 0.7380952380952381]
switch_ARE_with_trim_mean [0.5309913191632762, 1.185975135975136, 0.8284159155882946, 0.24025318226427098, 0.9622208249496982, 0.27029066457186474, 0.7728786041035907, 1.0294217255804965, 0.947040082502039, 1.0253768072903302, 0.9992645533806992, 0.6497293947556775, 1.3434863434863433, 1.2002109618776284, 1.4743654429699866, 1.5561347284658475, 0.667398373299186, 0.6412025221889034, 1.0169058633449741, 1.1342699096314224]
4 base2
d: 5 w: 9 k: 5
all [64.0] 

ans 64.0 

number 1 average are:  0.3941152708224017 total flow 239  


4_baseline2_switch_ 0 = 295
4_baseline2_switch_ 1 = 210
4_baseline2_switch_ 2 = 113
4_baseline2_switch_ 3 = 231
4_baseline2_switch_ 4 = 108
4_baseline2_switch_ 5 = 142
4_baseline2_switch_ 6 = 158
4_baseline2_switch_ 7 = 167
4_baseline2_switch_ 8 = 442
4_baseline2_switch_ 9 = 440
4_baseline2_switch_ 10 = 320
4_baseline2_switch_ 11 = 320
4_baseline2_switch_ 12 = 240
4_baseline2_switch_ 13 = 240
4_baseline2_switch_ 14 = 306
4_baseline2_switch_ 15 = 306
4_baseline2_switch_ 16 = 300
4_baseline2_switch_ 17 = 296
4_baseline2_switch_ 18 = 298
4_baseline2_switch_ 19 = 296
pass through [295, 210, 113, 231, 108, 142, 158, 167, 442, 440, 320, 320, 240, 240, 306, 306, 300, 296, 298, 296]
num_of_flow_store_in_switch [15, 17, 7, 13, 13, 14, 16, 19, 11, 13, 10, 9, 11, 6, 13, 13, 6, 11, 13, 9]
switch 0 are [0.175, 0.003194888178913738, 0.0048543689320388345, 0.0, 0.043478260869565216, 0.0, 0.0, 0.0, 0.35714285714285715, 1.9333333333333333, 0.03571428571428571, 0.0, 0.06666666666666667, 0.13793103448275862, 0.09523809523809523]
switch 1 are [0.1282051282051282, 0.6071428571428571, 0.5, 0.07142857142857142, 0.0, 0.39285714285714285, 0.0, 0.3225806451612903, 0.75, 1.1538461538461537, 0.008785691873235017, 0.019762845849802372, 0.0379746835443038, 0.30434782608695654, 1.6666666666666667, 1.3333333333333333, 0.5384615384615384]
switch 2 are [0.21428571428571427, 0.03333333333333333, 0.024896265560165973, 0.25, 0.027777777777777776, 0.0, 0.2727272727272727]
switch 3 are [0.0, 0.0, 0.0, 0.03571428571428571, 0.0, 0.0, 0.0, 1.0, 0.21875, 0.04, 0.11627906976744186, 0.019230769230769232, 0.06666666666666667]
switch 4 are [1.0, 0.5714285714285714, 0.4166666666666667, 0.22535211267605634, 0.95, 0.1875, 0.5714285714285714, 0.0, 0.15384615384615385, 0.03125, 0.375, 0.015873015873015872, 0.5]
switch 5 are [0.007425742574257425, 0.0, 0.0029411764705882353, 0.2641509433962264, 0.36363636363636365, 0.0, 0.5357142857142857, 0.0, 0.08333333333333333, 0.45714285714285713, 0.06349206349206349, 0.11538461538461539, 0.38095238095238093, 0.5]
switch 6 are [0.2052401746724891, 1.0, 0.0, 1.1578947368421053, 0.038461538461538464, 1.3928571428571428, 0.07142857142857142, 0.0, 0.8928571428571429, 0.0, 0.03571428571428571, 0.0, 0.019672131147540985, 0.0, 0.0, 0.16666666666666666]
switch 7 are [6.266666666666667, 0.011764705882352941, 0.0, 0.18548387096774194, 0.421875, 0.03125, 2.4651162790697674, 0.20967741935483872, 0.6666666666666666, 0.34, 0.125, 0.0, 0.0, 1.5714285714285714, 0.1595744680851064, 1.1470588235294117, 0.6666666666666666, 0.06976744186046512, 0.25]
switch 8 are [0.08928571428571429, 0.0, 0.3, 0.43478260869565216, 1.3636363636363635, 0.05844155844155844, 0.0380952380952381, 0.6666666666666666, 0.24, 0.7333333333333333, 0.625]
switch 9 are [0.12096774193548387, 0.05, 0.0708955223880597, 1.5714285714285714, 0.13333333333333333, 0.0, 0.5384615384615384, 0.08823529411764706, 2.5833333333333335, 0.0, 0.16494845360824742, 2.0, 0.5]
switch 10 are [0.09523809523809523, 0.0, 0.09803921568627451, 0.3333333333333333, 0.0, 0.015384615384615385, 0.2631578947368421, 0.012048192771084338, 0.25806451612903225, 0.0898876404494382]
switch 11 are [0.019417475728155338, 0.1111111111111111, 0.35294117647058826, 0.10344827586206896, 0.9696969696969697, 0.11363636363636363, 0.11666666666666667, 0.2857142857142857, 0.20754716981132076]
switch 12 are [0.25, 0.0, 0.5833333333333334, 0.8333333333333334, 0.33783783783783783, 0.7142857142857143, 1.0, 0.11538461538461539, 0.4, 0.2, 0.4]
switch 13 are [0.125, 0.1111111111111111, 1.0833333333333333, 0.010752688172043012, 0.09574468085106383, 0.09302325581395349]
switch 14 are [0.014970059880239521, 0.5, 0.004920721705850191, 0.23333333333333334, 0.10112359550561797, 0.0, 0.46808510638297873, 0.9629629629629629, 0.3333333333333333, 0.1111111111111111, 0.19230769230769232, 0.030303030303030304, 0.5833333333333334]
switch 15 are [0.03571428571428571, 0.10606060606060606, 0.3333333333333333, 0.8333333333333334, 0.08333333333333333, 0.3333333333333333, 0.09803921568627451, 2.1818181818181817, 0.6666666666666666, 0.5217391304347826, 0.08695652173913043, 0.5333333333333333, 0.030927835051546393]
switch 16 are [0.9333333333333333, 1.6666666666666667, 0.1625, 0.04, 1.1538461538461537, 0.8333333333333334]
switch 17 are [0.48, 0.0, 0.0, 2.0625, 4.0, 0.25, 0.3225806451612903, 0.13793103448275862, 0.15217391304347827, 1.0, 0.11403508771929824]
switch 18 are [0.6666666666666666, 0.02857142857142857, 1.8181818181818181, 0.20833333333333334, 1.4444444444444444, 0.2777777777777778, 0.16666666666666666, 0.014705882352941176, 0.0, 0.25, 0.08108108108108109, 1.0, 0.2903225806451613]
switch 19 are [0.1968503937007874, 0.13333333333333333, 0.6875, 0.0, 0.4, 0.075, 0.12295081967213115, 0.8333333333333334, 0.2903225806451613]
switch_ARE_with_trim_mean [0.07070926594039856, 0.4112484278526875, 0.11757433766918059, 0.04514916285265122, 0.36348591744718506, 0.18653828969855715, 0.25628108912788145, 0.4894899949124465, 0.35395612439090696, 0.4762064050248073, 0.10397752129942274, 0.25335327718861445, 0.42601942601942605, 0.25316084488025076, 0.2338928470178655, 0.3301675539062194, 0.7982799145299145, 0.502135631156314, 0.4025972601399546, 0.30436560674274965]
4 base2
d: 6 w: 9 k: 5
all [47.0] 

ans 47.0 

number 1 average are:  0.3100100407688907 total flow 239  


4_baseline2_switch_ 0 = 295
4_baseline2_switch_ 1 = 210
4_baseline2_switch_ 2 = 113
4_baseline2_switch_ 3 = 231
4_baseline2_switch_ 4 = 108
4_baseline2_switch_ 5 = 142
4_baseline2_switch_ 6 = 158
4_baseline2_switch_ 7 = 167
4_baseline2_switch_ 8 = 442
4_baseline2_switch_ 9 = 440
4_baseline2_switch_ 10 = 320
4_baseline2_switch_ 11 = 320
4_baseline2_switch_ 12 = 242
4_baseline2_switch_ 13 = 238
4_baseline2_switch_ 14 = 306
4_baseline2_switch_ 15 = 306
4_baseline2_switch_ 16 = 298
4_baseline2_switch_ 17 = 298
4_baseline2_switch_ 18 = 298
4_baseline2_switch_ 19 = 296
pass through [295, 210, 113, 231, 108, 142, 158, 167, 442, 440, 320, 320, 242, 238, 306, 306, 298, 298, 298, 296]
num_of_flow_store_in_switch [18, 14, 10, 17, 12, 11, 16, 15, 12, 16, 7, 7, 12, 13, 14, 12, 6, 9, 12, 6]
switch 0 are [0.045, 0.13099041533546327, 0.038834951456310676, 1.0357142857142858, 1.4782608695652173, 0.21428571428571427, 0.19642857142857142, 0.10714285714285714, 0.0, 1.4285714285714286, 0.03225806451612903, 0.3, 0.1, 0.5714285714285714, 0.0, 0.08695652173913043, 0.38461538461538464, 0.5]
switch 1 are [0.24358974358974358, 0.21428571428571427, 0.0, 0.21428571428571427, 0.14545454545454545, 1.5714285714285714, 0.17857142857142858, 0.06451612903225806, 0.75, 0.09328358208955224, 0.6923076923076923, 0.0025101976780671476, 0.16666666666666666, 0.17391304347826086]
switch 2 are [0.0, 0.18333333333333332, 0.03734439834024896, 0.0, 0.1111111111111111, 0.10714285714285714, 0.032362459546925564, 0.1686746987951807, 0.5714285714285714, 0.16129032258064516]
switch 3 are [0.22265625, 0.057068741893644616, 0.16666666666666666, 0.21428571428571427, 0.015151515151515152, 1.9285714285714286, 0.07142857142857142, 2.28125, 1.65625, 0.04, 0.0, 0.0, 0.11764705882352941, 0.9069767441860465, 0.038461538461538464, 0.0, 0.1935483870967742]
switch 4 are [0.0, 0.6428571428571429, 0.3333333333333333, 0.028169014084507043, 0.0, 0.125, 0.07142857142857142, 0.6071428571428571, 0.06875, 0.0625, 0.0625, 0.3333333333333333]
switch 5 are [0.0024752475247524753, 0.05982905982905983, 0.03529411764705882, 0.009433962264150943, 0.18181818181818182, 0.03571428571428571, 0.05357142857142857, 1.25, 0.36, 0.6153846153846154, 0.2857142857142857]
switch 6 are [0.004366812227074236, 0.0, 0.0, 3.3157894736842106, 0.23076923076923078, 0.2857142857142857, 0.0, 0.03571428571428571, 0.0, 0.23333333333333334, 0.0, 0.09508196721311475, 0.65, 0.027777777777777776, 0.11627906976744186, 0.041237113402061855]
switch 7 are [0.5333333333333333, 0.0, 0.023529411764705882, 0.12903225806451613, 0.109375, 0.21875, 0.023255813953488372, 0.5161290322580645, 0.02694610778443114, 0.5833333333333334, 1.9375, 0.06666666666666667, 0.015151515151515152, 0.011235955056179775, 0.15]
switch 8 are [0.125, 0.9090909090909091, 0.09523809523809523, 0.12337662337662338, 0.03333333333333333, 0.06666666666666667, 0.07874015748031496, 0.11827956989247312, 0.3333333333333333, 0.9166666666666666, 0.09420289855072464, 0.06666666666666667]
switch 9 are [1.0666666666666667, 0.7, 0.6428571428571429, 0.13793103448275862, 0.4888888888888889, 0.4666666666666667, 0.13438735177865613, 0.0, 0.5571428571428572, 0.08695652173913043, 0.4583333333333333, 0.4, 0.06557377049180328, 1.3076923076923077, 0.8461538461538461, 0.41935483870967744]
switch 10 are [0.0, 1.0, 0.5263157894736842, 0.0625, 0.0, 0.23529411764705882, 0.36363636363636365]
switch 11 are [0.2, 0.05384615384615385, 0.52, 0.022988505747126436, 0.09090909090909091, 0.09090909090909091, 0.02631578947368421]
switch 12 are [0.11904761904761904, 0.2857142857142857, 0.07142857142857142, 0.5833333333333334, 0.8571428571428571, 0.047619047619047616, 0.1111111111111111, 0.1891891891891892, 0.8461538461538461, 0.4166666666666667, 0.17142857142857143, 0.42857142857142855]
switch 13 are [1.9230769230769231, 0.25, 0.25, 0.08333333333333333, 0.08333333333333333, 0.014336917562724014, 0.1276595744680851, 0.39285714285714285, 0.0, 0.2857142857142857, 0.15384615384615385, 0.0, 0.25]
switch 14 are [0.5714285714285714, 1.0714285714285714, 0.004920721705850191, 0.012578616352201259, 0.0, 0.12, 0.16666666666666666, 0.1276595744680851, 0.0, 0.25, 0.11764705882352941, 0.037209302325581395, 0.5833333333333334, 0.4166666666666667]
switch 15 are [0.25, 0.14, 0.1, 0.3333333333333333, 0.5333333333333333, 0.0, 0.8333333333333334, 0.5454545454545454, 0.051470588235294115, 0.08695652173913043, 0.5, 0.5]
switch 16 are [0.010309278350515464, 0.034482758620689655, 0.6875, 0.05555555555555555, 0.125, 0.3333333333333333]
switch 17 are [0.1388888888888889, 0.4375, 0.2, 0.0, 0.07407407407407407, 0.16666666666666666, 0.16666666666666666, 0.09302325581395349, 0.3333333333333333]
switch 18 are [0.16666666666666666, 2.4, 2.2, 0.0, 0.06666666666666667, 0.0125, 0.0375, 0.10784313725490197, 0.05555555555555555, 0.20689655172413793, 0.06741573033707865, 0.1320754716981132]
switch 19 are [0.4117647058823529, 0.0, 0.36363636363636365, 0.375, 0.16666666666666666, 0.19047619047619047]
switch_ARE_with_trim_mean [0.3232641728896154, 0.24494870478663697, 0.10015739760628775, 0.3752475077710286, 0.1692157109322602, 0.1818622152158963, 0.12287670542275755, 0.185133725182018, 0.20105949202958068, 0.4622080656365305, 0.31253518153672954, 0.14356694726930663, 0.32226446226446226, 0.1719164310104598, 0.20067587598087377, 0.30405483220956364, 0.20769682097668232, 0.17890587616039813, 0.30531197799031207, 0.2512573211102623]
