4 algo
d: 5 w: 3 k: 1
all [29.666666666666668] 

ans 29.666666666666668 

number 1 average are:  8.181681607390152 total flow 225  
number 2 average are:  10.621212121212121 total flow 2  


2-1 [188.63636363636363, 36.333333333333336, 29.75]
2-2 [18.90909090909091, 2.3333333333333335, 29.666666666666668]
3-1 []
3-2 []
3-3 []
4_algo_switch_ 0 = 398
4_algo_switch_ 1 = 384
4_algo_switch_ 2 = 326
4_algo_switch_ 3 = 316
4_algo_switch_ 4 = 0
4_algo_switch_ 5 = 0
4_algo_switch_ 6 = 0
4_algo_switch_ 7 = 0
4_algo_switch_ 8 = 636
4_algo_switch_ 9 = 634
4_algo_switch_ 10 = 564
4_algo_switch_ 11 = 566
4_algo_switch_ 12 = 0
4_algo_switch_ 13 = 0
4_algo_switch_ 14 = 0
4_algo_switch_ 15 = 0
4_algo_switch_ 16 = 244
4_algo_switch_ 17 = 244
4_algo_switch_ 18 = 244
4_algo_switch_ 19 = 244
[398, 384, 326, 316, 0, 0, 0, 0, 636, 634, 564, 566, 0, 0, 0, 0, 244, 244, 244, 244]
num_of_flow_in_switch [18, 16, 16, 26, 0, 0, 0, 0, 15, 22, 21, 25, 0, 0, 0, 0, 19, 23, 21, 20]
switch 0 are [0.5, 0.5029411764705882, 14.821428571428571, 14.789473684210526, 8.375, 0.4336569579288026, 9.580645161290322, 26.875, 29.666666666666668, 26.333333333333332, 17.22222222222222, 17.25, 17.75, 2.3302325581395347, 1.402061855670103, 2.813953488372093, 15.4, 22.428571428571427]
switch 1 are [0.5047923322683706, 0.48514851485148514, 0.8376068376068376, 5.357142857142857, 0.3761348897535668, 1.7416666666666667, 14.5, 6.75, 26.384615384615383, 19.666666666666668, 2.875, 17.27777777777778, 2.3333333333333335, 11.275862068965518, 10.483870967741936, 8.238095238095237]
switch 2 are [2.0859375, 1.4104803493449782, 3.0543478260869565, 17.8, 9.071428571428571, 3.023529411764706, 1.7580645161290323, 3.5483870967741935, 4.222222222222222, 0.41106719367588934, 8.553191489361701, 8.852941176470589, 0.23161764705882354, 7.294117647058823, 6.621621621621622, 7.057142857142857]
switch 3 are [4.538461538461538, 25.272727272727273, 14.428571428571429, 4.2727272727272725, 3.0941176470588236, 11.821428571428571, 11.066666666666666, 7.78125, 11.821428571428571, 0.5538922155688623, 7.975, 24.545454545454547, 16.5625, 0.14051394204483325, 7.3076923076923075, 0.8246753246753247, 8.972222222222221, 4.523809523809524, 14.6, 7.257142857142857, 10.24, 17.733333333333334, 18.90909090909091, 3.013888888888889, 25.272727272727273, 3.816666666666667]
switch 4 are []
switch 5 are []
switch 6 are []
switch 7 are []
switch 8 are [1.4622641509433962, 9.538461538461538, 11.454545454545455, 9.357142857142858, 8.857142857142858, 0.6944444444444444, 4.069767441860465, 2.28, 13.533333333333333, 1.9148936170212767, 13.470588235294118, 22.0, 6.956521739130435, 1.2971014492753623, 22.0]
switch 9 are [1.1067961165048543, 1.4866666666666666, 8.321428571428571, 9.391304347826088, 18.916666666666668, 2.3661971830985915, 7.607142857142857, 2.4074074074074074, 8.321428571428571, 17.642857142857142, 29.666666666666668, 19.083333333333332, 9.666666666666666, 18.916666666666668, 7.241379310344827, 2.6125, 12.38888888888889, 9.666666666666666, 10.115384615384615, 15.066666666666666, 20.90909090909091, 11.19047619047619]
switch 10 are [3.5714285714285716, 3.892857142857143, 15.714285714285714, 17.9375, 8.785714285714286, 17.285714285714285, 3.3492063492063493, 6.711111111111111, 21.833333333333332, 3.734375, 14.75, 2.577319587628866, 0.5878136200716846, 17.9375, 8.583333333333334, 2.764705882352941, 1.4836065573770492, 24.916666666666668, 2.3085106382978724, 7.303030303030303, 21.833333333333332]
switch 11 are [2.734375, 7.321428571428571, 6.821428571428571, 7.571428571428571, 8.821428571428571, 3.38, 4.558139534883721, 17.46153846153846, 12.6875, 17.25, 0.5571428571428572, 9.434782608695652, 14.533333333333333, 18.416666666666668, 4.5813953488372094, 18.90909090909091, 9.52, 17.25, 6.3, 9.428571428571429, 19.0, 5.545454545454546, 19.0, 18.416666666666668, 4.188679245283019]
switch 12 are []
switch 13 are []
switch 14 are []
switch 15 are []
switch 16 are [7.107142857142857, 10.214285714285714, 6.8, 7.107142857142857, 0.7164179104477612, 3.450980392156863, 3.3333333333333335, 16.5625, 1.3846153846153846, 9.4, 17.842105263157894, 1.4939759036144578, 10.708333333333334, 3.2432432432432434, 7.666666666666667, 11.61111111111111, 16.46153846153846, 8.393939393939394, 4.233333333333333]
switch 17 are [5.258064516129032, 11.678571428571429, 3.3214285714285716, 11.1, 3.857142857142857, 7.642857142857143, 11.52, 1.0360655737704918, 18.428571428571427, 0.08942579228114214, 0.9685534591194969, 3.913793103448276, 12.6, 3.9285714285714284, 14.125, 10.523809523809524, 19.166666666666668, 2.3333333333333335, 8.307692307692308, 7.774193548387097, 17.615384615384617, 28.583333333333332, 2.026315789473684]
switch 18 are [6.142857142857143, 0.8464730290456431, 8.733333333333333, 4.84375, 9.428571428571429, 11.964285714285714, 5.833333333333333, 3.0652173913043477, 10.6875, 2.0303030303030303, 9.371428571428572, 1.9682539682539681, 3.5949367088607596, 1.2992125984251968, 15.666666666666666, 16.083333333333332, 6.407407407407407, 6.884615384615385, 0.7536231884057971, 19.166666666666668, 9.0]
switch 19 are [6.0, 2.9454545454545453, 7.4375, 6.0, 8.642857142857142, 12.066666666666666, 15.692307692307692, 10.083333333333334, 0.775, 7.866666666666666, 1.9887640449438202, 5.533333333333333, 13.466666666666667, 2.057471264367816, 9.8, 17.083333333333332, 12.5625, 2.1123595505617976, 6.75, 7.709677419354839]
switch_are_with_trim_mean [12.398428967481795, 7.309068804365478, 4.783177105648725, 9.777551285241794, nan, nan, nan, nan, 8.168597128780853, 10.606836764052801, 9.355289737546713, 10.590358715939804, nan, nan, nan, nan, 7.598361293262178, 8.262673429924801, 6.877745451743899, 7.564655411828926]
4 algo
d: 5 w: 6 k: 1
all [7.923076923076923] 

ans 7.923076923076923 

number 1 average are:  2.557133175557328 total flow 218  
number 2 average are:  5.078186628186628 total flow 9  


2-1 [23.416666666666668, 20.0625, 18.8, 13.05, 13.0, 12.454545454545455, 12.454545454545455, 11.357142857142858, 10.75, 9.3125, 8.366666666666667, 8.916666666666666, 8.235294117647058, 8.153846153846153]
2-2 [6.666666666666667, 4.375, 5.866666666666666, 4.05, 7.2727272727272725, 6.2727272727272725, 7.909090909090909, 5.214285714285714, 7.833333333333333, 4.875, 2.966666666666667, 5.416666666666667, 7.411764705882353, 7.923076923076923]
3-1 []
3-2 []
3-3 []
4_algo_switch_ 0 = 398
4_algo_switch_ 1 = 384
4_algo_switch_ 2 = 326
4_algo_switch_ 3 = 316
4_algo_switch_ 4 = 0
4_algo_switch_ 5 = 0
4_algo_switch_ 6 = 0
4_algo_switch_ 7 = 0
4_algo_switch_ 8 = 636
4_algo_switch_ 9 = 634
4_algo_switch_ 10 = 564
4_algo_switch_ 11 = 566
4_algo_switch_ 12 = 0
4_algo_switch_ 13 = 0
4_algo_switch_ 14 = 0
4_algo_switch_ 15 = 0
4_algo_switch_ 16 = 246
4_algo_switch_ 17 = 242
4_algo_switch_ 18 = 244
4_algo_switch_ 19 = 244
[398, 384, 326, 316, 0, 0, 0, 0, 636, 634, 564, 566, 0, 0, 0, 0, 246, 242, 244, 244]
num_of_flow_in_switch [21, 18, 16, 23, 0, 0, 0, 0, 23, 28, 26, 24, 0, 0, 0, 0, 18, 19, 20, 17]
switch 0 are [0.215, 0.23823529411764705, 2.4285714285714284, 5.947368421052632, 2.2142857142857144, 2.923076923076923, 3.272727272727273, 3.25, 3.967741935483871, 4.875, 6.4, 6.083333333333333, 6.944444444444445, 7.411764705882353, 6.083333333333333, 2.7586206896551726, 2.9130434782608696, 0.25773195876288657, 7.545454545454546, 6.928571428571429, 3.6666666666666665]
switch 1 are [0.0, 0.3935643564356436, 0.029914529914529916, 1.2142857142857142, 0.30833333333333335, 0.14, 2.608695652173913, 2.107142857142857, 2.107142857142857, 6.076923076923077, 5.214285714285714, 6.666666666666667, 6.666666666666667, 1.103448275862069, 3.0, 7.5, 3.3870967741935485, 2.380952380952381]
switch 2 are [0.16015625, 0.06986899563318777, 0.08695652173913043, 5.866666666666666, 2.5, 2.635294117647059, 0.75, 0.59375, 2.16, 1.3461538461538463, 0.28095238095238095, 1.8823529411764706, 7.909090909090909, 0.28688524590163933, 3.2, 7.166666666666667]
switch 3 are [1.5512820512820513, 6.2727272727272725, 2.4285714285714284, 0.5909090909090909, 0.5294117647058824, 4.035714285714286, 3.142857142857143, 0.46407185628742514, 0.2413793103448276, 7.75, 2.8503937007874014, 5.12, 5.64, 7.909090909090909, 7.8125, 0.7156862745098039, 0.11397058823529412, 1.35, 2.515151515151515, 7.923076923076923, 7.75, 0.6629213483146067, 7.833333333333333]
switch 4 are []
switch 5 are []
switch 6 are []
switch 7 are []
switch 8 are [0.18417639429312582, 0.6981132075471698, 0.8387096774193549, 2.607142857142857, 2.982142857142857, 4.05, 1.2407407407407407, 0.18770226537216828, 4.32, 4.875, 6.625, 5.65, 6.769230769230769, 1.0634920634920635, 6.0, 0.46987951807228917, 2.611111111111111, 1.7127659574468086, 6.388888888888889, 7.411764705882353, 1.2166666666666666, 1.6216216216216217, 0.8255813953488372]
switch 9 are [0.8203883495145631, 4.916666666666667, 0.5352112676056338, 2.107142857142857, 2.7857142857142856, 1.709090909090909, 0.9004149377593361, 0.9444444444444444, 7.0, 4.3, 3.65625, 5.214285714285714, 7.2727272727272725, 6.0, 6.666666666666667, 0.9620253164556962, 5.782608695652174, 6.166666666666667, 6.583333333333333, 6.583333333333333, 0.9375, 5.222222222222222, 4.0, 2.5, 4.916666666666667, 4.375, 0.3627906976744186, 2.6129032258064515]
switch 10 are [5.866666666666666, 1.3928571428571428, 2.75, 5.625, 2.966666666666667, 2.65625, 3.1785714285714284, 2.7857142857142856, 7.190476190476191, 1.5555555555555556, 1.126984126984127, 0.20553359683794467, 1.9166666666666667, 0.9333333333333333, 4.375, 5.742857142857143, 0.2078853046594982, 6.3125, 0.8648648648648649, 7.583333333333333, 4.888888888888889, 5.416666666666667, 0.8617021276595744, 7.923076923076923, 7.833333333333333, 4.3]
switch 11 are [6.2727272727272725, 1.25, 2.0, 2.2857142857142856, 2.3214285714285716, 2.0, 2.0357142857142856, 0.6854838709677419, 1.9375, 0.5161290322580645, 2.3214285714285716, 1.9642857142857142, 1.35, 0.9302325581395349, 1.6382978723404256, 2.8333333333333335, 5.266666666666667, 4.333333333333333, 1.9069767441860466, 5.916666666666667, 2.4814814814814814, 1.4027777777777777, 4.333333333333333, 7.916666666666667]
switch 12 are []
switch 13 are []
switch 14 are []
switch 15 are []
switch 16 are [4.428571428571429, 1.6428571428571428, 0.7906976744186046, 0.22014925373134328, 0.6078431372549019, 1.25, 1.288888888888889, 0.7402597402597403, 1.0555555555555556, 4.375, 0.27692307692307694, 1.4536082474226804, 5.0, 5.041666666666667, 0.4625, 2.25, 5.416666666666667, 6.0]
switch 17 are [2.9642857142857144, 4.05, 2.966666666666667, 0.625, 2.5714285714285716, 0.1540983606557377, 5.071428571428571, 0.022905553812362724, 0.2893081761006289, 1.46875, 2.1285714285714286, 3.761904761904762, 0.45161290322580644, 2.8461538461538463, 0.4927536231884058, 0.5454545454545454, 1.7419354838709677, 0.20175438596491227, 6.583333333333333]
switch 18 are [0.5333333333333333, 2.0357142857142856, 1.0333333333333334, 1.065217391304348, 6.769230769230769, 0.06014215418261345, 6.916666666666667, 0.5909090909090909, 1.2285714285714286, 1.9722222222222223, 1.253968253968254, 5.083333333333333, 3.5517241379310347, 4.277777777777778, 3.8095238095238093, 0.12318840579710146, 1.2045454545454546, 5.083333333333333, 2.65, 1.471698113207547]
switch 19 are [2.75, 1.7083333333333333, 7.2727272727272725, 0.13125, 3.5, 1.7, 0.6629213483146067, 0.8666666666666667, 4.533333333333333, 4.4, 2.92, 1.4333333333333333, 7.0, 2.32, 2.3846153846153846, 5.083333333333333, 0.9285714285714286]
switch_are_with_trim_mean [4.171442178130939, 2.7128199284986856, 2.0654167597788473, 3.632396371850065, nan, nan, nan, nan, 2.9366766611916457, 3.7776385121425826, 3.6495706858073875, 2.5254585597915016, nan, nan, nan, nan, 2.255064889092835, 1.9018298258176802, 2.3028253311880365, 2.812740544100095]
4 algo
d: 5 w: 9 k: 1
all [3.8333333333333335] 

ans 3.8333333333333335 

number 1 average are:  0.9214777459830384 total flow 222  
number 2 average are:  1.6244155844155845 total flow 5  


2-1 [12.916666666666666, 5.333333333333333, 5.25, 5.0, 4.714285714285714, 4.6875, 4.55, 4.090909090909091, 3.9166666666666665]
2-2 [3.8333333333333335, 3.0833333333333335, 1.35, 3.8333333333333335, 1.7857142857142858, 2.0, 1.35, 1.6363636363636365, 3.75]
3-1 []
3-2 []
3-3 []
4_algo_switch_ 0 = 398
4_algo_switch_ 1 = 384
4_algo_switch_ 2 = 326
4_algo_switch_ 3 = 316
4_algo_switch_ 4 = 0
4_algo_switch_ 5 = 0
4_algo_switch_ 6 = 0
4_algo_switch_ 7 = 0
4_algo_switch_ 8 = 636
4_algo_switch_ 9 = 634
4_algo_switch_ 10 = 566
4_algo_switch_ 11 = 564
4_algo_switch_ 12 = 0
4_algo_switch_ 13 = 0
4_algo_switch_ 14 = 0
4_algo_switch_ 15 = 0
4_algo_switch_ 16 = 246
4_algo_switch_ 17 = 242
4_algo_switch_ 18 = 246
4_algo_switch_ 19 = 242
[398, 384, 326, 316, 0, 0, 0, 0, 636, 634, 566, 564, 0, 0, 0, 0, 246, 242, 246, 242]
num_of_flow_in_switch [21, 20, 17, 28, 0, 0, 0, 0, 18, 18, 26, 22, 0, 0, 0, 0, 20, 21, 20, 17]
switch 0 are [0.08, 0.07647058823529412, 1.4285714285714286, 0.631578947368421, 0.6785714285714286, 1.5769230769230769, 2.0454545454545454, 0.6785714285714286, 0.05394190871369295, 0.6785714285714286, 0.46511627906976744, 0.6071428571428571, 0.6774193548387096, 0.7666666666666667, 0.391304347826087, 2.9166666666666665, 3.0833333333333335, 1.8235294117647058, 0.7241379310344828, 1.6666666666666667, 1.1612903225806452]
switch 1 are [0.06389776357827476, 0.019801980198019802, 0.08547008547008547, 0.014563106796116505, 0.32142857142857145, 0.01556420233463035, 0.008333333333333333, 0.7066666666666667, 0.16037735849056603, 1.3043478260869565, 1.6666666666666667, 0.04225352112676056, 1.1071428571428572, 0.75, 0.7142857142857143, 0.9642857142857143, 0.7857142857142857, 2.933333333333333, 3.0833333333333335, 1.1290322580645162]
switch 2 are [0.1484375, 0.06986899563318777, 0.29347826086956524, 1.2, 0.07058823529411765, 0.11904761904761904, 2.8214285714285716, 1.8214285714285714, 0.14285714285714285, 1.35, 0.125, 2.0, 3.8333333333333335, 0.19444444444444445, 0.4666666666666667, 0.43243243243243246, 2.9166666666666665]
switch 3 are [0.5897435897435898, 3.5454545454545454, 1.5, 0.6212121212121212, 0.5529411764705883, 0.6785714285714286, 0.39285714285714285, 1.0, 1.0, 2.0, 1.0, 3.25, 1.6363636363636365, 0.15517241379310345, 0.49206349206349204, 1.6666666666666667, 0.6170212765957447, 1.3529411764705883, 2.1333333333333333, 0.84, 2.0, 3.8333333333333335, 2.3333333333333335, 0.16911764705882354, 0.25806451612903225, 3.1666666666666665, 1.5, 0.2247191011235955]
switch 4 are []
switch 5 are []
switch 6 are []
switch 7 are []
switch 8 are [0.12903225806451613, 0.7142857142857143, 1.4, 0.09259259259259259, 0.6785714285714286, 1.08, 2.0, 0.23880597014925373, 2.25, 0.3, 2.8461538461538463, 0.3923076923076923, 0.1003584229390681, 2.125, 0.5652173913043478, 1.875, 0.10996563573883161, 1.35]
switch 9 are [0.4909090909090909, 1.2, 0.2222222222222222, 0.8214285714285714, 1.4, 1.0, 1.78125, 2.923076923076923, 3.357142857142857, 1.8333333333333333, 2.0833333333333335, 2.0, 1.3333333333333333, 0.1956521739130435, 2.25, 0.6363636363636364, 3.25, 0.14883720930232558]
switch 10 are [1.6071428571428572, 1.2857142857142858, 0.78125, 0.8035714285714286, 2.5238095238095237, 0.7777777777777778, 0.10778443113772455, 0.803921568627451, 1.7857142857142858, 1.35, 1.0555555555555556, 0.9375, 2.0526315789473686, 2.0, 0.16, 0.5, 0.7647058823529411, 3.3333333333333335, 3.75, 0.20491803278688525, 3.8333333333333335, 0.8297872340425532, 1.2121212121212122, 0.6129032258064516, 0.6166666666666667, 2.5]
switch 11 are [1.5357142857142858, 0.734375, 2.2857142857142856, 1.4642857142857142, 0.6071428571428571, 0.4435483870967742, 0.3548387096774194, 0.7142857142857143, 0.5357142857142857, 0.725, 0.96, 0.23255813953488372, 1.5625, 0.021323127392017496, 0.16666666666666666, 2.9166666666666665, 1.5576923076923077, 0.2, 0.28346456692913385, 1.7222222222222223, 2.7333333333333334, 3.6666666666666665]
switch 12 are []
switch 13 are []
switch 14 are []
switch 15 are []
switch 16 are [1.7857142857142858, 0.6888888888888889, 0.22077922077922077, 0.043478260869565216, 0.2777777777777778, 0.25333333333333335, 0.9072164948453608, 2.8, 0.8192771084337349, 0.4166666666666667, 0.7777777777777778, 0.20270270270270271, 0.8333333333333334, 1.0357142857142858, 1.2777777777777777, 2.25, 1.4615384615384615, 0.3953488372093023, 1.35, 0.4523809523809524]
switch 17 are [0.012944983818770227, 0.21311475409836064, 0.0028239723878255413, 0.06918238993710692, 1.35, 0.171875, 0.49206349206349204, 0.6571428571428571, 0.9142857142857143, 0.32978723404255317, 0.8095238095238095, 3.75, 0.11538461538461539, 3.8333333333333335, 0.21014492753623187, 0.7878787878787878, 0.4411764705882353, 1.1538461538461537, 1.1666666666666667, 0.20175438596491227, 2.1666666666666665]
switch 18 are [1.6363636363636365, 1.4375, 1.9230769230769231, 0.24242424242424243, 1.6944444444444444, 0.12380952380952381, 0.14285714285714285, 0.26582278481012656, 0.375, 1.6, 1.4166666666666667, 1.5333333333333334, 0.06976744186046512, 2.8333333333333335, 0.4827586206896552, 0.1, 0.5555555555555556, 2.576923076923077, 1.1904761904761905, 0.22641509433962265]
switch 19 are [1.2083333333333333, 0.1625, 0.449438202247191, 0.5, 0.6956521739130435, 1.0, 0.92, 0.6, 2.8181818181818183, 0.3448275862068966, 1.52, 0.8846153846153846, 1.8333333333333333, 1.25, 1.3142857142857143, 1.1818181818181819, 0.7142857142857143]
switch_are_with_trim_mean [0.9459715365660204, 0.6148084669712679, 0.9401650740757198, 1.2836041107333733, nan, nan, nan, nan, 0.9567840320850534, 1.463806413619593, 1.288137474953208, 1.0362438782968453, nan, nan, nan, nan, 0.8095953251356975, 0.6617937603309507, 0.9279065099279414, 0.9611059749359196]
4 algo
d: 6 w: 9 k: 1
all [3.8333333333333335] 

ans 3.8333333333333335 

number 1 average are:  0.8386458189607023 total flow 218  
number 2 average are:  1.901142022465552 total flow 9  


2-1 [9.090909090909092, 9.0625, 7.2, 5.416666666666667, 5.0588235294117645, 4.833333333333333, 4.535714285714286, 4.454545454545454, 4.333333333333333, 4.2727272727272725, 4.142857142857143]
2-2 [2.909090909090909, 1.4375, 2.466666666666667, 2.0833333333333335, 1.9411764705882353, 3.1666666666666665, 0.32142857142857145, 1.7272727272727273, 3.8333333333333335, 3.1818181818181817, 0.8571428571428571]
3-1 []
3-2 []
3-3 []
4_algo_switch_ 0 = 398
4_algo_switch_ 1 = 384
4_algo_switch_ 2 = 326
4_algo_switch_ 3 = 316
4_algo_switch_ 4 = 0
4_algo_switch_ 5 = 0
4_algo_switch_ 6 = 0
4_algo_switch_ 7 = 0
4_algo_switch_ 8 = 634
4_algo_switch_ 9 = 636
4_algo_switch_ 10 = 562
4_algo_switch_ 11 = 568
4_algo_switch_ 12 = 0
4_algo_switch_ 13 = 0
4_algo_switch_ 14 = 0
4_algo_switch_ 15 = 0
4_algo_switch_ 16 = 244
4_algo_switch_ 17 = 242
4_algo_switch_ 18 = 246
4_algo_switch_ 19 = 244
[398, 384, 326, 316, 0, 0, 0, 0, 634, 636, 562, 568, 0, 0, 0, 0, 244, 242, 246, 244]
num_of_flow_in_switch [20, 27, 23, 23, 0, 0, 0, 0, 16, 23, 20, 26, 0, 0, 0, 0, 21, 18, 18, 15]
switch 0 are [0.09, 0.07352941176470588, 2.0714285714285716, 3.789473684210526, 0.9642857142857143, 1.0769230769230769, 0.9545454545454546, 0.3090909090909091, 0.07053941908713693, 0.09302325581395349, 0.03559870550161812, 0.13333333333333333, 1.4444444444444444, 1.9411764705882353, 2.5833333333333335, 0.3103448275862069, 1.565217391304348, 0.140893470790378, 2.2, 1.0476190476190477]
switch 1 are [0.003194888178913738, 0.0024752475247524753, 0.1794871794871795, 0.33495145631067963, 0.375, 0.04409857328145266, 0.15, 0.5066666666666667, 0.16037735849056603, 1.0434782608695652, 2.3333333333333335, 0.28169014084507044, 0.25, 0.32142857142857145, 0.8571428571428571, 1.2857142857142858, 0.2222222222222222, 3.5714285714285716, 3.8333333333333335, 2.0833333333333335, 2.6666666666666665, 1.8333333333333333, 2.4166666666666665, 0.15217391304347827, 0.12318840579710146, 1.5625, 0.16279069767441862]
switch 2 are [0.24609375, 0.08733624454148471, 0.07608695652173914, 2.3333333333333335, 0.9285714285714286, 0.21176470588235294, 0.23809523809523808, 0.453125, 1.2142857142857142, 0.7857142857142857, 3.55, 0.1875, 1.6428571428571428, 0.34, 0.37254901960784315, 3.1818181818181817, 1.4166666666666667, 0.35, 0.125, 0.7222222222222222, 1.16, 0.6818181818181818, 3.1666666666666665]
switch 3 are [0.19230769230769232, 2.090909090909091, 1.1071428571428572, 0.0, 0.047058823529411764, 0.6428571428571429, 1.1071428571428572, 1.25, 0.5666666666666667, 2.4375, 0.25, 0.8571428571428571, 0.44642857142857145, 0.39285714285714285, 0.0, 1.4285714285714286, 2.033333333333333, 0.14285714285714285, 0.9361702127659575, 0.9375, 3.1818181818181817, 0.75, 0.7924528301886793]
switch 4 are []
switch 5 are []
switch 6 are []
switch 7 are []
switch 8 are [0.48214285714285715, 1.0, 0.85, 1.0714285714285714, 1.3548387096774193, 0.96, 0.9375, 0.015061186068402886, 0.16883116883116883, 3.1538461538461537, 0.8666666666666667, 3.8333333333333335, 1.2083333333333333, 1.2857142857142858, 0.6666666666666666, 1.2258064516129032]
switch 9 are [0.6785714285714286, 0.8214285714285714, 1.4, 0.42857142857142855, 0.21296296296296297, 1.5714285714285714, 1.0714285714285714, 3.8, 1.9, 2.0625, 1.6923076923076923, 2.3333333333333335, 0.6739130434782609, 2.909090909090909, 1.75, 0.125, 2.75, 2.0833333333333335, 1.7777777777777777, 1.3333333333333333, 1.7916666666666667, 1.9411764705882353, 1.75]
switch 10 are [0.5714285714285714, 0.35714285714285715, 1.4375, 0.9285714285714286, 1.0, 1.2592592592592593, 0.05389221556886228, 0.08524590163934426, 0.11320754716981132, 0.2413793103448276, 1.6666666666666667, 0.6875, 1.32, 0.5784313725490197, 0.4262295081967213, 3.4615384615384617, 0.3191489361702128, 0.32432432432432434, 0.23255813953488372, 1.5714285714285714]
switch 11 are [0.8571428571428571, 1.0, 0.16129032258064516, 0.532258064516129, 0.6785714285714286, 1.3333333333333333, 2.909090909090909, 0.2558139534883721, 0.020229633679606344, 1.4166666666666667, 0.6538461538461539, 0.24719101123595505, 0.6176470588235294, 0.2857142857142857, 2.3333333333333335, 1.44, 2.6666666666666665, 1.6333333333333333, 3.3333333333333335, 0.3194444444444444, 1.7272727272727273, 0.8166666666666667, 1.4166666666666667, 2.3333333333333335, 3.1666666666666665, 3.1666666666666665]
switch 12 are []
switch 13 are []
switch 14 are []
switch 15 are []
switch 16 are [1.4375, 0.03731343283582089, 3.3125, 0.275, 0.5555555555555556, 0.07114624505928854, 0.6944444444444444, 0.16666666666666666, 1.44, 0.2076923076923077, 0.041237113402061855, 3.6, 2.1052631578947367, 0.1927710843373494, 0.4722222222222222, 0.7432432432432432, 0.025, 0.6666666666666666, 0.39285714285714285, 0.3333333333333333, 0.5238095238095238]
switch 17 are [0.32142857142857145, 0.8, 0.078125, 0.047619047619047616, 0.0, 0.11428571428571428, 0.035842293906810034, 0.5, 0.43617021276595747, 0.5591397849462365, 1.1923076923076923, 0.9090909090909091, 2.088235294117647, 1.3870967741935485, 3.3846153846153846, 3.25, 0.39473684210526316, 0.6666666666666666]
switch 18 are [2.230769230769231, 0.22727272727272727, 0.11428571428571428, 0.19444444444444445, 0.009523809523809525, 0.012658227848101266, 0.4166666666666667, 1.8, 0.15748031496062992, 1.5833333333333333, 1.0, 0.5116279069767442, 3.0, 0.27586206896551724, 0.6538461538461539, 0.6190476190476191, 0.5833333333333334, 0.55]
switch 19 are [0.8571428571428571, 2.3125, 0.43333333333333335, 1.7826086956521738, 1.9333333333333333, 0.92, 1.7272727272727273, 0.06896551724137931, 0.5384615384615384, 2.3333333333333335, 0.9142857142857143, 0.2247191011235955, 2.1818181818181817, 1.2142857142857142, 0.6774193548387096]
switch_are_with_trim_mean [0.9009909612198987, 0.841141040100324, 0.8724349134590039, 0.8405999289316227, nan, nan, nan, nan, 1.0879839189228593, 1.568987906434063, 0.7105068641325305, 1.3018481618551572, nan, nan, nan, nan, 0.6070240415990907, 0.798796550214629, 0.6831642338593885, 1.209013888580606]
4 algo
d: 5 w: 3 k: 3
all [23.5] 

ans 23.5 

number 1 average are:  7.086243307046853 total flow 214  
number 2 average are:  18.01790389098081 total flow 13  


2-1 [48.333333333333336, 39.0, 37.92307692307692, 36.833333333333336, 30.727272727272727, 30.727272727272727, 29.153846153846153, 27.75, 26.85, 26.666666666666668, 26.5, 26.583333333333332, 25.454545454545453, 24.46153846153846, 23.583333333333332, 23.5]
2-2 [18.333333333333332, 17.23076923076923, 16.46153846153846, 20.916666666666668, 22.363636363636363, 19.454545454545453, 16.923076923076923, 17.333333333333332, 11.6, 14.8, 19.0, 20.666666666666668, 20.0, 20.692307692307693, 23.5, 18.0]
3-1 []
3-2 []
3-3 []
4_algo_switch_ 0 = 398
4_algo_switch_ 1 = 384
4_algo_switch_ 2 = 326
4_algo_switch_ 3 = 316
4_algo_switch_ 4 = 2
4_algo_switch_ 5 = 2
4_algo_switch_ 6 = 2
4_algo_switch_ 7 = 2
4_algo_switch_ 8 = 640
4_algo_switch_ 9 = 630
4_algo_switch_ 10 = 558
4_algo_switch_ 11 = 572
4_algo_switch_ 12 = 12
4_algo_switch_ 13 = 12
4_algo_switch_ 14 = 12
4_algo_switch_ 15 = 12
4_algo_switch_ 16 = 258
4_algo_switch_ 17 = 250
4_algo_switch_ 18 = 252
4_algo_switch_ 19 = 256
[398, 384, 326, 316, 2, 2, 2, 2, 640, 630, 558, 572, 12, 12, 12, 12, 258, 250, 252, 256]
num_of_flow_in_switch [20, 18, 17, 18, 0, 0, 0, 0, 18, 20, 23, 22, 3, 3, 4, 2, 20, 19, 28, 20]
switch 0 are [0.485, 0.6764705882352942, 7.071428571428571, 10.423076923076923, 9.272727272727273, 7.071428571428571, 2.064814814814815, 1.2222222222222223, 9.34375, 9.67741935483871, 20.666666666666668, 1.565217391304348, 20.692307692307693, 19.0, 11.555555555555555, 8.826086956521738, 5.108108108108108, 5.457142857142857, 0.786046511627907, 1.29553264604811]
switch 1 are [0.4536741214057508, 0.4975247524752475, 0.7521367521367521, 0.8252427184466019, 3.0357142857142856, 13.521739130434783, 15.142857142857142, 21.266666666666666, 10.894736842105264, 19.875, 11.555555555555555, 17.555555555555557, 16.384615384615383, 13.125, 9.774193548387096, 10.928571428571429, 5.30188679245283, 9.774193548387096]
switch 2 are [0.21484375, 1.2532751091703056, 1.423913043478261, 18.6, 3.46, 4.238095238095238, 7.92, 18.0, 19.272727272727273, 10.379310344827585, 20.916666666666668, 2.9680851063829787, 3.125, 2.9313725490196076, 3.9, 2.5106382978723403, 23.5]
switch 3 are [2.230769230769231, 22.363636363636363, 11.464285714285714, 2.984848484848485, 1.1209677419354838, 16.46153846153846, 17.785714285714285, 11.6, 4.5396825396825395, 20.8125, 0.9384615384615385, 2.5984251968503935, 20.0, 14.8, 0.4874551971326165, 20.916666666666668, 0.7573529411764706, 1.860655737704918]
switch 4 are []
switch 5 are []
switch 6 are []
switch 7 are []
switch 8 are [0.29571984435797666, 1.35, 10.785714285714286, 1.179245283018868, 22.5, 20.0, 0.6352201257861635, 20.666666666666668, 5.416666666666667, 20.692307692307693, 18.583333333333332, 19.0, 18.25, 8.257142857142858, 11.407407407407407, 18.583333333333332, 1.3478260869565217, 15.5]
switch 9 are [1.0866666666666667, 11.473684210526315, 19.916666666666668, 11.55, 21.8125, 17.23076923076923, 5.413793103448276, 2.1772151898734178, 14.208333333333334, 12.941176470588236, 7.655172413793103, 18.75, 18.076923076923077, 1.036231884057971, 18.75, 6.568181818181818, 2.872093023255814, 14.8, 19.454545454545453, 13.904761904761905]
switch 10 are [2.023529411764706, 7.892857142857143, 8.178571428571429, 12.80952380952381, 4.790697674418604, 20.416666666666668, 4.576923076923077, 19.75, 5.916666666666667, 2.154639175257732, 18.25, 9.28, 9.708333333333334, 3.0277777777777777, 2.1264367816091956, 20.416666666666668, 20.416666666666668, 21.666666666666668, 17.4375, 11.45, 2.3146067415730336, 23.5, 4.928571428571429]
switch 11 are [22.363636363636363, 11.357142857142858, 2.4166666666666665, 3.3529411764705883, 7.392857142857143, 4.580645161290323, 9.178571428571429, 3.3518518518518516, 5.525, 6.833333333333333, 5.155555555555556, 7.566666666666666, 4.468085106382978, 5.911764705882353, 3.453125, 16.3125, 13.5, 2.9166666666666665, 22.083333333333332, 22.083333333333332, 22.083333333333332, 2.0350877192982457]
switch 12 are [0.5454545454545454, 0.0, 0.0]
switch 13 are [0.0, 0.0, 0.0]
switch 14 are [0.0, 0.0, 0.0, 0.0]
switch 15 are [0.0, 0.0]
switch 16 are [6.607142857142857, 6.607142857142857, 9.678571428571429, 7.107142857142857, 7.392857142857143, 16.46153846153846, 8.08, 13.6875, 13.6875, 2.5606060606060606, 1.0857142857142856, 2.986666666666667, 3.953488372093023, 7.52, 6.694444444444445, 1.8375, 11.238095238095237, 10.08, 9.653846153846153, 9.65]
switch 17 are [2.436619718309859, 1.346774193548387, 7.714285714285714, 8.392857142857142, 8.25, 7.09375, 15.266666666666667, 10.866666666666667, 4.705882352941177, 20.0, 1.4125, 0.0721681832444305, 6.4, 4.650793650793651, 2.4857142857142858, 2.1204819277108435, 8.384615384615385, 6.617647058823529, 7.354838709677419]
switch 18 are [17.571428571428573, 11.857142857142858, 8.821428571428571, 3.4285714285714284, 7.464285714285714, 8.875, 1.1343283582089552, 0.7664670658682635, 13.8125, 4.925, 17.23076923076923, 0.11427009294696555, 2.3766233766233764, 11.6, 4.842696629213483, 13.444444444444445, 10.956521739130435, 8.875, 20.0, 14.8, 17.333333333333332, 14.8, 7.464285714285714, 4.591397849462366, 19.0, 18.076923076923077, 6.515151515151516, 18.75]
switch 19 are [2.5625, 8.142857142857142, 7.035714285714286, 3.0714285714285716, 7.142857142857143, 13.0625, 8.142857142857142, 0.343042071197411, 0.760655737704918, 3.891304347826087, 14.2, 14.0, 18.0, 7.533333333333333, 2.22972972972973, 20.727272727272727, 13.222222222222221, 9.714285714285714, 5.818181818181818, 19.454545454545453]
switch_are_with_trim_mean [6.8587848598028565, 9.934032714855938, 8.05993890854935, 9.429491783727137, nan, nan, nan, nan, 11.978428983645863, 12.239165576875, 10.721929908182844, 8.612409628852134, 0.1818181818181818, 0.0, 0.0, 0.0, 7.7185940049130455, 6.205887851330043, 10.397784683766796, 8.610610715705825]
4 algo
d: 5 w: 6 k: 3
all [10.5] 

ans 10.5 

number 1 average are:  2.3683723729483885 total flow 225  
number 2 average are:  4.353174603174603 total flow 2  


2-1 [12.904761904761905, 12.833333333333334, 12.61111111111111]
2-2 [3.761904761904762, 10.5, 4.944444444444445]
3-1 []
3-2 []
3-3 []
4_algo_switch_ 0 = 398
4_algo_switch_ 1 = 384
4_algo_switch_ 2 = 326
4_algo_switch_ 3 = 316
4_algo_switch_ 4 = 4
4_algo_switch_ 5 = 2
4_algo_switch_ 6 = 4
4_algo_switch_ 7 = 2
4_algo_switch_ 8 = 638
4_algo_switch_ 9 = 632
4_algo_switch_ 10 = 566
4_algo_switch_ 11 = 564
4_algo_switch_ 12 = 12
4_algo_switch_ 13 = 12
4_algo_switch_ 14 = 12
4_algo_switch_ 15 = 12
4_algo_switch_ 16 = 252
4_algo_switch_ 17 = 254
4_algo_switch_ 18 = 254
4_algo_switch_ 19 = 252
[398, 384, 326, 316, 4, 2, 4, 2, 638, 632, 566, 564, 12, 12, 12, 12, 252, 254, 254, 252]
num_of_flow_in_switch [19, 16, 19, 21, 0, 1, 0, 0, 21, 14, 22, 22, 2, 3, 3, 2, 22, 17, 18, 20]
switch 0 are [0.28, 0.07058823529411765, 3.0, 2.3684210526315788, 3.107142857142857, 2.5384615384615383, 2.3214285714285716, 0.22406639004149378, 2.75, 6.875, 6.333333333333333, 3.037037037037037, 4.166666666666667, 2.857142857142857, 5.769230769230769, 0.23367697594501718, 4.333333333333333, 0.9069767441860465, 8.0]
switch 1 are [0.7987220447284346, 0.21782178217821782, 0.0, 1.1071428571428572, 0.02464332036316472, 0.07333333333333333, 0.1509433962264151, 6.478260869565218, 6.333333333333333, 0.23943661971830985, 1.5357142857142858, 1.8214285714285714, 9.714285714285714, 0.8648648648648649, 1.5, 3.9375]
switch 2 are [0.08984375, 0.008733624454148471, 0.9347826086956522, 3.8666666666666667, 2.392857142857143, 0.7764705882352941, 2.392857142857143, 1.6071428571428572, 2.2962962962962963, 2.5, 2.9583333333333335, 0.5245901639344263, 2.6538461538461537, 6.916666666666667, 1.1, 0.7659574468085106, 5.0, 10.5, 5.545454545454546]
switch 3 are [0.41025641025641024, 5.818181818181818, 1.5, 0.8636363636363636, 0.5882352941176471, 3.4642857142857144, 3.4642857142857144, 4.4375, 1.71875, 1.6785714285714286, 3.761904761904762, 1.6046511627906976, 0.5873015873015873, 1.9555555555555555, 2.9473684210526314, 4.666666666666667, 1.5757575757575757, 5.25, 10.5, 4.833333333333333, 1.1132075471698113]
switch 4 are []
switch 5 are [0.0]
switch 6 are []
switch 7 are []
switch 8 are [0.225, 2.9545454545454546, 2.142857142857143, 2.0, 0.25925925925925924, 3.35, 5.0, 8.583333333333334, 2.0, 5.769230769230769, 4.6, 7.0, 4.2, 4.333333333333333, 5.352941176470588, 1.6896551724137931, 3.1739130434782608, 0.6884057971014492, 2.7096774193548385, 3.5714285714285716, 2.096774193548387]
switch 9 are [0.0970873786407767, 2.0714285714285716, 1.1090909090909091, 0.23148148148148148, 4.266666666666667, 1.5625, 2.4193548387096775, 2.56, 5.583333333333333, 7.833333333333333, 4.833333333333333, 0.38405797101449274, 1.7727272727272727, 0.3627906976744186]
switch 10 are [1.0238095238095237, 4.857142857142857, 1.8035714285714286, 3.9, 2.2857142857142856, 4.0, 0.675, 0.10491803278688525, 6.642857142857143, 6.666666666666667, 2.1470588235294117, 1.0, 4.333333333333333, 5.090909090909091, 2.3333333333333335, 2.066666666666667, 0.3191489361702128, 0.6078431372549019, 4.944444444444445, 7.166666666666667, 7.166666666666667, 2.4516129032258065]
switch 11 are [3.5625, 2.2142857142857144, 2.857142857142857, 4.607142857142857, 0.25, 6.25, 1.5333333333333334, 2.857142857142857, 0.4032258064516129, 3.761904761904762, 0.56, 2.9423076923076925, 0.8723404255319149, 0.23622047244094488, 0.8556701030927835, 7.2, 5.75, 2.04, 5.333333333333333, 1.7916666666666667, 0.14338235294117646, 2.142857142857143]
switch 12 are [0.0, 0.0]
switch 13 are [0.0, 0.0, 0.0]
switch 14 are [0.0, 0.0, 0.0]
switch 15 are [0.0, 0.0]
switch 16 are [1.8, 2.0, 2.3214285714285716, 8.090909090909092, 0.325, 7.375, 0.04100601421541826, 0.03333333333333333, 0.92, 4.933333333333334, 4.25, 4.666666666666667, 1.5142857142857142, 2.0689655172413794, 2.7222222222222223, 4.944444444444445, 2.7142857142857144, 4.555555555555555, 3.0, 2.8461538461538463, 4.666666666666667, 1.7027027027027026]
switch 17 are [0.07258064516129033, 1.8928571428571428, 0.4642857142857143, 3.0, 3.391304347826087, 2.7, 0.6515151515151515, 0.02247191011235955, 0.07905138339920949, 2.8260869565217392, 0.13076923076923078, 6.333333333333333, 2.857142857142857, 5.75, 1.588235294117647, 5.3076923076923075, 6.0]
switch 18 are [0.10032362459546926, 5.098039215686274, 4.0, 3.125, 0.4155844155844156, 2.21875, 3.1333333333333333, 1.2325581395348837, 0.5903614457831325, 0.1935483870967742, 4.0, 0.65, 10.444444444444445, 5.636363636363637, 1.5632183908045978, 1.2150537634408602, 5.666666666666667, 3.625]
switch 19 are [1.65625, 2.75, 2.3214285714285716, 0.17065868263473055, 5.5625, 6.538461538461538, 0.49056603773584906, 1.3611111111111112, 0.5555555555555556, 0.05063291139240506, 3.56, 1.375, 6.961538461538462, 2.5454545454545454, 1.6571428571428573, 4.25, 1.0337078651685394, 4.25, 2.357142857142857, 0.8771929824561403]
switch_are_with_trim_mean [3.0059951839165353, 1.7916532341855003, 2.489515609576158, 2.6719829140663474, nan, 0.0, nan, nan, 3.2725154161036816, 2.2630637562883464, 3.1572202020810494, 2.4630474195107515, 0.0, 0.0, 0.0, 0.0, 2.8862061641659342, 2.447434735419225, 2.647717337143411, 2.287690773949752]
[4.583333333333333, 2.4166666666666665, 2.6666666666666665] 41.177.202.202 244.3.31.46
4 algo
d: 5 w: 9 k: 3
all [3.090909090909091] 

ans 3.090909090909091 

number 1 average are:  0.8065225759643305 total flow 219  
number 2 average are:  1.619171626984127 total flow 8  


2-1 [11.727272727272727, 4.384615384615385, 3.75, 3.730769230769231, 3.6666666666666665, 3.5, 3.3636363636363638, 3.3333333333333335, 3.25, 3.25, 3.2142857142857144, 3.1666666666666665]
2-2 [2.8181818181818183, 2.6923076923076925, 2.0833333333333335, 1.0, 1.5833333333333333, 2.1875, 3.090909090909091, 2.1666666666666665, 2.8333333333333335, 2.25, 1.0714285714285714, 0.6111111111111112]
3-1 [4.583333333333333]
3-2 [2.4166666666666665]
3-3 [2.6666666666666665]
4_algo_switch_ 0 = 398
4_algo_switch_ 1 = 384
4_algo_switch_ 2 = 326
4_algo_switch_ 3 = 316
4_algo_switch_ 4 = 2
4_algo_switch_ 5 = 2
4_algo_switch_ 6 = 4
4_algo_switch_ 7 = 2
4_algo_switch_ 8 = 632
4_algo_switch_ 9 = 638
4_algo_switch_ 10 = 564
4_algo_switch_ 11 = 566
4_algo_switch_ 12 = 12
4_algo_switch_ 13 = 10
4_algo_switch_ 14 = 12
4_algo_switch_ 15 = 12
4_algo_switch_ 16 = 252
4_algo_switch_ 17 = 254
4_algo_switch_ 18 = 252
4_algo_switch_ 19 = 254
[398, 384, 326, 316, 2, 2, 4, 2, 632, 638, 564, 566, 12, 10, 12, 12, 252, 254, 252, 254]
num_of_flow_in_switch [15, 25, 23, 28, 0, 0, 0, 0, 19, 21, 24, 22, 4, 0, 1, 0, 19, 20, 18, 14]
switch 0 are [0.04, 0.06470588235294118, 0.6785714285714286, 1.2105263157894737, 0.32142857142857145, 1.0, 0.22727272727272727, 0.2545454545454545, 0.2857142857142857, 0.5483870967741935, 0.23333333333333334, 2.0833333333333335, 0.09302325581395349, 1.65, 1.85]
switch 1 are [0.23003194888178913, 0.017326732673267328, 0.2564102564102564, 0.22330097087378642, 0.6428571428571429, 0.0609597924773022, 0.025, 0.4866666666666667, 1.5217391304347827, 0.676056338028169, 0.0967741935483871, 1.0, 0.9285714285714286, 0.5, 1.0714285714285714, 0.14285714285714285, 1.0714285714285714, 1.2857142857142858, 2.0, 1.5833333333333333, 1.25, 1.411764705882353, 1.896551724137931, 1.5625, 0.8709677419354839]
switch 2 are [0.09765625, 0.2183406113537118, 0.1956521739130435, 1.7333333333333334, 1.2142857142857142, 0.5529411764705883, 0.0625, 0.5, 1.8928571428571428, 0.21428571428571427, 1.4107142857142858, 0.6, 0.11290322580645161, 0.0, 1.3928571428571428, 0.8235294117647058, 1.08, 1.1666666666666667, 1.0, 1.3823529411764706, 2.1666666666666665, 1.7428571428571429, 2.727272727272727]
switch 3 are [0.3717948717948718, 0.7272727272727273, 2.25, 0.5454545454545454, 0.1411764705882353, 1.0714285714285714, 1.1428571428571428, 0.17857142857142858, 1.875, 1.0, 0.40625, 0.75, 0.7857142857142857, 0.32142857142857145, 0.325, 2.8181818181818183, 2.8333333333333335, 2.8181818181818183, 0.3235294117647059, 2.4444444444444446, 0.6111111111111112, 1.3333333333333333, 3.090909090909091, 0.44680851063829785, 2.6923076923076925, 2.0, 2.0, 0.5471698113207547]
switch 4 are []
switch 5 are []
switch 6 are []
switch 7 are []
switch 8 are [0.20754716981132076, 1.4, 0.19444444444444445, 0.11627906976744186, 1.5714285714285714, 0.05501618122977346, 0.72, 0.6875, 2.25, 1.5384615384615385, 1.75, 0.7777777777777778, 1.4782608695652173, 2.6666666666666665, 1.5384615384615385, 0.8787878787878788, 0.9354838709677419, 2.6923076923076925, 1.75]
switch 9 are [2.5, 0.6428571428571429, 0.2863070539419087, 1.3, 0.2037037037037037, 1.8571428571428572, 1.25, 2.0, 1.0, 0.40625, 2.4615384615384617, 1.5833333333333333, 0.3695652173913043, 1.4615384615384615, 1.3333333333333333, 1.1333333333333333, 2.0833333333333335, 1.6363636363636365, 0.1718213058419244, 1.619047619047619, 0.23684210526315788]
switch 10 are [0.7380952380952381, 0.5357142857142857, 0.5357142857142857, 0.017857142857142856, 0.6666666666666666, 1.9814814814814814, 0.05688622754491018, 0.21967213114754097, 0.38, 0.23529411764705882, 2.1875, 0.2413793103448276, 1.8076923076923077, 0.10476190476190476, 0.625, 2.8181818181818183, 0.6111111111111112, 0.6428571428571429, 2.6666666666666665, 0.6666666666666666, 1.0, 0.36363636363636365, 2.25, 0.5952380952380952]
switch 11 are [1.3571428571428572, 0.8548387096774194, 0.5357142857142857, 0.5, 0.11627906976744186, 1.0666666666666667, 1.9166666666666667, 0.5079365079365079, 2.8333333333333335, 0.8936170212765957, 0.4166666666666667, 0.1, 2.56, 0.41379310344827586, 0.04054054054054054, 1.3333333333333333, 0.10294117647058823, 0.3524590163934426, 0.9615384615384616, 2.0833333333333335, 1.6666666666666667, 3.0]
switch 12 are [0.0, 0.0, 0.0, 0.0]
switch 13 are []
switch 14 are [0.0]
switch 15 are []
switch 16 are [0.4552238805970149, 2.0625, 0.015688735487919672, 2.2888888888888888, 0.08441558441558442, 0.6482213438735178, 0.4603174603174603, 0.4166666666666667, 0.875, 1.9333333333333333, 1.4210526315789473, 0.75, 0.5, 0.9444444444444444, 1.0555555555555556, 0.5384615384615384, 0.5714285714285714, 2.0, 1.0357142857142858]
switch 17 are [2.4285714285714284, 2.1875, 0.014215418261344996, 0.18238993710691823, 1.0, 0.18556701030927836, 2.25, 2.3333333333333335, 0.5116279069767442, 0.08433734939759036, 0.10752688172043011, 2.1666666666666665, 0.8666666666666667, 0.3191489361702128, 1.5833333333333333, 0.4482758620689655, 2.6666666666666665, 0.6216216216216216, 2.25, 0.5483870967741935]
switch 18 are [1.3125, 0.95, 0.0, 0.4857142857142857, 1.1666666666666667, 0.189873417721519, 0.7333333333333333, 0.007874015748031496, 0.4, 0.92, 1.6111111111111112, 2.3125, 3.090909090909091, 1.0, 1.4166666666666667, 0.06521739130434782, 0.2833333333333333, 0.29069767441860467]
switch 19 are [0.04375, 0.19101123595505617, 0.26666666666666666, 0.47619047619047616, 2.933333333333333, 1.4, 0.125, 0.6666666666666666, 0.3870967741935484, 0.8, 0.13768115942028986, 2.1666666666666665, 0.21348314606741572, 1.75]
switch_are_with_trim_mean [0.6475006424304894, 0.8034934391109264, 0.9121701543864271, 1.2336361944681122, nan, nan, nan, nan, 1.2035940821258906, 1.188191025110554, 0.8194240554387487, 0.9799774190388449, 0.0, nan, 0.0, nan, 0.9266079586109953, 1.0976278282967726, 0.8215929935011187, 0.7150385659855655]
4 algo
d: 6 w: 9 k: 3
all [3.3636363636363638] 

ans 3.3636363636363638 

number 1 average are:  0.7790057054512216 total flow 220  
number 2 average are:  1.7300937158080016 total flow 7  


2-1 [6.818181818181818, 6.769230769230769, 4.55, 4.166666666666667, 4.111111111111111, 4.107142857142857, 4.0, 3.6666666666666665]
2-2 [2.5454545454545454, 1.8461538461538463, 1.3, 2.0833333333333335, 1.5, 1.0357142857142858, 3.3636363636363638, 1.8]
3-1 []
3-2 []
3-3 []
4_algo_switch_ 0 = 398
4_algo_switch_ 1 = 384
4_algo_switch_ 2 = 326
4_algo_switch_ 3 = 316
4_algo_switch_ 4 = 4
4_algo_switch_ 5 = 2
4_algo_switch_ 6 = 4
4_algo_switch_ 7 = 2
4_algo_switch_ 8 = 636
4_algo_switch_ 9 = 634
4_algo_switch_ 10 = 568
4_algo_switch_ 11 = 562
4_algo_switch_ 12 = 12
4_algo_switch_ 13 = 12
4_algo_switch_ 14 = 12
4_algo_switch_ 15 = 12
4_algo_switch_ 16 = 256
4_algo_switch_ 17 = 252
4_algo_switch_ 18 = 252
4_algo_switch_ 19 = 252
[398, 384, 326, 316, 4, 2, 4, 2, 636, 634, 568, 562, 12, 12, 12, 12, 256, 252, 252, 252]
num_of_flow_in_switch [18, 23, 21, 23, 0, 0, 0, 0, 17, 23, 24, 23, 1, 2, 0, 1, 16, 18, 20, 17]
switch 0 are [0.045, 0.1264705882352941, 1.3571428571428572, 2.3157894736842106, 0.6428571428571429, 1.3461538461538463, 0.3181818181818182, 0.32142857142857145, 0.2, 0.8214285714285714, 1.3, 1.625, 3.15, 2.5833333333333335, 0.7567567567567568, 1.8, 1.3333333333333333, 0.967741935483871]
switch 1 are [0.597444089456869, 0.3564356435643564, 0.05555555555555555, 0.05825242718446602, 0.017857142857142856, 0.014267185473411154, 0.025, 0.04, 0.4782608695652174, 2.6666666666666665, 0.3387096774193548, 0.25, 0.14285714285714285, 0.375, 0.7857142857142857, 0.8928571428571429, 1.0, 1.9285714285714286, 2.230769230769231, 1.4, 0.25, 1.588235294117647, 2.3846153846153846]
switch 2 are [0.14453125, 0.1091703056768559, 0.16304347826086957, 1.2, 1.0, 0.9529411764705882, 0.36904761904761907, 0.375, 0.17857142857142858, 0.7142857142857143, 1.2857142857142858, 1.1964285714285714, 0.96875, 1.0357142857142858, 0.016129032258064516, 0.058823529411764705, 1.08, 2.272727272727273, 2.0833333333333335, 1.8461538461538463, 1.4166666666666667]
switch 3 are [0.1794871794871795, 1.6363636363636365, 1.1071428571428572, 0.3333333333333333, 0.21176470588235294, 2.0714285714285716, 0.32142857142857145, 2.8125, 0.0, 1.15625, 1.03125, 0.32142857142857145, 0.5, 1.1071428571428572, 1.6428571428571428, 0.03116457080371788, 1.2765957446808511, 0.5060240963855421, 2.5454545454545454, 0.06557377049180328, 0.3225806451612903, 2.5, 0.17543859649122806]
switch 4 are []
switch 5 are []
switch 6 are []
switch 7 are []
switch 8 are [0.24528301886792453, 0.25, 0.6296296296296297, 0.3488372093023256, 1.9642857142857142, 0.038834951456310676, 1.6774193548387097, 1.44, 0.033582089552238806, 1.0625, 0.825, 0.0034515218073423283, 1.4166666666666667, 0.3125, 1.2857142857142858, 1.5, 1.25]
switch 9 are [0.16901408450704225, 0.4, 0.012448132780082987, 1.1333333333333333, 0.2857142857142857, 0.1111111111111111, 1.3214285714285714, 1.3, 0.59375, 0.6333333333333333, 1.2307692307692308, 3.0833333333333335, 0.29375, 2.0, 1.5625, 1.7777777777777777, 1.0, 0.88, 0.4482758620689655, 3.0434782608695654, 0.2186046511627907, 0.15120274914089346, 0.5094339622641509]
switch 10 are [0.6071428571428571, 2.6, 1.0357142857142858, 0.42857142857142855, 2.4285714285714284, 0.05555555555555555, 0.0688622754491018, 0.05901639344262295, 0.46, 0.10062893081761007, 0.19230769230769232, 3.3333333333333335, 1.3125, 1.5, 1.5, 3.3333333333333335, 2.5454545454545454, 2.0833333333333335, 1.8461538461538463, 0.17391304347826086, 0.6833333333333333, 0.3191489361702128, 0.21348314606741572, 2.4166666666666665]
switch 11 are [0.14285714285714285, 0.39285714285714285, 0.08064516129032258, 0.14285714285714285, 0.125, 0.225, 3.3636363636363638, 2.372093023255814, 0.06666666666666667, 2.3968253968253967, 3.25, 0.0, 0.08571428571428572, 1.4, 1.4, 2.0833333333333335, 0.049019607843137254, 0.2361111111111111, 0.051470588235294115, 0.7142857142857143, 1.0303030303030303, 2.0, 2.2142857142857144]
switch 12 are [0.0]
switch 13 are [0.0, 0.0]
switch 14 are []
switch 15 are [0.0]
switch 16 are [0.34285714285714286, 0.09740259740259741, 0.05238095238095238, 0.2222222222222222, 0.19444444444444445, 0.28865979381443296, 0.8, 1.3333333333333333, 0.39285714285714285, 0.26436781609195403, 2.8333333333333335, 1.1923076923076923, 0.8461538461538461, 1.0384615384615385, 1.85, 2.3636363636363638]
switch 17 are [0.2727272727272727, 0.4943820224719101, 0.3611111111111111, 0.140625, 0.07936507936507936, 0.08860759493670886, 0.75, 0.1, 0.27906976744186046, 0.5833333333333334, 0.8620689655172413, 0.5540540540540541, 2.0, 2.25, 0.6470588235294118, 0.8214285714285714, 2.1666666666666665, 0.6129032258064516]
switch 18 are [3.3636363636363638, 1.875, 1.6923076923076923, 1.9166666666666667, 0.15517241379310345, 0.6888888888888889, 0.19367588932806323, 0.1388888888888889, 0.0, 1.2666666666666666, 0.12598425196850394, 2.8333333333333335, 0.52, 0.5833333333333334, 0.9629629629629629, 2.8333333333333335, 1.1818181818181819, 0.4069767441860465, 1.8, 0.6904761904761905]
switch 19 are [0.4782608695652174, 1.5, 0.3, 0.782608695652174, 1.3333333333333333, 2.2, 1.8421052631578947, 0.12903225806451613, 1.2222222222222223, 0.3118279569892473, 0.15942028985507245, 0.45454545454545453, 2.0833333333333335, 0.3333333333333333, 1.1875, 0.8571428571428571, 1.15]
switch_are_with_trim_mean [1.1134761392512253, 0.6733506730332999, 0.8256481545876901, 0.866636330510831, nan, nan, nan, nan, 0.8210644804018727, 0.8373098863947565, 1.125789287461601, 0.9031739712567426, 0.0, 0.0, nan, 0.0, 0.8019074238273365, 0.6708772755640371, 1.0566354907906261, 0.933042240608676]
4 algo
d: 5 w: 3 k: 5
all [25.625] 

ans 25.625 

number 1 average are:  7.109362567589068 total flow 222  
number 2 average are:  18.04939393939394 total flow 5  


2-1 [35.333333333333336, 28.583333333333332, 27.333333333333332, 27.166666666666668, 26.181818181818183]
2-2 [15.466666666666667, 19.416666666666668, 17.583333333333332, 20.416666666666668, 17.363636363636363]
3-1 []
3-2 []
3-3 []
4_algo_switch_ 0 = 398
4_algo_switch_ 1 = 384
4_algo_switch_ 2 = 326
4_algo_switch_ 3 = 316
4_algo_switch_ 4 = 4
4_algo_switch_ 5 = 2
4_algo_switch_ 6 = 4
4_algo_switch_ 7 = 2
4_algo_switch_ 8 = 634
4_algo_switch_ 9 = 636
4_algo_switch_ 10 = 566
4_algo_switch_ 11 = 564
4_algo_switch_ 12 = 14
4_algo_switch_ 13 = 14
4_algo_switch_ 14 = 14
4_algo_switch_ 15 = 12
4_algo_switch_ 16 = 256
4_algo_switch_ 17 = 256
4_algo_switch_ 18 = 256
4_algo_switch_ 19 = 250
[398, 384, 326, 316, 4, 2, 4, 2, 634, 636, 566, 564, 14, 14, 14, 12, 256, 256, 256, 250]
num_of_flow_in_switch [17, 12, 20, 22, 0, 0, 0, 0, 14, 22, 22, 20, 3, 4, 2, 3, 23, 21, 19, 20]
switch 0 are [1.005, 0.25588235294117645, 10.857142857142858, 10.473684210526315, 13.607142857142858, 2.074074074074074, 9.375, 20.416666666666668, 0.4659498207885305, 11.823529411764707, 20.416666666666668, 8.884615384615385, 8.478260869565217, 5.606060606060606, 15.0625, 0.9488372093023256, 9.380952380952381]
switch 1 are [0.28753993610223644, 0.9653465346534653, 2.5555555555555554, 1.2524271844660195, 4.892857142857143, 0.4098573281452659, 0.7733333333333333, 3.4, 21.166666666666668, 10.083333333333334, 8.172413793103448, 1.894736842105263]
switch 2 are [0.56640625, 0.8427947598253275, 1.423913043478261, 7.25, 7.75, 2.596774193548387, 6.225, 1.3814432989690721, 19.272727272727273, 17.583333333333332, 1.3688524590163935, 12.61111111111111, 8.423076923076923, 10.576923076923077, 24.083333333333332, 4.016666666666667, 19.416666666666668, 17.583333333333332, 19.416666666666668, 25.272727272727273]
switch 3 are [2.551282051282051, 24.181818181818183, 8.892857142857142, 4.2727272727272725, 3.0, 8.892857142857142, 11.821428571428571, 10.6, 5.8, 8.444444444444445, 1.7615384615384615, 20.75, 2.411764705882353, 0.8970588235294118, 2.617021276595745, 17.583333333333332, 12.85, 2.2209302325581395, 19.416666666666668, 22.083333333333332, 11.678571428571429, 9.96774193548387]
switch 4 are []
switch 5 are []
switch 6 are []
switch 7 are []
switch 8 are [1.8166666666666667, 0.9811320754716981, 7.346153846153846, 17.083333333333332, 8.387096774193548, 21.214285714285715, 20.416666666666668, 12.5, 0.44664031620553357, 2.857142857142857, 17.083333333333332, 1.7125, 1.2536231884057971, 3.772727272727273]
switch 9 are [11.782608695652174, 9.545454545454545, 3.140845070422535, 10.928571428571429, 1.7685185185185186, 10.6, 25.625, 16.846153846153847, 18.333333333333332, 22.0, 0.5523809523809524, 14.466666666666667, 9.133333333333333, 2.675, 11.88888888888889, 20.583333333333332, 17.363636363636363, 6.617647058823529, 18.333333333333332, 0.6323024054982818, 10.6, 6.483870967741935]
switch 10 are [11.666666666666666, 2.3214285714285716, 2.392857142857143, 5.785714285714286, 12.85, 7.642857142857143, 15.466666666666667, 4.2592592592592595, 4.369565217391305, 5.488372093023256, 14.833333333333334, 3.9682539682539684, 3.75, 4.574468085106383, 14.125, 10.875, 9.083333333333334, 2.361111111111111, 9.555555555555555, 12.19047619047619, 3.3666666666666667, 6.485714285714286]
switch 11 are [1.2941176470588236, 3.625, 9.571428571428571, 8.357142857142858, 1.3387096774193548, 12.80952380952381, 0.3704918032786885, 1.4675324675324675, 23.666666666666668, 7.529411764705882, 18.733333333333334, 1.6377952755905512, 15.25, 9.48, 9.48, 8.357142857142858, 1.8172043010752688, 14.0, 15.25, 12.0]
switch 12 are [0.0, 0.0, 0.0]
switch 13 are [0.0, 0.0, 0.0, 0.0]
switch 14 are [0.0, 0.0]
switch 15 are [0.0, 0.0, 0.0]
switch 16 are [17.464285714285715, 7.214285714285714, 10.5, 8.5625, 11.785714285714286, 5.464285714285714, 17.678571428571427, 15.466666666666667, 0.9291044776119403, 24.571428571428573, 21.375, 13.375, 0.11864406779661017, 1.2767295597484276, 2.9655172413793105, 8.0, 3.0224719101123596, 12.304347826086957, 19.4, 4.348837209302325, 2.6867469879518073, 5.388888888888889, 2.5172413793103448]
switch 17 are [1.3629032258064515, 8.071428571428571, 7.785714285714286, 3.5357142857142856, 14.875, 0.7411003236245954, 21.846153846153847, 10.25, 21.363636363636363, 7.466666666666667, 20.166666666666668, 15.933333333333334, 6.257142857142857, 19.5, 1.872340425531915, 10.714285714285714, 20.166666666666668, 1.2753623188405796, 6.454545454545454, 16.571428571428573, 4.857142857142857]
switch 18 are [6.25, 0.8838174273858921, 0.6526946107784432, 7.901960784313726, 11.625, 4.075, 0.06683401317853781, 5.257142857142857, 3.609375, 3.6825396825396823, 2.2222222222222223, 1.5569620253164558, 7.76, 6.518518518518518, 10.277777777777779, 11.166666666666666, 17.363636363636363, 7.08, 15.833333333333334]
switch 19 are [6.321428571428571, 4.109090909090909, 6.392857142857143, 7.2, 1.38125, 8.366666666666667, 3.4393939393939394, 4.75, 9.458333333333334, 12.666666666666666, 9.894736842105264, 12.666666666666666, 6.137931034482759, 2.7972972972972974, 14.76923076923077, 5.612903225806452, 11.8125, 4.594594594594595, 2.3258426966292136, 4.528301886792453]
switch_are_with_trim_mean [8.563961089906796, 3.4399861047552824, 9.806030502844823, 9.09842367803823, nan, nan, nan, nan, 7.934198001174585, 11.17173307688132, 7.357208882937524, 8.248180723847602, 0.0, 0.0, 0.0, 0.0, 8.916952132978418, 10.343587034239663, 6.256059465058563, 6.755168881907253]
4 algo
d: 5 w: 6 k: 5
all [8.181818181818182] 

ans 8.181818181818182 

number 1 average are:  2.3165898313480713 total flow 219  
number 2 average are:  4.7976190476190474 total flow 8  


2-1 [14.6, 14.5, 13.090909090909092, 12.833333333333334, 12.666666666666666, 10.2, 9.25, 9.166666666666666, 9.0, 9.0, 8.916666666666666, 8.846153846153847]
2-2 [4.933333333333334, 5.833333333333333, 7.454545454545454, 7.0, 6.75, 2.1142857142857143, 6.0, 6.833333333333333, 0.0, 5.75, 5.166666666666667, 7.384615384615385]
3-1 []
3-2 []
3-3 []
4_algo_switch_ 0 = 398
4_algo_switch_ 1 = 384
4_algo_switch_ 2 = 326
4_algo_switch_ 3 = 316
4_algo_switch_ 4 = 4
4_algo_switch_ 5 = 2
4_algo_switch_ 6 = 2
4_algo_switch_ 7 = 2
4_algo_switch_ 8 = 634
4_algo_switch_ 9 = 636
4_algo_switch_ 10 = 568
4_algo_switch_ 11 = 562
4_algo_switch_ 12 = 12
4_algo_switch_ 13 = 12
4_algo_switch_ 14 = 10
4_algo_switch_ 15 = 10
4_algo_switch_ 16 = 254
4_algo_switch_ 17 = 252
4_algo_switch_ 18 = 252
4_algo_switch_ 19 = 252
[398, 384, 326, 316, 4, 2, 2, 2, 634, 636, 568, 562, 12, 12, 10, 10, 254, 252, 252, 252]
num_of_flow_in_switch [20, 21, 19, 23, 0, 1, 0, 0, 15, 21, 21, 21, 2, 3, 0, 3, 19, 23, 19, 20]
switch 0 are [0.14, 0.24411764705882352, 2.2142857142857144, 2.526315789473684, 3.107142857142857, 3.730769230769231, 2.409090909090909, 2.5714285714285716, 0.8363636363636363, 1.875, 3.6875, 6.0, 6.666666666666667, 2.1724137931034484, 6.111111111111111, 2.1904761904761907, 2.8846153846153846, 2.108108108108108, 5.818181818181818, 6.214285714285714]
switch 1 are [0.04792332268370607, 0.11386138613861387, 0.24786324786324787, 0.21359223300970873, 0.7857142857142857, 0.028534370946822308, 0.94, 0.7547169811320755, 2.1785714285714284, 4.142857142857143, 5.846153846153846, 4.933333333333334, 5.583333333333333, 4.466666666666667, 0.7162162162162162, 3.6470588235294117, 5.583333333333333, 5.833333333333333, 4.125, 0.17869415807560138, 2.3548387096774195]
switch 2 are [0.27734375, 0.2794759825327511, 0.8804347826086957, 6.133333333333334, 3.607142857142857, 0.9375, 0.8888888888888888, 1.3461538461538463, 6.75, 6.25, 3.36, 3.142857142857143, 3.28, 1.9230769230769231, 5.166666666666667, 2.0, 2.057142857142857, 6.833333333333333, 5.166666666666667]
switch 3 are [1.3717948717948718, 5.909090909090909, 6.142857142857143, 0.7878787878787878, 1.7142857142857142, 5.892857142857143, 5.25, 4.8125, 1.575, 0.8888888888888888, 2.2777777777777777, 0.2204724409448819, 7.333333333333333, 6.933333333333334, 0.7058823529411765, 5.611111111111111, 0.4918032786885246, 2.0303030303030303, 1.244186046511628, 4.066666666666666, 5.166666666666667, 1.2452830188679245, 2.6129032258064515]
switch 4 are []
switch 5 are [0.0]
switch 6 are []
switch 7 are []
switch 8 are [0.14166666666666666, 0.9758064516129032, 1.6428571428571428, 3.65, 1.2685185185185186, 0.19741100323624594, 4.285714285714286, 7.166666666666667, 1.065217391304348, 6.75, 6.125, 3.0833333333333335, 2.576923076923077, 2.2758620689655173, 0.34418604651162793]
switch 9 are [2.391304347826087, 5.75, 0.5211267605633803, 1.8928571428571428, 0.4107883817427386, 0.5185185185185185, 6.466666666666667, 3.65, 1.3870967741935485, 3.32, 7.454545454545454, 6.75, 6.076923076923077, 1.4375, 4.933333333333334, 2.1142857142857143, 6.666666666666667, 3.0434782608695654, 4.6, 4.333333333333333, 3.0]
switch 10 are [0.5952380952380952, 1.9107142857142858, 4.785714285714286, 2.15, 1.1, 2.5357142857142856, 0.43548387096774194, 5.678571428571429, 3.7142857142857144, 2.116279069767442, 0.20754716981132076, 0.15714285714285714, 1.7647058823529411, 2.3012048192771086, 4.833333333333333, 0.8194444444444444, 6.230769230769231, 2.1166666666666667, 1.446808510638298, 6.833333333333333, 6.833333333333333]
switch 11 are [0.7294117647058823, 0.4470588235294118, 2.25, 2.107142857142857, 2.107142857142857, 2.0357142857142856, 0.29838709677419356, 2.107142857142857, 2.5357142857142856, 0.7, 7.384615384615385, 6.75, 0.8723404255319149, 3.125, 0.7319587628865979, 7.25, 3.36, 2.64, 8.181818181818182, 0.5625, 0.25]
switch 12 are [0.0, 0.0]
switch 13 are [0.0, 0.006557377049180328, 0.0]
switch 14 are []
switch 15 are [0.0, 0.0, 0.0]
switch 16 are [2.7857142857142856, 0.7441860465116279, 0.0, 0.8275862068965517, 0.5194805194805194, 0.2490118577075099, 0.34177215189873417, 4.933333333333334, 2.625, 0.49230769230769234, 6.75, 3.4444444444444446, 0.43617021276595747, 6.851851851851852, 6.888888888888889, 0.2536231884057971, 4.290322580645161, 3.8333333333333335, 0.5955056179775281]
switch 17 are [2.5357142857142856, 0.4107142857142857, 1.4107142857142858, 1.9583333333333333, 4.5, 6.0, 0.02952433023510115, 0.5777777777777777, 0.7142857142857143, 2.4782608695652173, 0.8, 3.8947368421052633, 1.6511627906976745, 5.2, 5.111111111111111, 5.111111111111111, 8.0, 0.6781609195402298, 5.416666666666667, 1.7575757575757576, 5.083333333333333, 5.076923076923077, 2.85]
switch 18 are [3.25, 1.3333333333333333, 1.34375, 1.5714285714285714, 0.2634730538922156, 7.454545454545454, 0.4375, 0.8, 2.533333333333333, 0.6060606060606061, 0.6741573033707865, 3.1, 0.9523809523809523, 0.11428571428571428, 3.6666666666666665, 2.1142857142857143, 0.4050179211469534, 3.9583333333333335, 2.4285714285714284]
switch 19 are [1.4375, 4.178571428571429, 0.48134328358208955, 0.7843137254901961, 7.384615384615385, 3.1142857142857143, 1.2777777777777777, 4.694444444444445, 7.25, 3.8333333333333335, 1.3125, 6.666666666666667, 0.7849462365591398, 0.6086956521739131, 3.590909090909091, 1.4, 3.5, 2.0476190476190474, 0.7719298245614035, 5.833333333333333]
switch_are_with_trim_mean [3.1401751946344163, 2.409744192908931, 3.127608232180625, 3.1213649133845207, nan, 0.0, nan, nan, 2.6339099476136147, 3.6226218869128535, 2.619701995497371, 2.3712427599712327, 0.0, 0.002185792349726776, nan, 0.0, 2.3513907837220196, 2.9897825197607815, 1.7316642481061113, 2.8267581639719737]
4 algo
d: 5 w: 9 k: 5
all [3.3636363636363638] 

ans 3.3636363636363638 

number 1 average are:  0.8582006285978995 total flow 220  
number 2 average are:  2.1697005062606567 total flow 7  


2-1 [6.909090909090909, 5.416666666666667, 5.230769230769231, 5.0625, 4.947368421052632, 3.75, 3.75, 3.4545454545454546, 3.4285714285714284, 3.4]
2-2 [3.3636363636363638, 3.0833333333333335, 2.230769230769231, 2.3125, 1.736842105263158, 2.75, 3.0, 2.6363636363636362, 2.0714285714285716, 1.45]
3-1 []
3-2 []
3-3 []
4_algo_switch_ 0 = 398
4_algo_switch_ 1 = 384
4_algo_switch_ 2 = 326
4_algo_switch_ 3 = 316
4_algo_switch_ 4 = 2
4_algo_switch_ 5 = 2
4_algo_switch_ 6 = 2
4_algo_switch_ 7 = 2
4_algo_switch_ 8 = 632
4_algo_switch_ 9 = 638
4_algo_switch_ 10 = 560
4_algo_switch_ 11 = 570
4_algo_switch_ 12 = 12
4_algo_switch_ 13 = 12
4_algo_switch_ 14 = 12
4_algo_switch_ 15 = 12
4_algo_switch_ 16 = 254
4_algo_switch_ 17 = 252
4_algo_switch_ 18 = 254
4_algo_switch_ 19 = 256
[398, 384, 326, 316, 2, 2, 2, 2, 632, 638, 560, 570, 12, 12, 12, 12, 254, 252, 254, 256]
num_of_flow_in_switch [19, 20, 19, 27, 0, 0, 0, 0, 21, 18, 20, 26, 2, 0, 2, 1, 18, 17, 14, 25]
switch 0 are [0.085, 0.09705882352941177, 0.2857142857142857, 1.736842105263158, 0.5357142857142857, 1.3461538461538463, 0.22727272727272727, 0.4642857142857143, 0.2727272727272727, 0.058091286307053944, 0.2857142857142857, 1.4193548387096775, 1.0, 0.9523809523809523, 0.5384615384615384, 2.8461538461538463, 1.1891891891891893, 0.19101123595505617, 1.380952380952381]
switch 1 are [0.20766773162939298, 0.054455445544554455, 0.021367521367521368, 0.05339805825242718, 0.75, 0.09987029831387809, 0.15833333333333333, 0.3, 0.018867924528301886, 2.0, 0.1267605633802817, 0.8928571428571429, 0.5357142857142857, 1.0357142857142858, 0.6071428571428571, 0.35714285714285715, 2.5, 2.0, 1.4375, 1.032258064516129]
switch 2 are [0.01171875, 0.07860262008733625, 0.0, 1.8, 0.17857142857142858, 0.058823529411764705, 0.234375, 1.0, 0.32142857142857145, 0.8928571428571429, 0.25, 0.21428571428571427, 1.7142857142857142, 0.2, 2.3125, 1.25, 0.6153846153846154, 0.9142857142857143, 2.7857142857142856]
switch 3 are [1.2820512820512822, 3.3636363636363638, 0.6071428571428571, 0.3181818181818182, 0.4823529411764706, 0.6071428571428571, 0.42857142857142855, 2.4642857142857144, 1.8125, 1.40625, 0.34375, 0.25, 0.7857142857142857, 0.05688622754491018, 1.5454545454545454, 0.7906976744186046, 0.0448332422088573, 1.0602409638554218, 2.3125, 0.0392156862745098, 3.0, 2.6363636363636362, 1.3524590163934427, 0.26595744680851063, 0.7096774193548387, 0.7, 3.0833333333333335]
switch 4 are []
switch 5 are []
switch 6 are []
switch 7 are []
switch 8 are [0.24193548387096775, 0.17857142857142858, 0.9, 1.1759259259259258, 0.3953488372093023, 0.35714285714285715, 0.59375, 0.08414239482200647, 0.76, 1.375, 0.09701492537313433, 1.75, 1.8125, 0.15, 2.6923076923076925, 2.1666666666666665, 1.0416666666666667, 2.1724137931034484, 3.0, 2.3333333333333335, 0.0859106529209622]
switch 9 are [1.736842105263158, 0.9130434782608695, 0.3, 0.8571428571428571, 0.42592592592592593, 2.066666666666667, 1.05, 1.4333333333333333, 2.230769230769231, 1.9285714285714286, 0.5652173913043478, 0.3142857142857143, 1.7333333333333334, 3.0, 2.588235294117647, 1.4166666666666667, 0.13023255813953488, 3.0]
switch 10 are [0.9285714285714286, 0.07142857142857142, 0.65, 0.6333333333333333, 0.25, 1.1428571428571428, 0.09259259259259259, 0.003278688524590164, 2.0714285714285716, 0.27586206896551724, 0.28846153846153844, 0.0, 0.4, 2.3333333333333335, 3.1818181818181817, 0.3375, 0.05514705882352941, 0.32608695652173914, 2.4166666666666665, 2.6666666666666665]
switch 11 are [3.3636363636363638, 0.21428571428571427, 0.21428571428571427, 0.2903225806451613, 0.3709677419354839, 1.7857142857142858, 1.7083333333333333, 0.325, 0.72, 0.5, 2.75, 0.15873015873015872, 2.3333333333333335, 0.3191489361702128, 1.6666666666666667, 0.9027777777777778, 3.25, 0.1724137931034483, 1.3076923076923077, 1.2833333333333334, 2.5833333333333335, 0.7727272727272727, 1.45, 2.5833333333333335, 3.0833333333333335, 3.0]
switch 12 are [0.0, 0.0]
switch 13 are []
switch 14 are [0.0, 0.0]
switch 15 are [0.0]
switch 16 are [0.9019607843137255, 0.5111111111111111, 0.24675324675324675, 0.015810276679841896, 0.4603174603174603, 2.0, 0.13402061855670103, 3.066666666666667, 1.6666666666666667, 1.5416666666666667, 1.3125, 0.6, 0.13768115942028986, 1.2647058823529411, 1.4, 2.85, 1.8571428571428572, 1.6774193548387097]
switch 17 are [2.0714285714285716, 0.014433636648886099, 0.0440251572327044, 1.8, 0.22380952380952382, 0.2698412698412698, 0.8333333333333334, 0.7241379310344828, 0.20270270270270271, 1.1666666666666667, 0.1935483870967742, 2.2222222222222223, 1.8333333333333333, 3.1666666666666665, 2.3076923076923075, 0.3023255813953488, 0.5094339622641509]
switch 18 are [1.875, 2.5384615384615383, 2.75, 0.2878787878787879, 0.75, 0.42857142857142855, 1.4210526315789473, 0.76, 0.3055555555555556, 0.1, 0.8571428571428571, 1.5625, 2.5454545454545454, 0.23684210526315788]
switch 19 are [0.5, 2.230769230769231, 0.28125, 1.0, 1.1910112359550562, 0.26666666666666666, 0.671875, 1.5, 0.16455696202531644, 0.3466666666666667, 1.8666666666666667, 1.625, 2.5833333333333335, 3.1142857142857143, 0.23655913978494625, 0.8, 1.4333333333333333, 0.5319148936170213, 0.48148148148148145, 0.5, 2.9444444444444446, 2.6363636363636362, 0.8787878787878788, 1.45, 0.6428571428571429]
switch_are_with_trim_mean [0.7063431460013989, 0.6030509327213391, 0.708654047094, 1.0964426136722012, nan, nan, nan, nan, 1.02948646575669, 1.4100020891025735, 0.7670793289364979, 1.3711176817227544, 0.0, nan, 0.0, 0.0, 1.1601216130087735, 0.9803000633368927, 1.1307049541589016, 1.1151417698332435]
4 algo
d: 6 w: 9 k: 5
all [4.333333333333333] 

ans 4.333333333333333 

number 1 average are:  0.7946270200349607 total flow 222  
number 2 average are:  2.2850815850815853 total flow 5  


2-1 [7.2727272727272725, 6.0, 5.818181818181818, 5.230769230769231, 5.0, 4.916666666666667]
2-2 [2.1818181818181817, 2.3333333333333335, 2.727272727272727, 2.076923076923077, 2.5, 2.3333333333333335]
3-1 []
3-2 []
3-3 []
4_algo_switch_ 0 = 398
4_algo_switch_ 1 = 384
4_algo_switch_ 2 = 326
4_algo_switch_ 3 = 316
4_algo_switch_ 4 = 2
4_algo_switch_ 5 = 2
4_algo_switch_ 6 = 2
4_algo_switch_ 7 = 2
4_algo_switch_ 8 = 636
4_algo_switch_ 9 = 634
4_algo_switch_ 10 = 564
4_algo_switch_ 11 = 566
4_algo_switch_ 12 = 12
4_algo_switch_ 13 = 10
4_algo_switch_ 14 = 12
4_algo_switch_ 15 = 10
4_algo_switch_ 16 = 256
4_algo_switch_ 17 = 252
4_algo_switch_ 18 = 252
4_algo_switch_ 19 = 252
[398, 384, 326, 316, 2, 2, 2, 2, 636, 634, 564, 566, 12, 10, 12, 10, 256, 252, 252, 252]
num_of_flow_in_switch [21, 21, 20, 25, 0, 0, 0, 0, 22, 20, 18, 23, 1, 1, 2, 1, 18, 17, 17, 18]
switch 0 are [0.095, 0.04411764705882353, 1.4285714285714286, 2.8421052631578947, 2.0, 1.6153846153846154, 1.7272727272727273, 1.3571428571428572, 0.12448132780082988, 0.8837209302325582, 0.7857142857142857, 0.6129032258064516, 2.3333333333333335, 2.076923076923077, 2.0, 2.3333333333333335, 1.4444444444444444, 1.588235294117647, 0.5172413793103449, 1.375, 2.5]
switch 1 are [0.003194888178913738, 0.0, 0.0, 0.009708737864077669, 0.08928571428571429, 0.005188067444876783, 0.24166666666666667, 0.006666666666666667, 0.03773584905660377, 1.0, 1.5833333333333333, 0.2535211267605634, 0.3709677419354839, 2.1785714285714284, 0.35714285714285715, 0.14285714285714285, 1.2142857142857142, 2.0, 0.11627906976744186, 1.1904761904761905, 1.1428571428571428]
switch 2 are [0.015625, 0.0, 0.34782608695652173, 4.266666666666667, 0.5714285714285714, 0.09411764705882353, 0.11904761904761904, 0.15625, 1.8214285714285714, 0.10714285714285714, 0.6428571428571429, 0.5714285714285714, 0.04838709677419355, 0.09375, 0.10714285714285714, 0.75, 0.049019607843137254, 0.2361111111111111, 0.7307692307692307, 2.6666666666666665]
switch 3 are [0.358974358974359, 2.727272727272727, 2.642857142857143, 0.13636363636363635, 0.1411764705882353, 1.1428571428571428, 0.21428571428571427, 0.7142857142857143, 2.0, 2.933333333333333, 0.28125, 0.5714285714285714, 2.142857142857143, 0.015855658829961726, 1.5, 0.6031746031746031, 0.7659574468085106, 2.1333333333333333, 0.52, 0.4, 2.1818181818181817, 0.09836065573770492, 0.38333333333333336, 0.5454545454545454, 1.4166666666666667]
switch 4 are []
switch 5 are []
switch 6 are []
switch 7 are []
switch 8 are [0.75, 0.07142857142857142, 1.4, 0.1388888888888889, 0.045307443365695796, 2.92, 1.875, 0.10074626865671642, 2.142857142857143, 2.3333333333333335, 0.1375, 0.075, 2.1538461538461537, 1.6666666666666667, 2.076923076923077, 1.2777777777777777, 1.625, 1.0869565217391304, 0.17391304347826086, 1.375, 0.16494845360824742, 0.5849056603773585]
switch 9 are [0.39285714285714285, 0.8545454545454545, 1.1666666666666667, 1.0, 0.1111111111111111, 0.8928571428571429, 2.0, 1.25, 1.53125, 0.23333333333333334, 2.0, 0.32608695652173914, 2.0, 4.333333333333333, 2.3333333333333335, 0.3625, 1.04, 0.7, 0.9354838709677419, 1.064516129032258]
switch 10 are [2.727272727272727, 2.1, 0.25, 0.375, 1.7142857142857142, 0.5238095238095238, 0.07407407407407407, 0.02694610778443114, 0.82, 0.5882352941176471, 0.17307692307692307, 0.72, 0.09926470588235294, 0.1702127659574468, 0.9090909090909091, 2.5833333333333335, 3.6666666666666665, 1.6]
switch 11 are [1.6071428571428572, 0.6071428571428571, 1.125, 0.016129032258064516, 0.32142857142857145, 1.4166666666666667, 0.375, 0.02622950819672131, 0.9090909090909091, 0.13953488372093023, 0.09433962264150944, 2.5833333333333335, 0.1, 0.7058823529411765, 0.36, 1.9166666666666667, 3.272727272727273, 2.5833333333333335, 1.9166666666666667, 1.0294117647058822, 0.27906976744186046, 2.4545454545454546, 3.0833333333333335]
switch 12 are [0.0]
switch 13 are [0.0]
switch 14 are [0.0, 0.0]
switch 15 are [0.0]
switch 16 are [1.1875, 1.25, 0.3333333333333333, 0.08441558441558442, 0.5833333333333334, 0.6666666666666666, 0.9166666666666666, 0.6, 0.4166666666666667, 2.1666666666666665, 0.16129032258064516, 1.25, 1.5, 0.5909090909090909, 1.032258064516129, 1.3513513513513513, 1.15, 0.16853932584269662]
switch 17 are [0.5617977528089888, 0.011857707509881422, 0.234375, 1.0833333333333333, 2.0, 1.0666666666666667, 2.066666666666667, 0.42105263157894735, 0.16487455197132617, 0.6896551724137931, 0.2625, 0.8214285714285714, 1.0, 0.08695652173913043, 0.8285714285714286, 2.142857142857143, 2.5]
switch 18 are [1.0625, 2.375, 0.7777777777777778, 0.19047619047619047, 0.13924050632911392, 0.34782608695652173, 2.7333333333333334, 0.36666666666666664, 0.24324324324324326, 0.648936170212766, 1.0, 2.5833333333333335, 0.41379310344827586, 0.7307692307692307, 1.6666666666666667, 2.5, 3.923076923076923]
switch 19 are [0.013806087229369313, 0.1896551724137931, 0.55, 0.05714285714285714, 0.12698412698412698, 0.5, 0.26666666666666666, 0.020618556701030927, 0.5813953488372093, 0.20481927710843373, 0.9583333333333334, 0.7777777777777778, 0.6666666666666666, 2.1818181818181817, 1.6153846153846154, 2.1333333333333333, 0.8571428571428571, 0.2543859649122807]
switch_are_with_trim_mean [1.4237471917287021, 0.45677452409290525, 0.4029191856868255, 0.9902892383374683, nan, nan, nan, nan, 1.04477386971219, 1.0947977102155093, 0.9642284981812906, 1.0802239846036146, 0.0, 0.0, 0.0, 0.0, 0.8224071763666613, 0.8953823626690662, 1.1760214535256004, 0.6100191596503113]
