4 base3
d: 5 w: 3 k: 1
all [293.0] 

ans 293.0 

4_baseline3_switch_ 0 = 712
4_baseline3_switch_ 1 = 712
4_baseline3_switch_ 2 = 200
4_baseline3_switch_ 3 = 198
4_baseline3_switch_ 4 = 232
4_baseline3_switch_ 5 = 224
4_baseline3_switch_ 6 = 190
4_baseline3_switch_ 7 = 188
4_baseline3_switch_ 8 = 1326
4_baseline3_switch_ 9 = 1330
4_baseline3_switch_ 10 = 398
4_baseline3_switch_ 11 = 398
4_baseline3_switch_ 12 = 456
4_baseline3_switch_ 13 = 456
4_baseline3_switch_ 14 = 378
4_baseline3_switch_ 15 = 378
4_baseline3_switch_ 16 = 616
4_baseline3_switch_ 17 = 616
4_baseline3_switch_ 18 = 616
4_baseline3_switch_ 19 = 616
pass through [712, 712, 200, 198, 232, 224, 190, 188, 1326, 1330, 398, 398, 456, 456, 378, 378, 616, 616, 616, 616]
num_of_flow_store_in_switch [10, 9, 10, 14, 10, 12, 10, 12, 12, 12, 12, 13, 12, 16, 12, 15, 13, 12, 9, 14]
switch 0 are [2.165, 0.19488817891373802, 0.06930693069306931, 1.078125, 0.25213675213675213, 0.07860262008733625, 1.5714285714285714, 4.76, 11.0, 2.891891891891892]
switch 1 are [0.009708737864077669, 1.2307692307692308, 0.02464332036316472, 14.818181818181818, 0.22941176470588234, 15.636363636363637, 4.612903225806452, 2.2830188679245285, 1.043859649122807]
switch 2 are [0.2717391304347826, 0.6666666666666666, 3.357142857142857, 4.678571428571429, 8.333333333333334, 2.0294117647058822, 2.814814814814815, 6.923076923076923, 2.393939393939394, 8.333333333333334]
switch 3 are [0.5866666666666667, 9.666666666666666, 0.12264150943396226, 7.105263157894737, 3.4285714285714284, 5.2, 0.797752808988764, 5.611111111111111, 0.29523809523809524, 9.333333333333334, 3.769230769230769, 10.0, 11.833333333333334, 4.5]
switch 4 are [3.25, 3.576923076923077, 4.181818181818182, 1.7424242424242424, 8.5, 0.19672131147540983, 9.818181818181818, 1.054054054054054, 10.666666666666666, 10.666666666666666]
switch 5 are [6.608695652173913, 11.666666666666666, 1.5211267605633803, 1.4, 1.3928571428571428, 1.78, 13.583333333333334, 4.846153846153846, 1.2028985507246377, 3.4705882352941178, 3.0681818181818183, 2.3095238095238093]
switch 6 are [0.9294117647058824, 2.215686274509804, 12.545454545454545, 2.212121212121212, 0.859375, 0.2076923076923077, 15.0, 0.6021505376344086, 6.346153846153846, 3.212121212121212]
switch 7 are [0.5483870967741935, 1.84375, 4.5, 3.8214285714285716, 1.608695652173913, 3.0555555555555554, 4.4, 1.7906976744186047, 7.0, 1.5875, 7.5, 3.3870967741935485]
switch 8 are [3.8214285714285716, 3.5, 4.607142857142857, 3.142857142857143, 3.607142857142857, 5.5, 7.4375, 0.6375, 6.875, 0.46835443037974683, 0.5542168674698795, 1.0459770114942528]
switch 9 are [5.785714285714286, 0.9642857142857143, 1.3214285714285714, 4.035714285714286, 3.0714285714285716, 9.071428571428571, 2.8, 3.5833333333333335, 0.9705882352941176, 6.833333333333333, 1.1348314606741574, 4.7]
switch 10 are [4.142857142857143, 3.0714285714285716, 4.142857142857143, 1.2727272727272727, 4.85, 1.7692307692307692, 2.297872340425532, 7.333333333333333, 4.428571428571429, 5.944444444444445, 2.9310344827586206, 9.166666666666666]
switch 11 are [0.3983402489626556, 1.532258064516129, 10.846153846153847, 1.5714285714285714, 3.2777777777777777, 0.5748031496062992, 12.0, 4.571428571428571, 3.5, 1.074468085106383, 4.5, 5.416666666666667, 8.625]
switch 12 are [9.125, 4.7, 3.1875, 3.0714285714285716, 2.0232558139534884, 1.6222222222222222, 6.375, 8.5, 0.723404255319149, 8.5, 3.193548387096774, 1.0]
switch 13 are [3.1333333333333333, 4.166666666666667, 3.107142857142857, 4.78125, 2.1, 13.23076923076923, 0.06943685073810825, 2.746031746031746, 2.6825396825396823, 8.583333333333334, 3.7916666666666665, 6.294117647058823, 7.12, 2.0833333333333335, 1.5833333333333333, 8.583333333333334]
switch 14 are [3.8125, 1.5925925925925926, 2.0462962962962963, 2.5813953488372094, 1.2580645161290323, 3.5357142857142856, 4.0, 3.0, 0.6, 0.6933333333333334, 0.5652173913043478, 9.583333333333334]
switch 15 are [5.178571428571429, 1.25, 3.857142857142857, 3.5, 8.066666666666666, 4.6, 0.029494822717288986, 1.5172413793103448, 0.6561264822134387, 6.466666666666667, 6.466666666666667, 2.7333333333333334, 1.3625, 5.222222222222222, 5.3]
switch 16 are [2.9285714285714284, 2.96875, 2.7096774193548385, 2.8333333333333335, 6.1875, 3.1333333333333333, 2.5428571428571427, 5.478260869565218, 4.92, 1.4098360655737705, 8.583333333333334, 7.461538461538462, 0.3767441860465116]
switch 17 are [0.16828478964401294, 8.076923076923077, 3.52, 4.380952380952381, 0.9056603773584906, 8.416666666666666, 0.525974025974026, 9.833333333333334, 3.5517241379310347, 7.25, 5.277777777777778, 2.7142857142857144]
switch 18 are [3.8333333333333335, 1.2037037037037037, 0.30970149253731344, 0.25149700598802394, 7.733333333333333, 20.38888888888889, 8.666666666666666, 4.523809523809524, 6.933333333333334]
switch 19 are [14.9375, 3.8, 26.5, 11.0, 1.092783505154639, 9.68421052631579, 0.34767025089605735, 1.6666666666666667, 16.454545454545453, 0.41544117647058826, 4.478260869565218, 30.75, 0.30927835051546393, 5.0]
switch_ARE_with_trim_mean [1.6240091268072863, 4.432095583455734, 3.899619647781413, 5.024486169808464, 5.3487585050085045, 3.8063793931414693, 3.6153092990876137, 3.2994724227770194, 3.3291265307535562, 3.423637207692066, 4.091162965590699, 4.135453157516749, 4.217295499470106, 4.339720138055222, 2.3119896372902753, 3.7008054643174586, 3.8703325503752297, 4.461996415786917, 5.982696364621568, 7.9480898708012]
4 base3
d: 5 w: 6 k: 1
all [133.0] 

ans 133.0 

4_baseline3_switch_ 0 = 712
4_baseline3_switch_ 1 = 712
4_baseline3_switch_ 2 = 196
4_baseline3_switch_ 3 = 198
4_baseline3_switch_ 4 = 194
4_baseline3_switch_ 5 = 194
4_baseline3_switch_ 6 = 198
4_baseline3_switch_ 7 = 194
4_baseline3_switch_ 8 = 1298
4_baseline3_switch_ 9 = 1300
4_baseline3_switch_ 10 = 394
4_baseline3_switch_ 11 = 394
4_baseline3_switch_ 12 = 388
4_baseline3_switch_ 13 = 388
4_baseline3_switch_ 14 = 392
4_baseline3_switch_ 15 = 392
4_baseline3_switch_ 16 = 586
4_baseline3_switch_ 17 = 588
4_baseline3_switch_ 18 = 588
4_baseline3_switch_ 19 = 586
pass through [712, 712, 196, 198, 194, 194, 198, 194, 1298, 1300, 394, 394, 388, 388, 392, 392, 586, 588, 588, 586]
num_of_flow_store_in_switch [19, 15, 11, 11, 12, 16, 9, 13, 15, 12, 17, 8, 10, 10, 11, 13, 12, 7, 7, 11]
switch 0 are [0.01, 1.4121405750798721, 0.33663366336633666, 0.55859375, 0.8547008547008547, 0.21844660194174756, 0.6550218340611353, 2.5, 2.1153846153846154, 0.04798962386511025, 1.8181818181818181, 0.15833333333333333, 2.2142857142857144, 3.533333333333333, 0.631578947368421, 1.7692307692307692, 0.07971014492753623, 1.0, 3.25]
switch 1 are [0.11764705882352941, 0.043478260869565216, 0.03333333333333333, 4.214285714285714, 0.36792452830188677, 1.4285714285714286, 1.5, 0.4117647058823529, 7.916666666666667, 0.6666666666666666, 8.166666666666666, 0.06985294117647059, 0.1827956989247312, 0.76, 0.6538461538461539]
switch 2 are [0.7857142857142857, 1.3478260869565217, 0.2727272727272727, 0.9859154929577465, 0.13636363636363635, 0.21176470588235294, 0.3333333333333333, 1.5, 0.1568627450980392, 0.7222222222222222, 0.7222222222222222]
switch 3 are [0.14516129032258066, 0.21875, 0.2857142857142857, 0.42857142857142855, 0.21428571428571427, 2.0, 1.1875, 2.7777777777777777, 2.5, 1.3076923076923077, 0.13043478260869565]
switch 4 are [0.8928571428571429, 0.14285714285714285, 1.0, 0.21428571428571427, 0.8214285714285714, 0.5714285714285714, 0.03571428571428571, 0.25, 2.533333333333333, 0.56, 0.18421052631578946, 0.8709677419354839]
switch 5 are [0.10714285714285714, 1.2142857142857142, 0.7142857142857143, 1.2142857142857142, 0.14285714285714285, 0.8363636363636363, 1.0, 0.1037344398340249, 0.13709677419354838, 2.4375, 0.95, 3.413793103448276, 1.9166666666666667, 0.24324324324324326, 0.175, 1.7857142857142858]
switch 6 are [0.03125, 1.1666666666666667, 0.3333333333333333, 1.1428571428571428, 0.5714285714285714, 0.10714285714285714, 0.32142857142857145, 0.7674418604651163, 1.4375]
switch 7 are [0.0, 0.0625, 0.018518518518518517, 1.2592592592592593, 0.0, 0.5357142857142857, 0.07142857142857142, 0.10714285714285714, 1.8666666666666667, 0.14285714285714285, 0.009708737864077669, 2.0, 0.07228915662650602]
switch 8 are [0.6046511627906976, 0.35714285714285715, 0.7857142857142857, 1.5, 1.21875, 1.4516129032258065, 0.43333333333333335, 2.0, 0.3333333333333333, 0.6666666666666666, 3.5, 0.7666666666666667, 0.4574468085106383, 0.8484848484848485, 2.25]
switch 9 are [0.32, 1.1904761904761905, 2.5, 0.03731343283582089, 0.375, 1.2142857142857142, 2.4375, 0.7894736842105263, 1.1153846153846154, 4.5, 0.8064516129032258, 1.3076923076923077]
switch 10 are [0.12275449101796407, 2.5, 0.029508196721311476, 0.6, 5.214285714285714, 1.5, 2.5384615384615383, 1.3428571428571427, 2.0, 0.4574468085106383, 1.5294117647058822, 2.0434782608695654, 2.0, 1.25, 2.909090909090909, 3.5833333333333335, 2.5]
switch 11 are [0.0, 0.09803921568627451, 3.8181818181818183, 0.0, 0.9302325581395349, 0.03225806451612903, 1.5, 0.8095238095238095]
switch 12 are [0.2, 0.01366867140513942, 0.06918238993710692, 1.8333333333333333, 0.17307692307692307, 0.375, 0.19444444444444445, 4.909090909090909, 0.8571428571428571, 0.9523809523809523]
switch 13 are [4.25, 0.004706620646375902, 0.36666666666666664, 1.3333333333333333, 0.3793103448275862, 0.14285714285714285, 0.044444444444444446, 0.06923076923076923, 0.38333333333333336, 0.8709677419354839]
switch 14 are [0.3333333333333333, 1.9714285714285715, 4.2, 0.8818897637795275, 1.16, 0.4344262295081967, 0.7931034482758621, 0.6590909090909091, 3.5, 0.2808988764044944, 0.9285714285714286]
switch 15 are [0.05844155844155844, 2.138888888888889, 1.9, 1.148936170212766, 2.4615384615384617, 0.09523809523809523, 3.8181818181818183, 1.1666666666666667, 0.7666666666666667, 1.25, 1.0555555555555556, 1.5, 1.05]
switch 16 are [3.9166666666666665, 0.15730337078651685, 0.22529644268774704, 0.3235294117647059, 2.546875, 0.3055555555555556, 1.4285714285714286, 1.75, 0.8181818181818182, 3.9166666666666665, 0.17869415807560138, 0.5283018867924528]
switch 17 are [1.0277777777777777, 0.189873417721519, 0.5, 1.2173913043478262, 0.4166666666666667, 1.0666666666666667, 0.76]
switch 18 are [0.3333333333333333, 0.15873015873015872, 1.3733333333333333, 0.20618556701030927, 1.7333333333333334, 0.7777777777777778, 0.22988505747126436]
switch 19 are [2.4166666666666665, 1.7333333333333334, 1.6875, 2.4166666666666665, 1.3333333333333333, 2.9166666666666665, 0.5405405405405406, 0.12558139534883722, 0.22093023255813954, 1.6666666666666667, 0.6904761904761905]
switch_ARE_with_trim_mean [1.154131308572192, 1.410269217231936, 0.6153987074571107, 0.920852780731813, 0.5508035411108416, 0.9196029820741802, 0.6532276670358066, 0.37691683600708054, 1.0261899640412153, 1.205626412495258, 1.7917889499231316, 0.8985294332559458, 0.5818201125394521, 0.448767972078595, 1.1846492982208698, 1.321226409524282, 1.2021672368295975, 0.7397679761686365, 0.6875112229985014, 1.411790403360171]
4 base3
d: 5 w: 9 k: 1
all [72.0] 

ans 72.0 

4_baseline3_switch_ 0 = 712
4_baseline3_switch_ 1 = 712
4_baseline3_switch_ 2 = 196
4_baseline3_switch_ 3 = 194
4_baseline3_switch_ 4 = 204
4_baseline3_switch_ 5 = 202
4_baseline3_switch_ 6 = 196
4_baseline3_switch_ 7 = 196
4_baseline3_switch_ 8 = 1306
4_baseline3_switch_ 9 = 1306
4_baseline3_switch_ 10 = 390
4_baseline3_switch_ 11 = 390
4_baseline3_switch_ 12 = 406
4_baseline3_switch_ 13 = 406
4_baseline3_switch_ 14 = 392
4_baseline3_switch_ 15 = 392
4_baseline3_switch_ 16 = 594
4_baseline3_switch_ 17 = 594
4_baseline3_switch_ 18 = 594
4_baseline3_switch_ 19 = 594
pass through [712, 712, 196, 194, 204, 202, 196, 196, 1306, 1306, 390, 390, 406, 406, 392, 392, 594, 594, 594, 594]
num_of_flow_store_in_switch [19, 14, 15, 13, 15, 16, 13, 12, 17, 13, 12, 10, 7, 9, 10, 12, 7, 7, 4, 14]
switch 0 are [0.0, 0.0, 0.0, 0.0, 0.0, 0.0, 0.13100436681222707, 0.0, 0.0, 0.0, 11.272727272727273, 0.3558823529411765, 0.010869565217391304, 0.18333333333333332, 0.0, 0.0, 0.0, 0.0, 0.375]
switch 1 are [0.02666666666666667, 0.0, 0.0, 0.0, 0.14285714285714285, 0.07142857142857142, 0.8076923076923077, 0.0, 0.0, 0.09411764705882353, 0.36904761904761907, 0.07142857142857142, 0.07142857142857142, 0.15151515151515152]
switch 2 are [0.0, 0.10588235294117647, 0.08064516129032258, 0.0, 0.17857142857142858, 0.39285714285714285, 1.5714285714285714, 0.2857142857142857, 0.7142857142857143, 1.4285714285714286, 0.0, 0.12727272727272726, 0.13513513513513514, 0.2903225806451613, 0.23809523809523808]
switch 3 are [0.25, 0.0, 1.3571428571428572, 0.0, 0.4642857142857143, 0.0, 0.0, 0.6, 0.04032258064516129, 0.06666666666666667, 0.0, 0.2028985507246377, 0.1509433962264151]
switch 4 are [0.0, 0.0, 0.05, 0.0, 0.21428571428571427, 1.0714285714285714, 0.1875, 0.0, 0.0, 0.0, 0.5357142857142857, 0.0, 0.03571428571428571, 0.0, 0.07142857142857142]
switch 5 are [0.0625, 0.03125, 0.023255813953488372, 1.1785714285714286, 0.03571428571428571, 0.10714285714285714, 0.5, 0.0, 0.009708737864077669, 0.03333333333333333, 0.07692307692307693, 0.14285714285714285, 0.2857142857142857, 0.013513513513513514, 0.07692307692307693, 0.4642857142857143]
switch 6 are [0.12903225806451613, 0.4, 0.0, 0.018518518518518517, 0.4375, 0.014925373134328358, 0.05089820359281437, 0.0, 0.0, 0.375, 0.0, 0.0, 0.3333333333333333]
switch 7 are [0.08333333333333333, 0.2, 0.21739130434782608, 0.0784313725490196, 0.09090909090909091, 0.2857142857142857, 0.1375, 0.16279069767441862, 0.38461538461538464, 0.0, 0.10784313725490197, 0.6666666666666666]
switch 8 are [0.1875, 1.0, 0.009841443411700382, 0.13333333333333333, 0.16666666666666666, 0.3793103448275862, 0.02857142857142857, 0.15019762845849802, 1.1904761904761905, 0.2777777777777778, 0.1111111111111111, 2.111111111111111, 0.5, 0.2777777777777778, 0.2608695652173913, 0.2127659574468085, 0.13157894736842105]
switch 9 are [0.05660377358490566, 0.06060606060606061, 0.5873015873015873, 0.0, 0.0, 2.0, 0.8, 0.10112359550561797, 0.0625, 0.32, 0.25, 0.35, 0.3548387096774194]
switch 10 are [0.05194805194805195, 0.19444444444444445, 0.26666666666666666, 0.23404255319148937, 0.15384615384615385, 0.03333333333333333, 0.35294117647058826, 0.1875, 0.06349206349206349, 0.25, 0.04285714285714286, 0.037800687285223365]
switch 11 are [0.031746031746031744, 0.0, 0.05063291139240506, 0.5416666666666666, 0.18666666666666668, 1.75, 0.06944444444444445, 0.3076923076923077, 0.6666666666666666, 0.42857142857142855]
switch 12 are [0.391304347826087, 0.4666666666666667, 1.1818181818181819, 0.6666666666666666, 0.8333333333333334, 0.75, 1.1666666666666667]
switch 13 are [0.4, 0.8125, 0.16923076923076924, 0.07086614173228346, 0.16494845360824742, 0.5833333333333334, 0.9375, 0.05581395348837209, 0.8333333333333334]
switch 14 are [0.3333333333333333, 0.4166666666666667, 0.4666666666666667, 0.5333333333333333, 0.21052631578947367, 0.21428571428571427, 0.06451612903225806, 0.4482758620689655, 0.5, 0.5454545454545454]
switch 15 are [0.13333333333333333, 0.12, 0.0, 0.3953488372093023, 0.10843373493975904, 0.014336917562724014, 0.0, 0.6666666666666666, 0.23076923076923078, 0.06666666666666667, 0.07865168539325842, 0.5833333333333334]
switch 16 are [0.08, 0.5, 0.09090909090909091, 0.3103448275862069, 0.040983606557377046, 0.5333333333333333, 0.6]
switch 17 are [0.5, 0.28, 0.5833333333333334, 0.20833333333333334, 0.8461538461538461, 0.15151515151515152, 1.2142857142857142]
switch 18 are [0.07446808510638298, 0.5882352941176471, 0.38095238095238093, 0.14285714285714285]
switch 19 are [0.19444444444444445, 0.1, 0.75, 0.0625, 0.15073529411764705, 0.05747126436781609, 0.07692307692307693, 0.30434782608695654, 2.1666666666666665, 7.666666666666667, 0.29411764705882354, 0.1935483870967742, 0.3, 0.08139534883720931]
switch_ARE_with_trim_mean [0.06212291872377224, 0.08320749511925982, 0.3059502457984431, 0.16137426441350866, 0.0842032967032967, 0.13308013130177515, 0.12015524424031915, 0.17485286063982608, 0.3338624486021994, 0.26754306606141737, 0.1482597763731236, 0.2853858904808272, 0.7794936947110861, 0.4475028871918154, 0.39038598651801915, 0.1730873739207608, 0.30793869405514407, 0.5405173398030542, 0.29662822575838843, 0.3895565576026332]
4 base3
d: 6 w: 9 k: 1
all [47.0] 

ans 47.0 

4_baseline3_switch_ 0 = 712
4_baseline3_switch_ 1 = 712
4_baseline3_switch_ 2 = 196
4_baseline3_switch_ 3 = 196
4_baseline3_switch_ 4 = 196
4_baseline3_switch_ 5 = 196
4_baseline3_switch_ 6 = 196
4_baseline3_switch_ 7 = 196
4_baseline3_switch_ 8 = 1300
4_baseline3_switch_ 9 = 1300
4_baseline3_switch_ 10 = 392
4_baseline3_switch_ 11 = 392
4_baseline3_switch_ 12 = 392
4_baseline3_switch_ 13 = 392
4_baseline3_switch_ 14 = 392
4_baseline3_switch_ 15 = 392
4_baseline3_switch_ 16 = 588
4_baseline3_switch_ 17 = 588
4_baseline3_switch_ 18 = 588
4_baseline3_switch_ 19 = 588
pass through [712, 712, 196, 196, 196, 196, 196, 196, 1300, 1300, 392, 392, 392, 392, 392, 392, 588, 588, 588, 588]
num_of_flow_store_in_switch [16, 18, 12, 18, 17, 17, 18, 14, 14, 10, 9, 8, 7, 14, 11, 7, 4, 9, 8, 8]
switch 0 are [0.0, 0.08945686900958466, 0.0, 0.0, 0.0, 0.0, 0.2663755458515284, 0.21428571428571427, 0.0, 0.014267185473411154, 0.0, 0.0, 0.0, 0.0, 1.0, 0.0]
switch 1 are [0.21739130434782608, 0.0, 0.006666666666666667, 0.0, 0.1792452830188679, 0.05263157894736842, 0.10714285714285714, 0.23076923076923078, 0.13043478260869565, 0.08333333333333333, 0.030303030303030304, 0.3058823529411765, 0.6705882352941176, 0.008064516129032258, 0.17857142857142858, 0.14285714285714285, 0.0, 0.20689655172413793]
switch 2 are [0.13636363636363635, 0.6619718309859155, 0.023809523809523808, 0.03125, 0.8571428571428571, 0.39285714285714285, 0.03571428571428571, 0.10714285714285714, 0.0625, 1.5454545454545454, 0.1, 1.5454545454545454]
switch 3 are [1.3571428571428572, 0.6428571428571429, 0.14285714285714285, 0.6071428571428571, 0.03571428571428571, 0.75, 0.8571428571428571, 0.07142857142857142, 0.5272727272727272, 0.1, 0.004149377593360996, 0.024193548387096774, 1.875, 0.0, 0.03571428571428571, 0.391304347826087, 0.16129032258064516, 0.11320754716981132]
switch 4 are [1.6, 0.0, 0.0, 0.0, 0.0, 0.0, 0.0, 0.7441860465116279, 0.16129032258064516, 0.35714285714285715, 1.1428571428571428, 0.6428571428571429, 0.0, 0.0, 0.0, 0.0, 0.0]
switch 5 are [0.5357142857142857, 0.017857142857142856, 0.2, 0.05, 2.096774193548387, 0.9666666666666667, 0.07692307692307693, 2.3333333333333335, 0.0, 0.15671641791044777, 0.0, 0.1, 0.3333333333333333, 2.0833333333333335, 0.21428571428571427, 0.05263157894736842, 0.5]
switch 6 are [0.56, 0.0, 0.0, 0.11077844311377245, 1.0, 0.0, 0.11147540983606558, 0.2608695652173913, 0.375, 0.0, 1.1875, 0.011609664261060559, 1.9333333333333333, 0.0, 0.11538461538461539, 0.1935483870967742, 0.2857142857142857, 0.1935483870967742]
switch 7 are [1.1818181818181819, 0.7857142857142857, 0.11627906976744186, 0.7692307692307693, 0.1875, 0.008747949699289229, 0.25, 1.0, 0.10344827586206896, 0.0, 0.051470588235294115, 0.625, 0.023255813953488372, 0.056179775280898875]
switch 8 are [0.4, 0.36363636363636365, 0.09523809523809523, 0.1346153846153846, 0.22857142857142856, 0.0, 0.1, 0.2808988764044944, 0.1111111111111111, 0.0, 0.16666666666666666, 0.057971014492753624, 0.03333333333333333, 0.05813953488372093]
switch 9 are [0.3116883116883117, 0.0, 0.19148936170212766, 0.0, 0.0, 0.6764705882352942, 0.02531645569620253, 0.05714285714285714, 0.040983606557377046, 0.3333333333333333]
switch 10 are [0.078125, 0.07936507936507936, 0.9444444444444444, 0.1111111111111111, 0.5833333333333334, 0.0, 0.09333333333333334, 0.4, 0.19230769230769232]
switch 11 are [0.391304347826087, 0.9166666666666666, 0.0, 0.125, 0.10752688172043011, 0.25, 0.15384615384615385, 0.5]
switch 12 are [0.038461538461538464, 0.03937007874015748, 0.05154639175257732, 0.26666666666666666, 0.25, 0.18181818181818182, 0.5]
switch 13 are [0.4166666666666667, 0.25, 2.3333333333333335, 0.6666666666666666, 0.06666666666666667, 0.32, 0.4, 0.021505376344086023, 0.0, 0.06896551724137931, 0.3333333333333333, 0.050724637681159424, 0.24242424242424243, 0.027491408934707903]
switch 14 are [0.6842105263157895, 0.4418604651162791, 0.12048192771084337, 0.04, 0.08333333333333333, 0.0, 0.12, 0.17647058823529413, 0.4444444444444444, 0.25, 0.4166666666666667]
switch 15 are [0.26666666666666666, 0.25, 0.0, 0.031914893617021274, 0.14705882352941177, 0.20454545454545456, 0.35]
switch 16 are [0.25, 0.3, 0.16, 0.4166666666666667]
switch 17 are [0.19148936170212766, 0.2222222222222222, 0.15384615384615385, 0.23076923076923078, 0.16216216216216217, 0.3333333333333333, 0.4, 0.35714285714285715, 0.5238095238095238]
switch 18 are [0.5, 0.08108108108108109, 0.075, 0.275, 0.19047619047619047, 0.4444444444444444, 0.027777777777777776, 0.3333333333333333]
switch 19 are [0.1111111111111111, 0.029411764705882353, 0.3333333333333333, 0.05555555555555555, 0.9166666666666666, 0.17857142857142858, 0.14285714285714285, 0.14285714285714285]
switch_ARE_with_trim_mean [0.04174180818715989, 0.11751187871004964, 0.393039715566124, 0.36383861692685804, 0.20322223412996104, 0.49228238290131715, 0.2753392973575462, 0.3314022106452947, 0.13584848407944602, 0.11999424076502617, 0.275779999321666, 0.3055430062574172, 0.18969469391987454, 0.23870370966324236, 0.23258415838965124, 0.1785979769083649, 0.2816666666666667, 0.2860860938875123, 0.24088910338910338, 0.2387955182072829]
4 base3
d: 5 w: 3 k: 3
all [372.0] 

ans 372.0 

4_baseline3_switch_ 0 = 712
4_baseline3_switch_ 1 = 712
4_baseline3_switch_ 2 = 218
4_baseline3_switch_ 3 = 204
4_baseline3_switch_ 4 = 208
4_baseline3_switch_ 5 = 212
4_baseline3_switch_ 6 = 196
4_baseline3_switch_ 7 = 200
4_baseline3_switch_ 8 = 1320
4_baseline3_switch_ 9 = 1342
4_baseline3_switch_ 10 = 422
4_baseline3_switch_ 11 = 422
4_baseline3_switch_ 12 = 420
4_baseline3_switch_ 13 = 420
4_baseline3_switch_ 14 = 396
4_baseline3_switch_ 15 = 396
4_baseline3_switch_ 16 = 618
4_baseline3_switch_ 17 = 620
4_baseline3_switch_ 18 = 618
4_baseline3_switch_ 19 = 620
pass through [712, 712, 218, 204, 208, 212, 196, 200, 1320, 1342, 422, 422, 420, 420, 396, 396, 618, 620, 618, 620]
num_of_flow_store_in_switch [8, 7, 12, 11, 13, 9, 11, 14, 13, 12, 13, 14, 11, 14, 13, 11, 11, 13, 16, 13]
switch 0 are [0.085, 0.10223642172523961, 0.6955445544554455, 0.0859375, 0.2264957264957265, 3.52, 6.533333333333333, 2.4242424242424243]
switch 1 are [0.05339805825242718, 0.611353711790393, 4.625, 3.730769230769231, 0.0, 0.6735294117647059, 0.043478260869565216]
switch 2 are [8.727272727272727, 2.0434782608695654, 0.5583333333333333, 3.3214285714285716, 5.368421052631579, 0.4025157232704403, 2.1944444444444446, 11.466666666666667, 0.9139784946236559, 2.689655172413793, 4.761904761904762, 7.916666666666667]
switch 3 are [0.5, 2.892857142857143, 6.266666666666667, 0.660377358490566, 2.892857142857143, 9.545454545454545, 6.266666666666667, 3.36, 2.6333333333333333, 8.083333333333334, 8.083333333333334]
switch 4 are [3.9285714285714284, 3.423076923076923, 4.0, 5.909090909090909, 8.083333333333334, 8.5, 0.8793103448275862, 3.8333333333333335, 8.583333333333334, 4.428571428571429, 5.333333333333333, 0.8723404255319149, 3.4516129032258065]
switch 5 are [0.7464788732394366, 1.9090909090909092, 0.35294117647058826, 1.3452380952380953, 0.9647058823529412, 0.8484848484848485, 3.6923076923076925, 9.333333333333334, 9.333333333333334]
switch 6 are [0.9838709677419355, 2.2888888888888888, 6.126984126984127, 5.833333333333333, 0.7835051546391752, 8.25, 3.223404255319149, 13.416666666666666, 1.4666666666666666, 0.4232558139534884, 0.281786941580756]
switch 7 are [0.75, 3.5, 5.071428571428571, 4.321428571428571, 3.5, 9.642857142857142, 0.4, 2.6825396825396823, 1.1285714285714286, 11.416666666666666, 12.545454545454545, 0.9540229885057471, 4.04, 8.333333333333334]
switch 8 are [3.1785714285714284, 3.107142857142857, 3.8214285714285716, 2.857142857142857, 1.0178571428571428, 5.25, 6.0625, 1.5116279069767442, 2.2285714285714286, 3.6956521739130435, 5.526315789473684, 1.0810810810810811, 7.3076923076923075]
switch 9 are [1.1428571428571428, 3.0714285714285716, 3.142857142857143, 3.142857142857143, 1.4363636363636363, 7.0, 6.75, 1.5416666666666667, 9.333333333333334, 3.5714285714285716, 6.529411764705882, 8.666666666666666]
switch 10 are [3.7142857142857144, 5.035714285714286, 2.6875, 6.15, 1.8085106382978724, 1.3417721518987342, 10.0, 2.2777777777777777, 4.958333333333333, 5.5, 4.130434782608695, 0.36231884057971014, 10.916666666666666]
switch 11 are [4.4, 0.21991701244813278, 0.75, 5.55, 3.3666666666666667, 5.9, 0.6233766233766234, 2.7, 7.3076923076923075, 3.5, 8.466666666666667, 1.123076923076923, 2.5405405405405403, 6.2]
switch 12 are [2.7333333333333334, 2.892857142857143, 6.0, 1.3595505617977528, 3.5588235294117645, 0.8266666666666667, 1.062992125984252, 3.36, 2.1142857142857143, 0.5819672131147541, 4.333333333333333]
switch 13 are [7.75, 4.0, 4.84375, 3.375, 1.3703703703703705, 0.6111111111111112, 2.255813953488372, 5.107142857142857, 1.4216867469879517, 3.4242424242424243, 16.0, 7.258064516129032, 1.7547169811320755, 1.3333333333333333]
switch 14 are [1.467741935483871, 2.9642857142857144, 4.464285714285714, 1.5178571428571428, 6.533333333333333, 3.0357142857142856, 0.32362459546925565, 12.666666666666666, 6.4, 2.8275862068965516, 1.05, 5.166666666666667, 6.0625]
switch 15 are [5.678571428571429, 3.4285714285714284, 4.607142857142857, 6.85, 3.0, 11.153846153846153, 0.734375, 0.36200716845878134, 0.25735294117647056, 2.5681818181818183, 5.2]
switch 16 are [5.15625, 5.0, 17.923076923076923, 0.10442864953526518, 8.166666666666666, 0.7, 1.4625, 0.5507246376811594, 2.142857142857143, 1.7640449438202248, 1.0930232558139534]
switch 17 are [3.8, 6.541666666666667, 5.666666666666667, 1.8805970149253732, 0.38323353293413176, 0.027298399748980233, 3.6666666666666665, 7.666666666666667, 2.0697674418604652, 5.703703703703703, 6.333333333333333, 5.666666666666667, 7.571428571428571]
switch 18 are [3.074074074074074, 8.4375, 4.1, 10.642857142857142, 1.4444444444444444, 1.9615384615384615, 8.4375, 14.0, 12.583333333333334, 1.2941176470588236, 8.166666666666666, 10.615384615384615, 1.5166666666666666, 4.821428571428571, 3.0238095238095237, 4.258064516129032]
switch 19 are [8.916666666666666, 0.1180327868852459, 1.98, 1.891304347826087, 1.9215686274509804, 10.083333333333334, 8.916666666666666, 4.708333333333333, 3.576923076923077, 3.3823529411764706, 6.4375, 10.083333333333334, 5.65]
switch_ARE_with_trim_mean [1.7090987450315211, 1.3910755247780462, 3.8495583485589093, 4.5710472197264655, 4.706384903396735, 3.1695460159834647, 3.2644343563918627, 4.611737365444262, 3.4836394631183363, 4.485268016297427, 4.327666243992401, 3.6634460884460887, 2.47131582307444, 3.6578434319022013, 3.7718155454112074, 3.603205522325146, 2.8928962940932386, 4.480339114986568, 5.934519144023752, 5.224058999397874]
4 base3
d: 5 w: 6 k: 3
all [172.0] 

ans 172.0 

4_baseline3_switch_ 0 = 712
4_baseline3_switch_ 1 = 712
4_baseline3_switch_ 2 = 200
4_baseline3_switch_ 3 = 200
4_baseline3_switch_ 4 = 196
4_baseline3_switch_ 5 = 196
4_baseline3_switch_ 6 = 196
4_baseline3_switch_ 7 = 196
4_baseline3_switch_ 8 = 1306
4_baseline3_switch_ 9 = 1302
4_baseline3_switch_ 10 = 400
4_baseline3_switch_ 11 = 400
4_baseline3_switch_ 12 = 392
4_baseline3_switch_ 13 = 392
4_baseline3_switch_ 14 = 392
4_baseline3_switch_ 15 = 392
4_baseline3_switch_ 16 = 592
4_baseline3_switch_ 17 = 592
4_baseline3_switch_ 18 = 592
4_baseline3_switch_ 19 = 592
pass through [712, 712, 200, 200, 196, 196, 196, 196, 1306, 1302, 400, 400, 392, 392, 392, 392, 592, 592, 592, 592]
num_of_flow_store_in_switch [11, 11, 15, 10, 10, 14, 11, 12, 10, 12, 13, 13, 13, 16, 9, 13, 14, 12, 12, 8]
switch 0 are [0.025, 0.3961661341853035, 0.0, 0.0, 0.017094017094017096, 0.009708737864077669, 0.021834061135371178, 0.3717948717948718, 0.00648508430609598, 0.631578947368421, 0.05737704918032787]
switch 1 are [0.2857142857142857, 2.4545454545454546, 0.10869565217391304, 0.05, 0.03571428571428571, 0.7857142857142857, 0.7333333333333333, 1.0, 0.9230769230769231, 0.45454545454545453, 2.0]
switch 2 are [0.014705882352941176, 0.006666666666666667, 0.3584905660377358, 0.6071428571428571, 1.1428571428571428, 1.1923076923076923, 2.5652173913043477, 0.8181818181818182, 1.5, 0.2727272727272727, 2.3333333333333335, 1.0833333333333333, 0.8055555555555556, 1.2222222222222223, 2.75]
switch 3 are [0.5774647887323944, 0.7764705882352941, 0.13095238095238096, 0.11764705882352941, 0.078125, 0.21428571428571427, 0.14285714285714285, 0.35, 1.0476190476190477, 1.4166666666666667]
switch 4 are [0.08064516129032258, 0.9642857142857143, 0.25, 0.21428571428571427, 0.5714285714285714, 1.1785714285714286, 0.32727272727272727, 1.8333333333333333, 0.2247191011235955, 0.8571428571428571]
switch 5 are [0.8214285714285714, 0.4107142857142857, 0.7678571428571429, 0.5, 1.0, 0.7857142857142857, 0.8214285714285714, 0.95, 0.8, 1.2173913043478262, 2.230769230769231, 2.0, 0.95, 2.272727272727273]
switch 6 are [0.42857142857142855, 1.3571428571428572, 0.12033195020746888, 0.25806451612903225, 1.375, 0.59375, 4.2, 0.5, 0.625, 0.17857142857142858, 0.14418604651162792]
switch 7 are [2.85, 0.0, 0.4642857142857143, 1.03125, 0.2037037037037037, 0.0, 0.4838709677419355, 0.03571428571428571, 2.066666666666667, 1.7333333333333334, 1.7333333333333334, 0.2631578947368421]
switch 8 are [0.009259259259259259, 1.0714285714285714, 1.0714285714285714, 0.32142857142857145, 1.0, 0.5, 1.0, 0.21428571428571427, 0.0, 1.25]
switch 9 are [1.1, 0.28125, 0.7096774193548387, 2.230769230769231, 1.12, 1.7083333333333333, 0.09328358208955224, 0.0, 0.3655913978494624, 0.7727272727272727, 2.6875, 2.5833333333333335]
switch 10 are [0.7619047619047619, 0.9814814814814815, 1.9375, 7.071428571428571, 0.0, 1.0392156862745099, 0.075, 1.375, 0.05017921146953405, 7.909090909090909, 2.0, 0.225, 0.8095238095238095]
switch 11 are [0.0748502994011976, 1.9166666666666667, 0.10819672131147541, 0.28, 2.090909090909091, 1.1875, 2.3846153846153846, 0.031496062992125984, 2.1666666666666665, 1.9166666666666667, 1.7777777777777777, 1.5, 1.5833333333333333]
switch 12 are [2.7142857142857144, 1.75, 0.2558139534883721, 1.025, 5.75, 0.3153846153846154, 0.8, 2.0, 0.9230769230769231, 1.1724137931034482, 0.8, 1.1875, 0.9354838709677419]
switch 13 are [0.007530593034201443, 0.6792452830188679, 2.1666666666666665, 1.396551724137931, 0.7424242424242424, 1.6857142857142857, 4.333333333333333, 3.4210526315789473, 0.48, 0.6857142857142857, 0.3404255319148936, 3.9411764705882355, 0.26595744680851063, 0.8823529411764706, 4.333333333333333, 0.8666666666666667]
switch 14 are [0.02077638053581192, 0.3, 2.0, 0.21153846153846154, 0.8, 0.7777777777777778, 4.333333333333333, 1.064516129032258, 1.3225806451612903]
switch 15 are [0.6984126984126984, 1.1555555555555554, 0.1038961038961039, 1.2808988764044944, 0.04743083003952569, 0.9361702127659575, 0.03333333333333333, 0.627906976744186, 3.2413793103448274, 0.1891891891891892, 0.7037037037037037, 0.25287356321839083, 2.5]
switch 16 are [0.9722222222222222, 0.4666666666666667, 2.3846153846153846, 0.7941176470588235, 0.65625, 2.3125, 2.4, 1.2, 0.47058823529411764, 3.6363636363636362, 3.142857142857143, 0.8076923076923077, 0.3333333333333333, 0.15217391304347827]
switch 17 are [0.1746031746031746, 0.3333333333333333, 1.08, 0.711340206185567, 8.25, 1.4375, 4.285714285714286, 0.01838235294117647, 0.5454545454545454, 0.0859106529209622, 3.380952380952381, 0.7358490566037735]
switch 18 are [0.2857142857142857, 0.027777777777777776, 0.6835443037974683, 0.014285714285714285, 1.3043478260869565, 1.2083333333333333, 1.4166666666666667, 7.083333333333333, 0.0963855421686747, 0.44, 0.7027027027027027, 0.9714285714285714]
switch 19 are [1.0666666666666667, 1.8666666666666667, 1.9444444444444444, 0.18055555555555555, 1.0416666666666667, 2.5833333333333335, 0.2558139534883721, 2.5]
switch_ARE_with_trim_mean [0.10060666172889612, 0.7045644371731329, 1.0704673128735578, 0.41966209018818795, 0.573463264263826, 1.0703824255454693, 0.6066984752140416, 0.8015315899515816, 0.648478835978836, 1.0964965569457024, 1.4842030474620607, 1.3275061111575341, 1.2384677197107676, 1.5633772506959525, 1.203391414153215, 0.7723670645390732, 1.3284035783116666, 1.2770657635768026, 0.7136901009676437, 1.4298934108527133]
4 base3
d: 5 w: 9 k: 3
all [94.0] 

ans 94.0 

4_baseline3_switch_ 0 = 712
4_baseline3_switch_ 1 = 712
4_baseline3_switch_ 2 = 188
4_baseline3_switch_ 3 = 188
4_baseline3_switch_ 4 = 194
4_baseline3_switch_ 5 = 194
4_baseline3_switch_ 6 = 190
4_baseline3_switch_ 7 = 190
4_baseline3_switch_ 8 = 1284
4_baseline3_switch_ 9 = 1284
4_baseline3_switch_ 10 = 376
4_baseline3_switch_ 11 = 378
4_baseline3_switch_ 12 = 388
4_baseline3_switch_ 13 = 388
4_baseline3_switch_ 14 = 380
4_baseline3_switch_ 15 = 380
4_baseline3_switch_ 16 = 572
4_baseline3_switch_ 17 = 572
4_baseline3_switch_ 18 = 572
4_baseline3_switch_ 19 = 574
pass through [712, 712, 188, 188, 194, 194, 190, 190, 1284, 1284, 376, 378, 388, 388, 380, 380, 572, 572, 572, 574]
num_of_flow_store_in_switch [18, 18, 15, 14, 19, 12, 18, 12, 13, 10, 9, 12, 2, 7, 11, 15, 7, 6, 10, 11]
switch 0 are [0.01, 0.20766773162939298, 0.009900990099009901, 0.00390625, 0.4444444444444444, 1.1116504854368932, 0.021834061135371178, 0.017857142857142856, 0.0, 2.6363636363636362, 0.0058823529411764705, 1.6630434782608696, 0.475, 0.006666666666666667, 0.03571428571428571, 0.0, 0.09302325581395349, 0.38095238095238093]
switch 1 are [0.010376134889753566, 0.10714285714285714, 0.2, 0.03773584905660377, 1.105263157894737, 0.6071428571428571, 1.1538461538461537, 0.043478260869565216, 0.0, 0.04225352112676056, 0.023529411764705882, 0.023529411764705882, 0.5714285714285714, 1.9090909090909092, 0.09195402298850575, 0.8333333333333334, 0.6428571428571429, 0.35714285714285715]
switch 2 are [0.9166666666666666, 0.0, 0.38095238095238093, 0.0, 0.03125, 0.03571428571428571, 0.0, 0.0, 0.0, 1.0, 0.07142857142857142, 0.10714285714285714, 0.03571428571428571, 0.3125, 0.22580645161290322]
switch 3 are [1.0, 0.6785714285714286, 0.6785714285714286, 0.8571428571428571, 0.0, 1.4285714285714286, 0.0, 0.0, 0.0, 0.07258064516129033, 0.875, 0.06976744186046512, 0.0, 0.1509433962264151]
switch 4 are [0.6363636363636364, 0.0, 0.15, 0.5333333333333333, 0.0, 0.25, 1.0, 0.5, 0.018518518518518517, 0.26851851851851855, 0.0967741935483871, 0.0, 1.1428571428571428, 0.6428571428571429, 5.153846153846154, 0.2857142857142857, 0.021739130434782608, 0.2857142857142857, 0.5833333333333334]
switch 5 are [0.03571428571428571, 0.0, 0.07142857142857142, 0.07142857142857142, 0.0, 0.6428571428571429, 0.1, 0.03125, 0.9333333333333333, 0.0, 0.09090909090909091, 0.7692307692307693]
switch 6 are [0.19741100323624594, 0.0, 0.76, 0.16666666666666666, 0.0, 0.12962962962962962, 2.625, 0.0037313432835820895, 0.008982035928143712, 2.142857142857143, 0.14754098360655737, 0.3695652173913043, 0.0, 0.3125, 2.125, 0.10810810810810811, 0.14814814814814814, 0.07017543859649122]
switch 7 are [0.4166666666666667, 0.32, 0.13725490196078433, 0.5, 0.00625, 1.0, 0.09302325581395349, 0.0440251572327044, 0.20689655172413793, 0.08695652173913043, 0.9166666666666666, 0.05319148936170213]
switch 8 are [0.675, 0.6923076923076923, 0.004392845936617509, 0.0016402405686167304, 0.0, 2.1666666666666665, 0.08333333333333333, 0.0, 0.057692307692307696, 0.06666666666666667, 0.012987012987012988, 0.3333333333333333, 1.6666666666666667]
switch 9 are [0.2413793103448276, 0.24242424242424243, 0.5714285714285714, 0.75, 0.25, 0.0, 0.6666666666666666, 1.0, 0.1111111111111111, 0.5833333333333334]
switch 10 are [0.0, 0.015810276679841896, 0.0, 0.047619047619047616, 0.29411764705882354, 0.0, 0.06349206349206349, 0.05555555555555555, 0.6363636363636364]
switch 11 are [0.19047619047619047, 0.16666666666666666, 0.11392405063291139, 0.0, 1.5217391304347827, 0.08333333333333333, 0.10666666666666667, 0.13333333333333333, 0.0, 0.4375, 0.5, 0.2903225806451613]
switch 12 are [0.7333333333333333, 0.17857142857142858]
switch 13 are [0.015384615384615385, 0.007874015748031496, 0.20618556701030927, 0.08571428571428572, 0.01838235294117647, 0.06557377049180328, 0.19047619047619047]
switch 14 are [0.4166666666666667, 0.8333333333333334, 1.6666666666666667, 0.0, 0.08, 0.010752688172043012, 0.16666666666666666, 0.15384615384615385, 0.1, 0.04186046511627907, 0.45]
switch 15 are [0.8, 2.3333333333333335, 1.736842105263158, 0.32558139534883723, 0.3132530120481928, 0.5, 1.12, 1.7333333333333334, 0.625, 0.3333333333333333, 0.3333333333333333, 0.07971014492753623, 1.25, 2.5833333333333335, 1.15]
switch 16 are [0.3333333333333333, 0.36363636363636365, 0.06896551724137931, 0.4, 0.1, 0.0898876404494382, 0.7333333333333333]
switch 17 are [0.6666666666666666, 0.053763440860215055, 0.9615384615384616, 0.3235294117647059, 0.40540540540540543, 0.6666666666666666]
switch 18 are [0.36666666666666664, 0.0, 0.275, 0.28, 0.11538461538461539, 0.19230769230769232, 0.3409090909090909, 0.22580645161290322, 0.3125, 0.061855670103092786]
switch 19 are [0.3611111111111111, 0.0851063829787234, 0.025, 0.09523809523809523, 0.10784313725490197, 0.013888888888888888, 0.0, 2.0588235294117645, 0.08333333333333333, 0.12121212121212122, 0.5833333333333334]
switch_ARE_with_trim_mean [0.2804714703719742, 0.36568834645306936, 0.16285965378707315, 0.3652147664611571, 0.37739550124666854, 0.18128184315684318, 0.41814473234075134, 0.2774681211165746, 0.32672909995384064, 0.42704290441359405, 0.12366202519655205, 0.20222228217542632, 0.45595238095238094, 0.08422725682377316, 0.2503473304223492, 0.9656930650764247, 0.29845088399912106, 0.5129283421503535, 0.22547044003967434, 0.1640073781500565]
4 base3
d: 6 w: 9 k: 3
all [69.0] 

ans 69.0 

4_baseline3_switch_ 0 = 712
4_baseline3_switch_ 1 = 712
4_baseline3_switch_ 2 = 196
4_baseline3_switch_ 3 = 196
4_baseline3_switch_ 4 = 194
4_baseline3_switch_ 5 = 194
4_baseline3_switch_ 6 = 194
4_baseline3_switch_ 7 = 194
4_baseline3_switch_ 8 = 1296
4_baseline3_switch_ 9 = 1296
4_baseline3_switch_ 10 = 392
4_baseline3_switch_ 11 = 392
4_baseline3_switch_ 12 = 388
4_baseline3_switch_ 13 = 388
4_baseline3_switch_ 14 = 388
4_baseline3_switch_ 15 = 388
4_baseline3_switch_ 16 = 582
4_baseline3_switch_ 17 = 586
4_baseline3_switch_ 18 = 584
4_baseline3_switch_ 19 = 584
pass through [712, 712, 196, 196, 194, 194, 194, 194, 1296, 1296, 392, 392, 388, 388, 388, 388, 582, 586, 584, 584]
num_of_flow_store_in_switch [20, 16, 15, 16, 17, 14, 11, 16, 15, 14, 7, 4, 11, 11, 7, 4, 10, 10, 11, 10]
switch 0 are [0.165, 0.04153354632587859, 0.3613861386138614, 0.015625, 0.017094017094017096, 0.9611650485436893, 0.0, 0.03571428571428571, 4.17948717948718, 0.0, 0.18181818181818182, 0.0, 0.0, 0.013333333333333334, 0.25, 0.009433962264150943, 0.23076923076923078, 0.0, 0.0, 0.6428571428571429]
switch 1 are [0.025, 0.6428571428571429, 2.6, 1.631578947368421, 0.0, 0.03571428571428571, 0.2608695652173913, 0.9090909090909091, 0.10606060606060606, 0.2823529411764706, 0.07142857142857142, 0.21428571428571427, 0.00819672131147541, 0.3333333333333333, 0.45454545454545453, 0.5]
switch 2 are [0.39436619718309857, 0.0, 0.22580645161290322, 1.0, 1.0, 3.142857142857143, 0.0, 0.07142857142857142, 0.0, 0.07142857142857142, 0.14285714285714285, 0.0, 0.0, 0.07142857142857142, 0.016129032258064516]
switch 3 are [0.75, 1.0, 0.5714285714285714, 0.42857142857142855, 0.01818181818181818, 3.0, 0.0, 0.0625, 0.03333333333333333, 0.5714285714285714, 0.0, 0.0, 0.03225806451612903, 0.0, 0.03571428571428571, 0.0]
switch 4 are [0.05, 0.9375, 0.9333333333333333, 0.7142857142857143, 0.90625, 0.26851851851851855, 0.0, 0.7142857142857143, 0.03571428571428571, 0.25, 0.0, 1.0, 0.3225806451612903, 0.24, 0.018518518518518517, 0.0, 0.043859649122807015]
switch 5 are [0.0, 0.06666666666666667, 0.34375, 0.02912621359223301, 0.13333333333333333, 0.0, 0.2916666666666667, 0.19047619047619047, 0.017964071856287425, 0.05, 0.2857142857142857, 0.0, 0.19607843137254902, 0.0]
switch 6 are [0.007462686567164179, 0.003278688524590164, 0.04, 0.0, 0.0, 0.5625, 0.4375, 0.15384615384615385, 0.0, 0.02857142857142857, 0.3793103448275862]
switch 7 are [0.5714285714285714, 0.2558139534883721, 0.0, 0.4375, 0.00031377470975839345, 0.008747949699289229, 0.3, 0.14465408805031446, 0.08333333333333333, 0.25757575757575757, 0.06349206349206349, 0.17307692307692307, 0.29411764705882354, 0.011494252873563218, 0.1935483870967742, 0.2857142857142857]
switch 8 are [0.29310344827586204, 0.4222222222222222, 0.05844155844155844, 0.8333333333333334, 0.0, 0.3611111111111111, 0.3, 0.007905138339920948, 0.0, 0.0, 0.0, 0.1111111111111111, 0.0, 0.08333333333333333, 0.3125]
switch 9 are [0.033707865168539325, 7.076923076923077, 0.0, 1.28125, 0.015873015873015872, 0.8611111111111112, 0.05063291139240506, 0.0, 0.125, 0.0, 0.03333333333333333, 0.09090909090909091, 0.3076923076923077, 0.027906976744186046]
switch 10 are [0.16, 1.6666666666666667, 0.4, 0.0, 0.25, 0.0851063829787234, 0.42857142857142855]
switch 11 are [0.0, 0.03076923076923077, 0.2777777777777778, 0.21212121212121213]
switch 12 are [0.031496062992125984, 0.4329896907216495, 0.0, 1.3333333333333333, 0.06666666666666667, 0.05263157894736842, 0.32, 0.09302325581395349, 0.1875, 0.048109965635738834, 0.2903225806451613]
switch 13 are [0.6, 0.13333333333333333, 0.42857142857142855, 0.0, 0.017921146953405017, 0.28, 0.18181818181818182, 0.08333333333333333, 0.1891891891891892, 0.5833333333333334, 0.2619047619047619]
switch 14 are [0.0, 0.4, 0.20833333333333334, 0.034482758620689655, 0.2, 0.12, 0.19230769230769232]
switch 15 are [0.043478260869565216, 0.8125, 0.5, 0.5833333333333334]
switch 16 are [0.19444444444444445, 0.13333333333333333, 0.125, 0.1111111111111111, 2.4166666666666665, 1.5, 0.25, 0.056179775280898875, 0.1744186046511628, 0.1935483870967742]
switch 17 are [0.0945945945945946, 0.19148936170212766, 0.0625, 0.14285714285714285, 0.6666666666666666, 0.014492753623188406, 0.4166666666666667, 0.2, 0.25, 0.07547169811320754]
switch 18 are [0.0, 0.11764705882352941, 0.2777777777777778, 0.3888888888888889, 0.2916666666666667, 0.05555555555555555, 0.7777777777777778, 0.6428571428571429, 0.3076923076923077, 0.11764705882352941, 0.3333333333333333]
switch 19 are [0.8333333333333334, 0.9090909090909091, 0.011029411764705883, 0.07526881720430108, 0.6190476190476191, 0.3076923076923077, 0.6923076923076923, 0.028985507246376812, 0.25, 0.8666666666666667]
switch_ARE_with_trim_mean [0.12278530242438015, 0.39109387088498393, 0.23026496447668643, 0.25024400522672413, 0.3623230919293455, 0.10508548830651769, 0.11666325581521367, 0.179241601154947, 0.1499790709873169, 0.23561805101866576, 0.4271920683166884, 0.13016705516705518, 0.1691933112691849, 0.2399338564929963, 0.16501768346595933, 0.4848278985507246, 0.3352319850796032, 0.17919743299171742, 0.28145175449097015, 0.45916274293728715]
4 base3
d: 5 w: 3 k: 5
all [331.0] 

ans 331.0 

4_baseline3_switch_ 0 = 712
4_baseline3_switch_ 1 = 712
4_baseline3_switch_ 2 = 212
4_baseline3_switch_ 3 = 210
4_baseline3_switch_ 4 = 202
4_baseline3_switch_ 5 = 200
4_baseline3_switch_ 6 = 208
4_baseline3_switch_ 7 = 202
4_baseline3_switch_ 8 = 1328
4_baseline3_switch_ 9 = 1330
4_baseline3_switch_ 10 = 422
4_baseline3_switch_ 11 = 424
4_baseline3_switch_ 12 = 402
4_baseline3_switch_ 13 = 402
4_baseline3_switch_ 14 = 410
4_baseline3_switch_ 15 = 410
4_baseline3_switch_ 16 = 618
4_baseline3_switch_ 17 = 616
4_baseline3_switch_ 18 = 620
4_baseline3_switch_ 19 = 616
pass through [712, 712, 212, 210, 202, 200, 208, 202, 1328, 1330, 422, 424, 402, 402, 410, 410, 618, 616, 620, 616]
num_of_flow_store_in_switch [7, 8, 10, 15, 11, 12, 12, 11, 12, 16, 13, 12, 10, 9, 14, 14, 11, 14, 15, 13]
switch 0 are [1.03, 0.0, 0.49504950495049505, 0.01953125, 0.8543689320388349, 0.1069182389937107, 13.666666666666666]
switch 1 are [0.07692307692307693, 0.519650655021834, 1.4107142857142858, 0.5512820512820513, 0.08819714656290532, 9.272727272727273, 1.627906976744186, 4.65]
switch 2 are [0.5147058823529411, 1.641304347826087, 0.75, 0.25333333333333335, 0.5, 7.625, 1.0, 6.666666666666667, 8.2, 3.4516129032258065]
switch 3 are [4.642857142857143, 4.642857142857143, 8.533333333333333, 5.315789473684211, 4.107142857142857, 3.6153846153846154, 5.166666666666667, 14.545454545454545, 1.118279569892473, 6.944444444444445, 6.846153846153846, 3.3333333333333335, 2.6363636363636362, 11.416666666666666, 3.774193548387097]
switch 4 are [3.107142857142857, 4.173913043478261, 4.2272727272727275, 8.916666666666666, 10.25, 1.3650793650793651, 5.052631578947368, 1.0833333333333333, 3.7916666666666665, 4.869565217391305, 8.916666666666666]
switch 5 are [2.1690140845070425, 0.9242424242424242, 1.3058823529411765, 0.42295081967213116, 2.253968253968254, 12.0, 16.818181818181817, 15.333333333333334, 0.95, 6.055555555555555, 0.4790697674418605, 9.583333333333334]
switch 6 are [1.7380952380952381, 0.8588235294117647, 15.416666666666666, 1.4, 2.634920634920635, 3.7, 4.472222222222222, 2.388888888888889, 12.133333333333333, 6.625, 3.6153846153846154, 1.2134831460674158]
switch 7 are [0.5241935483870968, 4.035714285714286, 1.7391304347826086, 1.6666666666666667, 10.454545454545455, 8.916666666666666, 0.35842293906810035, 5.0, 6.142857142857143, 3.103448275862069, 3.8214285714285716]
switch 8 are [1.109375, 3.5, 3.5, 2.517857142857143, 13.071428571428571, 7.4375, 2.0757575757575757, 1.9230769230769231, 0.9857142857142858, 6.0, 2.6, 2.2142857142857144]
switch 9 are [3.7857142857142856, 3.7857142857142856, 3.5, 3.1785714285714284, 11.3125, 0.46875, 2.116279069767442, 8.0, 4.666666666666667, 7.4, 3.68, 7.4, 3.68, 2.727272727272727, 8.3125, 3.3870967741935485]
switch 10 are [3.0714285714285716, 1.9107142857142858, 3.642857142857143, 3.892857142857143, 4.5, 4.5, 2.5555555555555554, 3.9565217391304346, 6.125, 9.0, 8.23076923076923, 10.416666666666666, 2.188679245283019]
switch 11 are [5.178571428571429, 3.9642857142857144, 1.4, 4.9, 3.942857142857143, 0.37662337662337664, 0.4936708860759494, 5.92, 6.166666666666667, 9.75, 1.4069767441860466, 5.142857142857143]
switch 12 are [0.2033195020746888, 0.5403225806451613, 6.3125, 5.3, 1.425531914893617, 9.083333333333334, 0.9655172413793104, 8.75, 4.85, 9.083333333333334]
switch 13 are [5.05, 2.78125, 4.066666666666666, 3.8214285714285716, 0.49074074074074076, 2.5, 0.6265060240963856, 0.2647058823529412, 1.0166666666666666]
switch 14 are [5.142857142857143, 2.5625, 3.5, 0.8981481481481481, 1.9767441860465116, 3.107142857142857, 3.0714285714285716, 14.384615384615385, 2.3529411764705883, 6.666666666666667, 2.2857142857142856, 7.333333333333333, 2.3333333333333335, 4.117647058823529]
switch 15 are [1.1935483870967742, 3.107142857142857, 3.2142857142857144, 1.125, 4.785714285714286, 3.2142857142857144, 6.666666666666667, 8.583333333333334, 11.066666666666666, 0.8085106382978723, 1.15, 8.916666666666666, 6.375, 0.8947368421052632]
switch 16 are [11.0, 3.5, 6.35, 2.84375, 3.7419354838709675, 3.1, 5.777777777777778, 0.4157303370786517, 0.3201581027667984, 0.22857142857142856, 2.4166666666666665]
switch 17 are [0.2750809061488673, 8.615384615384615, 0.05358119190814653, 0.953125, 13.0625, 14.666666666666666, 17.761904761904763, 5.962962962962963, 0.8431372549019608, 10.23076923076923, 0.5507246376811594, 10.363636363636363, 9.0, 10.666666666666666]
switch 18 are [12.28, 5.208333333333333, 14.80952380952381, 0.05553812362723565, 3.966666666666667, 11.416666666666666, 2.48, 1.0076923076923077, 0.8144329896907216, 17.916666666666668, 4.137931034482759, 0.860655737704918, 7.764705882352941, 7.972972972972973, 0.36769759450171824]
switch 19 are [2.0, 9.125, 0.7611940298507462, 0.4251497005988024, 4.275, 10.571428571428571, 2.7586206896551726, 7.1, 1.5905511811023623, 6.892857142857143, 5.230769230769231, 0.5289855072463768, 1.1063829787234043]
switch_ARE_with_trim_mean [2.310362084664244, 2.2746751831219516, 2.7686612250089375, 5.4596297467134605, 4.935622754367987, 5.105439910532298, 3.9921328078912346, 3.883345065818345, 3.2877852355977355, 4.687129659850028, 4.69669714798919, 3.851588572550009, 4.653400633781428, 2.2908849502168858, 3.7041923843180684, 4.102198372274773, 3.162890929795651, 7.099221192068208, 5.622098384276063, 3.7608509782004034]
4 base3
d: 5 w: 6 k: 5
all [147.0] 

ans 147.0 

4_baseline3_switch_ 0 = 712
4_baseline3_switch_ 1 = 712
4_baseline3_switch_ 2 = 202
4_baseline3_switch_ 3 = 200
4_baseline3_switch_ 4 = 200
4_baseline3_switch_ 5 = 202
4_baseline3_switch_ 6 = 196
4_baseline3_switch_ 7 = 194
4_baseline3_switch_ 8 = 1310
4_baseline3_switch_ 9 = 1308
4_baseline3_switch_ 10 = 402
4_baseline3_switch_ 11 = 404
4_baseline3_switch_ 12 = 402
4_baseline3_switch_ 13 = 402
4_baseline3_switch_ 14 = 390
4_baseline3_switch_ 15 = 390
4_baseline3_switch_ 16 = 598
4_baseline3_switch_ 17 = 596
4_baseline3_switch_ 18 = 598
4_baseline3_switch_ 19 = 598
pass through [712, 712, 202, 200, 200, 202, 196, 194, 1310, 1308, 402, 404, 402, 402, 390, 390, 598, 596, 598, 598]
num_of_flow_store_in_switch [14, 16, 11, 11, 15, 12, 12, 13, 14, 14, 12, 8, 10, 11, 9, 10, 13, 11, 10, 13]
switch 0 are [0.045, 0.6900958466453674, 0.0, 0.07421875, 0.1282051282051282, 0.13106796116504854, 0.11538461538461539, 0.0, 2.1818181818181817, 0.7857142857142857, 0.25, 0.7619047619047619, 1.3333333333333333, 1.9166666666666667]
switch 1 are [0.08296943231441048, 4.357142857142857, 0.27058823529411763, 0.08695652173913043, 0.7083333333333334, 0.14666666666666667, 0.17857142857142858, 2.8, 0.0, 3.142857142857143, 4.2727272727272725, 0.0, 0.029411764705882353, 1.28, 2.5833333333333335, 2.5]
switch 2 are [1.105263157894737, 1.0, 3.260869565217391, 1.75, 0.23943661971830985, 0.2235294117647059, 0.8214285714285714, 0.9642857142857143, 0.11702127659574468, 2.2777777777777777, 0.4]
switch 3 are [0.10714285714285714, 0.8235294117647058, 0.1935483870967742, 0.28125, 0.32142857142857145, 0.0, 0.35714285714285715, 0.0, 0.8, 0.7777777777777778, 1.380952380952381]
switch 4 are [1.3571428571428572, 0.42857142857142855, 1.1428571428571428, 0.21428571428571427, 1.1071428571428572, 0.6071428571428571, 0.6428571428571429, 0.8928571428571429, 0.0967741935483871, 0.6, 2.933333333333333, 2.230769230769231, 0.3372093023255814, 3.090909090909091, 1.1290322580645162]
switch 5 are [0.39285714285714285, 1.6428571428571428, 1.2142857142857142, 2.4, 0.04979253112033195, 1.3125, 2.75, 0.1375, 0.14942528735632185, 0.13768115942028986, 0.22340425531914893, 1.0]
switch 6 are [0.0625, 0.3, 0.06666666666666667, 0.26851851851851855, 0.08333333333333333, 0.2558139534883721, 0.04838709677419355, 2.586206896551724, 0.4074074074074074, 0.06944444444444445, 0.7142857142857143, 1.4444444444444444]
switch 7 are [1.125, 2.2857142857142856, 0.6785714285714286, 0.25, 0.10714285714285714, 0.25, 1.2142857142857142, 1.2142857142857142, 0.19642857142857142, 0.5714285714285714, 0.68, 0.33707865168539325, 2.2142857142857144]
switch 8 are [1.0, 2.4, 0.8214285714285714, 3.2, 0.71875, 0.10679611650485436, 0.22580645161290322, 3.6153846153846154, 2.5, 0.018518518518518517, 0.02622950819672131, 3.111111111111111, 0.24731182795698925, 0.8181818181818182]
switch 9 are [2.5, 0.8571428571428571, 0.13059701492537312, 0.08383233532934131, 2.7857142857142856, 0.62, 2.25, 2.3157894736842106, 1.04, 1.5294117647058822, 1.6666666666666667, 0.7096774193548387, 1.9166666666666667, 0.5660377358490566]
switch 10 are [1.0625, 0.275, 1.6666666666666667, 0.4117647058823529, 1.3571428571428572, 1.1875, 2.2, 2.3333333333333335, 4.166666666666667, 1.121212121212121, 1.9375, 0.14883720930232558]
switch 11 are [3.5217391304347827, 2.0, 0.0625, 2.0, 0.3488372093023256, 0.1, 0.13253012048192772, 1.5833333333333333]
switch 12 are [0.625, 1.375, 0.007844367743959836, 0.5666666666666667, 0.22012578616352202, 0.30708661417322836, 0.3023255813953488, 1.9166666666666667, 0.7222222222222222, 1.9166666666666667]
switch 13 are [2.5384615384615383, 0.01913613996719519, 1.5, 1.9166666666666667, 0.3103448275862069, 0.1746031746031746, 0.8888888888888888, 5.333333333333333, 0.21621621621621623, 0.7586206896551724, 1.3125]
switch 14 are [0.25757575757575757, 0.4807692307692308, 0.7714285714285715, 0.65, 0.053763440860215055, 1.125, 2.0833333333333335, 0.3, 0.7297297297297297]
switch 15 are [0.6038961038961039, 0.23595505617977527, 0.25, 0.3333333333333333, 0.875, 0.3625, 0.6956521739130435, 1.6153846153846154, 0.8285714285714286, 0.09278350515463918]
switch 16 are [0.09881422924901186, 0.44680851063829785, 2.923076923076923, 0.06666666666666667, 0.7647058823529411, 0.3055555555555556, 1.3174603174603174, 0.05063291139240506, 0.6111111111111112, 1.4230769230769231, 0.8235294117647058, 0.2982456140350877, 2.3333333333333335]
switch 17 are [0.6944444444444444, 0.5857142857142857, 1.826086956521739, 0.5416666666666666, 0.29333333333333333, 1.2, 0.36082474226804123, 0.4411764705882353, 1.0769230769230769, 0.5909090909090909, 1.2]
switch 18 are [0.078125, 0.06349206349206349, 2.3333333333333335, 0.4857142857142857, 1.25, 7.818181818181818, 0.6, 0.1885245901639344, 0.16666666666666666, 0.5952380952380952]
switch 19 are [2.4, 1.9375, 3.6666666666666665, 1.52, 2.2666666666666666, 2.3333333333333335, 3.25, 3.4545454545454546, 0.6923076923076923, 2.9166666666666665, 2.1333333333333333, 1.55, 1.0]
switch_ARE_with_trim_mean [0.5192992790849339, 1.2916010808244798, 0.9757468058744241, 0.4068688735948382, 1.0479385590269081, 0.861051070209576, 0.3672414482588901, 0.7937603969064643, 1.2646346170827474, 1.3418324665829626, 1.355261968423733, 1.218617474194046, 0.7543866921609569, 1.0684780002308738, 0.716844451521871, 0.5231135119867105, 0.7717552322949047, 0.7435176419459824, 0.7122002463895394, 2.251095041322314]
4 base3
d: 5 w: 9 k: 5
all [52.0] 

ans 52.0 

4_baseline3_switch_ 0 = 712
4_baseline3_switch_ 1 = 712
4_baseline3_switch_ 2 = 200
4_baseline3_switch_ 3 = 198
4_baseline3_switch_ 4 = 202
4_baseline3_switch_ 5 = 202
4_baseline3_switch_ 6 = 198
4_baseline3_switch_ 7 = 198
4_baseline3_switch_ 8 = 1306
4_baseline3_switch_ 9 = 1316
4_baseline3_switch_ 10 = 398
4_baseline3_switch_ 11 = 402
4_baseline3_switch_ 12 = 404
4_baseline3_switch_ 13 = 404
4_baseline3_switch_ 14 = 396
4_baseline3_switch_ 15 = 396
4_baseline3_switch_ 16 = 600
4_baseline3_switch_ 17 = 598
4_baseline3_switch_ 18 = 602
4_baseline3_switch_ 19 = 600
pass through [712, 712, 200, 198, 202, 202, 198, 198, 1306, 1316, 398, 402, 404, 404, 396, 396, 600, 598, 602, 600]
num_of_flow_store_in_switch [17, 15, 13, 16, 18, 15, 12, 11, 12, 15, 11, 12, 4, 10, 9, 12, 10, 6, 10, 11]
switch 0 are [0.11, 0.0, 0.6707920792079208, 0.0, 1.3333333333333333, 0.0048543689320388345, 0.0, 0.0, 0.0, 0.00648508430609598, 0.0, 0.0, 0.11956521739130435, 0.0, 0.0, 0.0, 0.0]
switch 1 are [0.0, 0.42857142857142855, 0.0, 0.17857142857142858, 2.3214285714285716, 0.19230769230769232, 0.13043478260869565, 0.16901408450704225, 0.015151515151515152, 0.4375, 0.010638297872340425, 0.8846153846153846, 0.020618556701030927, 0.5, 0.5]
switch 2 are [0.0, 0.08333333333333333, 0.0, 0.4166666666666667, 0.6, 0.10714285714285714, 0.03571428571428571, 0.2857142857142857, 0.017857142857142856, 0.0125, 0.21739130434782608, 0.06666666666666667, 0.06382978723404255]
switch 3 are [0.1693548387096774, 0.0, 2.5, 1.0, 0.0, 0.03571428571428571, 0.05357142857142857, 0.25, 0.2857142857142857, 0.8214285714285714, 0.10714285714285714, 0.5818181818181818, 0.0, 0.0, 0.75, 0.47619047619047616]
switch 4 are [0.0, 0.14285714285714285, 2.9, 0.13692946058091288, 0.23387096774193547, 3.5, 0.0, 0.9333333333333333, 0.0, 0.03571428571428571, 0.75, 0.0, 0.0, 0.8709677419354839, 0.047619047619047616, 0.23809523809523808, 0.15151515151515152, 0.17142857142857143]
switch 5 are [0.0, 0.125, 0.07407407407407407, 0.009259259259259259, 2.0714285714285716, 0.14285714285714285, 0.0, 0.0, 0.14285714285714285, 0.0, 0.0, 0.0, 0.0, 0.23076923076923078, 0.1625]
switch 6 are [0.07142857142857142, 0.0, 0.0, 0.006472491909385114, 0.07692307692307693, 0.08, 1.0416666666666667, 0.23809523809523808, 0.1111111111111111, 1.5, 0.2, 0.1320754716981132]
switch 7 are [0.059880239520958084, 0.07142857142857142, 1.0833333333333333, 0.036065573770491806, 0.28, 0.0392156862745098, 0.5, 1.1875, 0.6875, 0.0038272279934390375, 1.8461538461538463]
switch 8 are [0.2826086956521739, 0.2727272727272727, 0.0125, 0.3023255813953488, 0.4, 0.0, 0.6666666666666666, 0.13333333333333333, 0.058823529411764705, 0.05555555555555555, 0.05555555555555555, 0.18181818181818182]
switch 9 are [1.0, 0.00031377470975839345, 0.4276729559748428, 1.3333333333333333, 0.1206896551724138, 0.5303030303030303, 0.14285714285714285, 0.15384615384615385, 0.42857142857142855, 0.08333333333333333, 0.0449438202247191, 0.0, 0.0, 0.0, 0.3125]
switch 10 are [0.06666666666666667, 0.07142857142857142, 0.75, 0.08333333333333333, 0.003952569169960474, 0.0, 0.029411764705882353, 0.8055555555555556, 0.18518518518518517, 0.5555555555555556, 0.2857142857142857]
switch 11 are [0.14285714285714285, 0.20634920634920634, 0.2777777777777778, 0.0, 0.0, 0.30434782608695654, 0.16666666666666666, 0.0, 1.0833333333333333, 0.0, 0.7222222222222222, 0.2692307692307692]
switch 12 are [0.16, 0.0, 0.32432432432432434, 0.65]
switch 13 are [0.18461538461538463, 0.14173228346456693, 2.8333333333333335, 0.12, 0.3023255813953488, 0.2222222222222222, 0.03278688524590164, 0.5, 0.1797752808988764, 0.2903225806451613]
switch 14 are [0.010309278350515464, 0.0, 0.0, 0.06666666666666667, 0.024096385542168676, 0.007168458781362007, 0.029411764705882353, 0.5833333333333334, 0.5384615384615384]
switch 15 are [0.2, 0.06666666666666667, 0.5263157894736842, 0.37142857142857144, 0.8125, 0.0, 0.3333333333333333, 0.20833333333333334, 0.3448275862068966, 0.9090909090909091, 0.5, 1.2142857142857142]
switch 16 are [0.13333333333333333, 0.6363636363636364, 0.0, 1.5, 0.3103448275862069, 1.4166666666666667, 0.027906976744186046, 0.3548387096774194, 0.2619047619047619, 0.5833333333333334]
switch 17 are [0.3333333333333333, 0.38461538461538464, 0.13043478260869565, 0.23529411764705882, 0.06666666666666667, 0.7272727272727273]
switch 18 are [0.3055555555555556, 0.125, 0.5833333333333334, 0.034482758620689655, 0.08602150537634409, 0.10869565217391304, 0.16129032258064516, 0.25, 0.5833333333333334, 0.11627906976744186]
switch 19 are [0.23333333333333334, 0.22972972972972974, 0.29411764705882354, 0.5555555555555556, 0.28, 1.75, 0.21212121212121213, 0.75, 1.2, 0.39285714285714285, 0.06140350877192982]
switch_ARE_with_trim_mean [0.06077978332249067, 0.2667248593005045, 0.1188014845161006, 0.3236382089492688, 0.4132706838013189, 0.06825514229360383, 0.19577726278321625, 0.4383248227030961, 0.17552477054491863, 0.24961779192252484, 0.22569421463993786, 0.20894516111907416, 0.2835810810810811, 0.24262416665519504, 0.13993860287127413, 0.42724961895333946, 0.46558653070119305, 0.3129361686906444, 0.21702192984840413, 0.4608571800728664]
4 base3
d: 6 w: 9 k: 5
all [45.0] 

ans 45.0 

4_baseline3_switch_ 0 = 712
4_baseline3_switch_ 1 = 712
4_baseline3_switch_ 2 = 192
4_baseline3_switch_ 3 = 192
4_baseline3_switch_ 4 = 192
4_baseline3_switch_ 5 = 192
4_baseline3_switch_ 6 = 192
4_baseline3_switch_ 7 = 192
4_baseline3_switch_ 8 = 1290
4_baseline3_switch_ 9 = 1286
4_baseline3_switch_ 10 = 384
4_baseline3_switch_ 11 = 384
4_baseline3_switch_ 12 = 384
4_baseline3_switch_ 13 = 384
4_baseline3_switch_ 14 = 384
4_baseline3_switch_ 15 = 384
4_baseline3_switch_ 16 = 578
4_baseline3_switch_ 17 = 574
4_baseline3_switch_ 18 = 576
4_baseline3_switch_ 19 = 576
pass through [712, 712, 192, 192, 192, 192, 192, 192, 1290, 1286, 384, 384, 384, 384, 384, 384, 578, 574, 576, 576]
num_of_flow_store_in_switch [23, 18, 15, 15, 18, 14, 15, 13, 13, 11, 7, 9, 10, 6, 12, 6, 8, 9, 11, 6]
switch 0 are [0.75, 0.38977635782747605, 0.2079207920792079, 0.984375, 0.0, 0.0, 0.05240174672489083, 0.26785714285714285, 0.6923076923076923, 0.0025940337224383916, 1.1818181818181819, 0.38529411764705884, 0.02666666666666667, 0.0, 1.2, 4.535714285714286, 0.0, 3.5, 0.0, 0.8235294117647058, 0.011904761904761904, 1.1818181818181819, 0.11904761904761904]
switch 1 are [0.0, 0.09166666666666666, 0.14285714285714285, 0.0, 1.0526315789473684, 0.07142857142857142, 0.0, 0.13636363636363635, 0.011764705882352941, 0.18548387096774194, 0.0, 0.7857142857142857, 0.75, 0.10714285714285714, 0.2, 0.03333333333333333, 0.55, 0.23809523809523808]
switch 2 are [0.0, 0.2857142857142857, 0.21428571428571427, 0.35714285714285715, 0.0, 0.7857142857142857, 0.19642857142857142, 0.07142857142857142, 0.07142857142857142, 0.32142857142857145, 0.0, 0.0, 0.0, 1.1935483870967742, 0.25806451612903225]
switch 3 are [0.017857142857142856, 0.2857142857142857, 2.142857142857143, 0.0, 0.09090909090909091, 0.0, 0.03125, 0.03333333333333333, 1.1428571428571428, 0.0, 0.09375, 0.0, 0.009259259259259259, 0.0, 0.011494252873563218]
switch 4 are [2.0, 1.5714285714285714, 1.1428571428571428, 0.10714285714285714, 1.25, 0.0, 0.44642857142857145, 0.32142857142857145, 0.5714285714285714, 0.13333333333333333, 0.35714285714285715, 0.0, 0.25, 0.003236245954692557, 0.0, 0.2222222222222222, 0.0, 0.6666666666666666]
switch 5 are [0.03225806451612903, 0.16666666666666666, 0.0, 1.5, 0.3333333333333333, 2.5, 0.0708955223880597, 0.0029940119760479044, 0.0, 0.21428571428571427, 0.0, 0.0, 0.375, 0.20833333333333334]
switch 6 are [0.16, 0.0392156862745098, 0.0, 0.7142857142857143, 0.25, 0.025, 0.25, 0.8837209302325582, 0.3, 0.002186987424822307, 0.06666666666666667, 0.0, 0.11764705882352941, 0.17142857142857143, 0.4]
switch 7 are [0.15384615384615385, 0.004079071226859115, 0.08333333333333333, 0.13793103448275862, 0.25757575757575757, 0.19047619047619047, 0.0, 0.08571428571428572, 0.18831168831168832, 1.5, 0.02247191011235955, 0.1, 0.1935483870967742]
switch 8 are [0.4166666666666667, 0.17777777777777778, 0.5, 2.611111111111111, 0.019762845849802372, 0.1702127659574468, 0.07692307692307693, 0.0380952380952381, 0.027777777777777776, 0.05555555555555555, 0.04285714285714286, 0.0898876404494382, 0.043859649122807015]
switch 9 are [0.2647058823529412, 0.046875, 0.14285714285714285, 0.07936507936507936, 0.0379746835443038, 0.06666666666666667, 0.13333333333333333, 0.0, 0.18181818181818182, 0.4166666666666667, 0.030927835051546393]
switch 10 are [0.4782608695652174, 0.3333333333333333, 0.015384615384615385, 0.010752688172043012, 0.2222222222222222, 0.15384615384615385, 0.038461538461538464]
switch 11 are [0.3333333333333333, 0.5625, 0.06299212598425197, 0.16666666666666666, 0.37142857142857144, 0.25, 0.6153846153846154, 0.25, 0.75]
switch 12 are [0.0, 2.75, 0.16666666666666666, 0.13333333333333333, 0.0, 0.26666666666666666, 0.8, 0.012048192771084338, 0.035842293906810034, 0.0]
switch 13 are [0.21052631578947367, 0.4186046511627907, 0.8125, 0.13043478260869565, 0.38461538461538464, 0.25]
switch 14 are [3.1666666666666665, 0.0, 0.09090909090909091, 0.041666666666666664, 0.13793103448275862, 1.24, 0.6666666666666666, 0.028985507246376812, 0.24242424242424243, 0.17647058823529413, 0.5, 0.17857142857142858]
switch 15 are [0.08333333333333333, 0.27586206896551724, 0.6666666666666666, 0.1, 0.037209302325581395, 0.35714285714285715]
switch 16 are [0.13333333333333333, 0.013513513513513514, 0.02127659574468085, 0.2125, 0.047619047619047616, 0.047619047619047616, 0.007246376811594203, 0.1320754716981132]
switch 17 are [0.0625, 0.1125, 0.08823529411764706, 0.5, 0.1111111111111111, 0.9166666666666666, 0.6923076923076923, 0.03333333333333333, 0.12790697674418605]
switch 18 are [0.5925925925925926, 0.05555555555555555, 0.027777777777777776, 0.05555555555555555, 0.45454545454545453, 0.5, 0.0425531914893617, 0.2727272727272727, 0.13513513513513514, 1.25, 0.5]
switch 19 are [0.14285714285714285, 0.011029411764705883, 0.01639344262295082, 0.0, 0.9166666666666666, 0.1875]
switch_ARE_with_trim_mean [0.4356479845361065, 0.20649064427823915, 0.19704891882311237, 0.13203265444644754, 0.44020722568962856, 0.24198055387494036, 0.19203312960798571, 0.12884434656146915, 0.14905575374390254, 0.10939153388768837, 0.1788944887121605, 0.3735894791997154, 0.17681964416807014, 0.36778018902939075, 0.33036252252025244, 0.25336903807232597, 0.07689792329241629, 0.2938401193645152, 0.2898516397334364, 0.2124077773185777]
