4 base2
d: 5 w: 3 k: 1
all [568.0] 

ans 568.0 

number 1 average are:  9.6669722421806 total flow 239  


4_baseline2_switch_ 0 = 398
4_baseline2_switch_ 1 = 384
4_baseline2_switch_ 2 = 326
4_baseline2_switch_ 3 = 316
4_baseline2_switch_ 4 = 0
4_baseline2_switch_ 5 = 0
4_baseline2_switch_ 6 = 0
4_baseline2_switch_ 7 = 0
4_baseline2_switch_ 8 = 636
4_baseline2_switch_ 9 = 634
4_baseline2_switch_ 10 = 566
4_baseline2_switch_ 11 = 564
4_baseline2_switch_ 12 = 0
4_baseline2_switch_ 13 = 0
4_baseline2_switch_ 14 = 0
4_baseline2_switch_ 15 = 0
4_baseline2_switch_ 16 = 244
4_baseline2_switch_ 17 = 244
4_baseline2_switch_ 18 = 244
4_baseline2_switch_ 19 = 244
pass through [398, 384, 326, 316, 0, 0, 0, 0, 636, 634, 566, 564, 0, 0, 0, 0, 244, 244, 244, 244]
num_of_flow_store_in_switch [20, 7, 16, 22, 0, 0, 0, 0, 17, 19, 20, 26, 0, 0, 0, 0, 20, 24, 25, 23]
switch 0 are [0.63, 0.37941176470588234, 9.321428571428571, 15.653846153846153, 9.321428571428571, 24.15, 8.03125, 17.0625, 23.083333333333332, 23.083333333333332, 11.074074074074074, 15.055555555555555, 15.055555555555555, 13.833333333333334, 19.941176470588236, 8.96551724137931, 9.787878787878787, 17.0625, 1.013953488372093, 0.9553264604810997]
switch 1 are [0.054313099041533544, 0.3316831683168317, 0.08974358974358974, 1.354368932038835, 0.7916666666666666, 1.3518518518518519, 10.944444444444445]
switch 2 are [0.52734375, 0.4017467248908297, 12.8, 9.857142857142858, 3.6, 1.4516129032258065, 13.964285714285714, 2.338709677419355, 9.857142857142858, 3.813953488372093, 26.375, 11.16, 14.923076923076923, 2.1231884057971016, 3.4574468085106385, 13.785714285714286]
switch 3 are [2.0128205128205128, 20.363636363636363, 9.428571428571429, 4.2272727272727275, 2.764705882352941, 18.4375, 6.9, 4.875, 4.980769230769231, 23.333333333333332, 4.042553191489362, 7.588235294117647, 5.583333333333333, 13.6875, 1.2461538461538462, 1.4488188976377954, 3.75, 3.75, 10.75, 18.75, 4.595238095238095, 18.583333333333332]
switch 4 are []
switch 5 are []
switch 6 are []
switch 7 are []
switch 8 are [0.2775616083009079, 1.490566037735849, 9.818181818181818, 12.142857142857142, 7.612903225806452, 0.7985074626865671, 1.3896103896103895, 17.307692307692307, 3.238095238095238, 16.6, 1.4536082474226804, 5.8, 2.521276595744681, 8.428571428571429, 9.153846153846153, 10.608695652173912, 6.67741935483871]
switch 9 are [3.607142857142857, 0.8733333333333333, 14.578947368421053, 9.928571428571429, 10.217391304347826, 24.5, 1.8333333333333333, 22.142857142857142, 20.5, 0.9952380952380953, 20.5, 16.2, 17.0, 10.4, 11.285714285714286, 8.923076923076923, 20.5, 1.144927536231884, 12.380952380952381]
switch 10 are [2.3214285714285716, 11.5, 6.053571428571429, 7.15625, 11.5, 3.982142857142857, 11.5, 11.428571428571429, 6.0, 6.411764705882353, 1.3773584905660377, 3.5, 5.26984126984127, 12.05, 0.8853754940711462, 2.9857142857142858, 30.818181818181817, 2.527027027027027, 2.4313725490196076, 2.237704918032787]
switch 11 are [2.4565217391304346, 2.546875, 7.107142857142857, 9.285714285714286, 9.428571428571429, 9.833333333333334, 11.0, 3.22, 2.3492063492063493, 16.583333333333332, 25.166666666666668, 13.066666666666666, 18.2, 8.08, 25.166666666666668, 8.6, 11.61111111111111, 4.722222222222222, 25.181818181818183, 0.8308823529411765, 2.6091954022988504, 5.545454545454546, 17.916666666666668, 23.0, 13.066666666666666, 17.916666666666668]
switch 12 are []
switch 13 are []
switch 14 are []
switch 15 are []
switch 16 are [6.928571428571429, 5.535714285714286, 8.15, 4.162790697674419, 8.821428571428571, 12.875, 3.575, 5.111111111111111, 5.638888888888889, 2.0933333333333333, 11.2, 8.631578947368421, 2.6144578313253013, 8.25, 5.166666666666667, 1.9875, 17.5, 8.303030303030303, 2.13953488372093, 10.6]
switch 17 are [7.733870967741935, 15.5, 5.0, 15.5, 15.8, 2.0097087378640777, 12.44, 0.6946107784431138, 0.5147540983606558, 54.214285714285715, 0.13837464700345153, 13.53125, 1.010752688172043, 22.0625, 25.714285714285715, 29.75, 10.64516129032258, 46.166666666666664, 8.882352941176471, 10.903225806451612, 34.53846153846154, 8.972972972972974, 27.0, 1.9473684210526316]
switch 18 are [8.714285714285714, 8.25, 7.0, 1.2033195020746887, 6.466666666666667, 6.0, 12.571428571428571, 12.571428571428571, 3.869565217391304, 13.0, 16.23076923076923, 0.1487151448879169, 21.666666666666668, 2.393939393939394, 6.771428571428571, 5.222222222222222, 4.063291139240507, 11.875, 17.133333333333333, 5.325581395348837, 20.583333333333332, 6.724137931034483, 2.4, 7.615384615384615, 3.8867924528301887]
switch 19 are [2.352112676056338, 7.964285714285714, 7.0, 3.5636363636363635, 6.0, 8.0, 17.866666666666667, 22.307692307692307, 24.727272727272727, 1.51875, 19.4375, 8.433333333333334, 1.8314606741573034, 6.466666666666667, 9.91304347826087, 8.52, 18.833333333333332, 13.0, 7.085714285714285, 2.1797752808988764, 19.363636363636363, 7.0, 6.225806451612903]
switch_ARE_with_trim_mean [12.201166099828416, 2.131153107443393, 7.404258405049117, 8.0392685016277, nan, nan, nan, nan, 6.515609249838068, 11.890479567993365, 6.050336815076976, 10.952854935983895, nan, nan, nan, nan, 6.55179835096877, 13.481826092847234, 8.004059763177723, 9.431868979689563]
4 base2
d: 5 w: 6 k: 1
all [368.6] 

ans 368.6 

number 1 average are:  3.3417559868385442 total flow 239  


4_baseline2_switch_ 0 = 398
4_baseline2_switch_ 1 = 384
4_baseline2_switch_ 2 = 326
4_baseline2_switch_ 3 = 316
4_baseline2_switch_ 4 = 0
4_baseline2_switch_ 5 = 0
4_baseline2_switch_ 6 = 0
4_baseline2_switch_ 7 = 0
4_baseline2_switch_ 8 = 636
4_baseline2_switch_ 9 = 634
4_baseline2_switch_ 10 = 566
4_baseline2_switch_ 11 = 564
4_baseline2_switch_ 12 = 0
4_baseline2_switch_ 13 = 0
4_baseline2_switch_ 14 = 0
4_baseline2_switch_ 15 = 0
4_baseline2_switch_ 16 = 244
4_baseline2_switch_ 17 = 244
4_baseline2_switch_ 18 = 244
4_baseline2_switch_ 19 = 244
pass through [398, 384, 326, 316, 0, 0, 0, 0, 636, 634, 566, 564, 0, 0, 0, 0, 244, 244, 244, 244]
num_of_flow_store_in_switch [23, 20, 20, 24, 0, 0, 0, 0, 26, 20, 23, 22, 0, 0, 0, 0, 14, 15, 17, 15]
switch 0 are [0.475, 0.27647058823529413, 11.25, 2.3214285714285716, 2.230769230769231, 5.785714285714286, 0.3029045643153527, 2.3214285714285716, 2.5483870967741935, 4.9375, 6.666666666666667, 6.0, 6.153846153846154, 8.166666666666666, 6.666666666666667, 10.777777777777779, 4.111111111111111, 9.892857142857142, 10.470588235294118, 6.916666666666667, 0.4186046511627907, 0.2027491408934708, 0.797752808988764]
switch 1 are [0.04472843450479233, 0.6831683168316832, 0.05128205128205128, 2.3009708737864076, 2.375, 0.20752269779507135, 1.425, 0.15333333333333332, 0.10377358490566038, 4.043478260869565, 8.75, 0.8450704225352113, 3.1785714285714284, 6.533333333333333, 3.7083333333333335, 0.6451612903225806, 3.769230769230769, 3.3461538461538463, 7.923076923076923, 1.7619047619047619]
switch 2 are [0.15625, 0.11790393013100436, 1.6304347826086956, 3.7333333333333334, 3.357142857142857, 0.43529411764705883, 0.8214285714285714, 2.107142857142857, 1.4285714285714286, 1.5588235294117647, 6.25, 11.75, 2.68, 7.666666666666667, 0.32786885245901637, 5.142857142857143, 4.916666666666667, 1.1333333333333333, 4.916666666666667, 11.75]
switch 3 are [1.0897435897435896, 9.545454545454545, 2.5357142857142856, 1.4696969696969697, 1.388235294117647, 5.714285714285714, 5.714285714285714, 3.0357142857142856, 6.8125, 2.966666666666667, 2.53125, 0.7678571428571429, 2.0, 0.9534883720930233, 9.066666666666666, 3.52, 3.64, 1.0098039215686274, 1.6111111111111112, 7.388888888888889, 0.3382352941176471, 1.0957446808510638, 0.9333333333333333, 6.25]
switch 4 are []
switch 5 are []
switch 6 are []
switch 7 are []
switch 8 are [5.0, 0.8467741935483871, 3.142857142857143, 5.464285714285714, 0.8928571428571429, 9.357142857142858, 3.9, 1.6296296296296295, 6.25, 0.019140257295262003, 2.0, 1.9206349206349207, 4.578947368421052, 3.0833333333333335, 2.6666666666666665, 10.3125, 21.833333333333332, 6.0, 5.434782608695652, 2.161290322580645, 7.25, 1.1046511627906976, 4.3, 3.2580645161290325, 0.9035087719298246, 14.333333333333334]
switch 9 are [6.631578947368421, 2.7857142857142856, 2.3454545454545452, 2.033333333333333, 0.3425925925925926, 2.142857142857143, 4.4, 1.9375, 2.1333333333333333, 5.285714285714286, 0.825, 2.0285714285714285, 2.6962025316455698, 6.333333333333333, 3.111111111111111, 3.12, 7.583333333333333, 1.6818181818181819, 3.9047619047619047, 1.6428571428571428]
switch 10 are [0.75, 3.5714285714285716, 3.15, 2.25, 3.7857142857142856, 2.9047619047619047, 1.3703703703703705, 5.071428571428571, 1.8888888888888888, 6.083333333333333, 5.15, 0.9142857142857143, 5.125, 0.9156626506024096, 4.125, 7.909090909090909, 0.9324324324324325, 5.611111111111111, 6.384615384615385, 1.7575757575757576, 2.2162162162162162, 6.083333333333333, 5.916666666666667]
switch 11 are [1.03125, 3.642857142857143, 2.642857142857143, 4.142857142857143, 0.8225806451612904, 4.21875, 1.9838709677419355, 4.714285714285714, 1.275, 2.72, 1.2884615384615385, 1.5106382978723405, 2.25, 5.8, 0.9767441860465116, 3.4, 0.625, 0.5144927536231884, 1.9142857142857144, 5.5, 4.95, 5.0]
switch 12 are []
switch 13 are []
switch 14 are []
switch 15 are []
switch 16 are [3.7674418604651163, 0.19402985074626866, 0.9019607843137255, 2.475, 0.2662337662337662, 0.17391304347826086, 4.416666666666667, 7.083333333333333, 0.3333333333333333, 0.06153846153846154, 0.31958762886597936, 6.8, 0.3, 4.555555555555555]
switch 17 are [4.214285714285714, 0.1715210355987055, 2.88, 0.5658682634730539, 0.23278688524590163, 0.16981132075471697, 0.6724137931034483, 1.7714285714285714, 0.17562724014336917, 0.648936170212766, 1.380952380952381, 0.2391304347826087, 1.1818181818181819, 3.7941176470588234, 4.142857142857143]
switch 18 are [1.8125, 2.4285714285714284, 0.30434782608695654, 4.75, 4.384615384615385, 0.01038819026790596, 5.75, 0.12121212121212122, 2.388888888888889, 0.3380952380952381, 0.2857142857142857, 5.0, 0.48031496062992124, 3.3793103448275863, 9.666666666666666, 5.0, 1.4150943396226414]
switch 19 are [2.2142857142857144, 3.7333333333333334, 2.8461538461538463, 1.875, 4.090909090909091, 8.0625, 3.1, 0.6292134831460674, 2.5, 1.608695652173913, 1.3666666666666667, 10.181818181818182, 0.5172413793103449, 1.9615384615384615, 2.3870967741935485]
switch_ARE_with_trim_mean [4.588661004755629, 2.1925003908066865, 3.006639425371004, 3.083023141403546, nan, nan, nan, nan, 4.118688734452468, 2.9739101600315996, 3.5741538996770443, 2.6935799162459153, nan, nan, nan, nan, 2.0419768741382227, 1.3736505958980734, 2.5225776545509637, 2.7981071555692805]
4 base2
d: 5 w: 9 k: 1
all [160.5] 

ans 160.5 

number 1 average are:  1.282930276425997 total flow 239  


4_baseline2_switch_ 0 = 398
4_baseline2_switch_ 1 = 384
4_baseline2_switch_ 2 = 326
4_baseline2_switch_ 3 = 316
4_baseline2_switch_ 4 = 0
4_baseline2_switch_ 5 = 0
4_baseline2_switch_ 6 = 0
4_baseline2_switch_ 7 = 0
4_baseline2_switch_ 8 = 636
4_baseline2_switch_ 9 = 634
4_baseline2_switch_ 10 = 566
4_baseline2_switch_ 11 = 564
4_baseline2_switch_ 12 = 0
4_baseline2_switch_ 13 = 0
4_baseline2_switch_ 14 = 0
4_baseline2_switch_ 15 = 0
4_baseline2_switch_ 16 = 244
4_baseline2_switch_ 17 = 244
4_baseline2_switch_ 18 = 244
4_baseline2_switch_ 19 = 244
pass through [398, 384, 326, 316, 0, 0, 0, 0, 636, 634, 566, 564, 0, 0, 0, 0, 244, 244, 244, 244]
num_of_flow_store_in_switch [18, 21, 18, 27, 0, 0, 0, 0, 22, 25, 19, 21, 0, 0, 0, 0, 16, 18, 20, 14]
switch 0 are [0.165, 0.03235294117647059, 1.5357142857142858, 0.8421052631578947, 1.6428571428571428, 1.0384615384615385, 1.9545454545454546, 0.509090909090909, 0.65, 0.8571428571428571, 1.7096774193548387, 1.2916666666666667, 0.8461538461538461, 0.6896551724137931, 1.826086956521739, 1.1515151515151516, 0.14776632302405499, 2.066666666666667]
switch 1 are [0.1182108626198083, 0.23267326732673269, 0.14957264957264957, 0.2815533980582524, 0.07142857142857142, 0.10635538261997406, 0.2916666666666667, 0.04, 3.3333333333333335, 0.25806451612903225, 0.6785714285714286, 1.3571428571428572, 0.5357142857142857, 0.6071428571428571, 0.6428571428571429, 0.6785714285714286, 0.39080459770114945, 3.6538461538461537, 4.125, 1.4761904761904763, 0.8709677419354839]
switch 2 are [0.03515625, 0.19213973799126638, 0.8260869565217391, 4.533333333333333, 3.142857142857143, 0.8588235294117647, 0.10714285714285714, 1.3571428571428572, 0.17857142857142858, 0.6785714285714286, 0.08870967741935484, 0.40625, 3.5833333333333335, 1.7142857142857142, 0.1346153846153846, 1.4166666666666667, 0.0392156862745098, 0.7142857142857143]
switch 3 are [0.1794871794871795, 3.4545454545454546, 3.8214285714285716, 0.0, 0.08235294117647059, 0.17857142857142858, 0.5357142857142857, 5.0, 0.2, 2.71875, 0.3392857142857143, 0.5714285714285714, 0.15269461077844312, 3.7142857142857144, 1.9841269841269842, 0.1702127659574468, 3.323529411764706, 0.76, 0.13953488372093023, 1.6666666666666667, 10.363636363636363, 0.14705882352941177, 2.0, 1.5833333333333333, 0.43617021276595747, 1.0, 2.5833333333333335]
switch 4 are []
switch 5 are []
switch 6 are []
switch 7 are []
switch 8 are [0.24528301886792453, 2.5, 0.1111111111111111, 0.9302325581395349, 0.8571428571428571, 0.1262135922330097, 1.6, 1.8125, 0.20522388059701493, 0.006589268904926263, 3.25, 1.3076923076923077, 1.0857142857142856, 4.666666666666667, 0.36486486486486486, 0.6071428571428571, 4.0, 1.5384615384615385, 0.9705882352941176, 3.4166666666666665, 0.32558139534883723, 1.096774193548387]
switch 9 are [4.173913043478261, 0.04225352112676056, 1.3214285714285714, 0.23651452282157676, 1.9333333333333333, 2.0714285714285716, 0.6111111111111112, 6.733333333333333, 0.8, 0.96875, 6.923076923076923, 2.7142857142857144, 1.1666666666666667, 0.5, 0.11875, 2.923076923076923, 2.5, 0.10606060606060606, 0.2, 1.4166666666666667, 1.9166666666666667, 3.037037037037037, 0.8409090909090909, 2.8333333333333335, 0.10697674418604651]
switch 10 are [0.65, 2.75, 1.0, 0.9444444444444444, 0.10163934426229508, 0.39215686274509803, 0.27672955974842767, 3.5, 0.1958762886597938, 0.3253012048192771, 4.0, 1.16, 1.8181818181818181, 4.833333333333333, 1.2222222222222223, 0.29508196721311475, 0.3333333333333333, 0.6190476190476191, 2.0833333333333335]
switch 11 are [0.453125, 0.17857142857142858, 0.8928571428571429, 0.17857142857142858, 0.14285714285714285, 0.84375, 0.06451612903225806, 0.42857142857142855, 2.0, 0.58, 2.3636363636363638, 0.023255813953488372, 0.9666666666666667, 1.5833333333333333, 0.25396825396825395, 0.07086614173228346, 0.9583333333333334, 3.0, 1.65, 3.9166666666666665, 1.2142857142857142]
switch 12 are []
switch 13 are []
switch 14 are []
switch 15 are []
switch 16 are [3.5625, 1.325, 0.4888888888888889, 0.5, 0.233201581027668, 0.3611111111111111, 0.05555555555555555, 0.18666666666666668, 0.9375, 0.18461538461538463, 0.5333333333333333, 1.0526315789473684, 0.75, 0.075, 2.0, 1.2]
switch 17 are [0.3620689655172414, 0.046875, 0.1746031746031746, 0.37142857142857144, 0.03942652329749104, 1.0, 0.0425531914893617, 2.4761904761904763, 3.3333333333333335, 1.5161290322580645, 0.5769230769230769, 6.25, 0.050724637681159424, 0.6774193548387096, 1.0, 0.5675675675675675, 1.0, 0.19298245614035087]
switch 18 are [1.8928571428571428, 0.5666666666666667, 1.4375, 0.002186987424822307, 0.2222222222222222, 0.09523809523809523, 0.35443037974683544, 0.75, 1.9333333333333333, 3.0, 2.9166666666666665, 0.5333333333333333, 3.75, 1.9310344827586208, 0.2, 1.1666666666666667, 1.0, 0.9047619047619048, 0.36231884057971014, 0.49056603773584906]
switch 19 are [2.25, 0.29213483146067415, 0.5666666666666667, 1.2608695652173914, 1.8, 1.6, 0.24, 0.5666666666666667, 0.64, 2.75, 1.4166666666666667, 1.0625, 0.3595505617977528, 3.727272727272727]
switch_ARE_with_trim_mean [1.0535899366637609, 0.7064348760090329, 0.9649186321931977, 1.376528606335832, nan, nan, nan, nan, 1.2355601250952335, 1.5424213331633132, 1.2685710972793225, 0.868199610493207, nan, nan, nan, nan, 0.7019963246136014, 0.836799927373193, 1.0413973548330595, 1.2137545798729847]
4 base2
d: 6 w: 9 k: 1
all [134.0] 

ans 134.0 

number 1 average are:  1.0811551763062124 total flow 239  


4_baseline2_switch_ 0 = 398
4_baseline2_switch_ 1 = 384
4_baseline2_switch_ 2 = 326
4_baseline2_switch_ 3 = 316
4_baseline2_switch_ 4 = 0
4_baseline2_switch_ 5 = 0
4_baseline2_switch_ 6 = 0
4_baseline2_switch_ 7 = 0
4_baseline2_switch_ 8 = 636
4_baseline2_switch_ 9 = 634
4_baseline2_switch_ 10 = 566
4_baseline2_switch_ 11 = 564
4_baseline2_switch_ 12 = 0
4_baseline2_switch_ 13 = 0
4_baseline2_switch_ 14 = 0
4_baseline2_switch_ 15 = 0
4_baseline2_switch_ 16 = 244
4_baseline2_switch_ 17 = 244
4_baseline2_switch_ 18 = 244
4_baseline2_switch_ 19 = 244
pass through [398, 384, 326, 316, 0, 0, 0, 0, 636, 634, 566, 564, 0, 0, 0, 0, 244, 244, 244, 244]
num_of_flow_store_in_switch [19, 22, 20, 25, 0, 0, 0, 0, 23, 17, 21, 23, 0, 0, 0, 0, 16, 16, 20, 17]
switch 0 are [0.16, 0.09117647058823529, 1.9642857142857142, 1.263157894736842, 0.6785714285714286, 0.8461538461538461, 3.0454545454545454, 1.4285714285714286, 0.5818181818181818, 0.14107883817427386, 2.25, 0.8928571428571429, 0.3023255813953488, 0.6071428571428571, 1.0, 2.0, 0.5945945945945946, 0.10652920962199312, 1.5238095238095237]
switch 1 are [0.12140575079872204, 0.05198019801980198, 0.5384615384615384, 0.8786407766990292, 0.21428571428571427, 0.019455252918287938, 0.18333333333333332, 0.15333333333333332, 2.2358490566037736, 4.869565217391305, 3.1666666666666665, 0.2112676056338028, 0.20161290322580644, 0.25, 0.21428571428571427, 0.07407407407407407, 0.04477611940298507, 1.375, 0.7241379310344828, 0.6521739130434783, 0.16666666666666666, 2.5625]
switch 2 are [0.0390625, 0.056768558951965066, 0.32608695652173914, 1.1333333333333333, 0.9642857142857143, 0.12941176470588237, 0.15476190476190477, 0.42857142857142855, 0.5, 0.20967741935483872, 0.9285714285714286, 0.42857142857142855, 0.8936170212765957, 0.8823529411764706, 2.4166666666666665, 0.44, 1.2, 2.4166666666666665, 1.3461538461538463, 1.9166666666666667]
switch 3 are [0.2948717948717949, 2.0, 0.8571428571428571, 0.5909090909090909, 0.38823529411764707, 1.2142857142857142, 1.8571428571428572, 2.9642857142857144, 2.25, 0.1875, 1.0, 0.17857142857142858, 0.9285714285714286, 1.7142857142857142, 0.5238095238095238, 3.3333333333333335, 0.16535433070866143, 0.9861111111111112, 1.0, 0.09558823529411764, 1.0666666666666667, 0.3939393939393939, 1.2, 0.660377358490566, 1.75]
switch 4 are []
switch 5 are []
switch 6 are []
switch 7 are []
switch 8 are [2.892857142857143, 0.4642857142857143, 1.25, 0.8928571428571429, 0.5357142857142857, 0.11974110032362459, 1.4838709677419355, 1.76, 2.0, 0.275, 0.013806087229369313, 4.461538461538462, 0.44, 0.6666666666666666, 0.75, 3.1666666666666665, 1.3529411764705883, 4.333333333333333, 0.7666666666666667, 7.0, 3.857142857142857, 1.2903225806451613, 0.2807017543859649]
switch 9 are [0.7666666666666667, 0.12037037037037036, 0.5, 1.0666666666666667, 1.7, 0.8, 1.9230769230769231, 1.7142857142857142, 2.1666666666666665, 0.20625, 2.75, 0.19696969696969696, 2.1666666666666665, 4.083333333333333, 0.7037037037037037, 0.14883720930232558, 2.909090909090909]
switch 10 are [1.1, 2.3666666666666667, 4.678571428571429, 1.4464285714285714, 0.12962962962962962, 0.0688622754491018, 0.05245901639344262, 0.19607843137254902, 2.357142857142857, 0.1949685534591195, 2.3157894736842106, 0.26506024096385544, 0.5625, 4.7272727272727275, 0.39215686274509803, 4.0, 0.1557377049180328, 0.19148936170212766, 1.088235294117647, 0.2558139534883721, 1.1428571428571428]
switch 11 are [0.015625, 1.4642857142857142, 0.4642857142857143, 3.392857142857143, 1.2857142857142858, 0.5241935483870968, 0.375, 1.6666666666666667, 0.3, 1.18, 1.8181818181818181, 0.11627906976744186, 0.23076923076923078, 0.0, 2.6666666666666665, 2.3333333333333335, 0.8461538461538461, 0.36231884057971014, 1.25, 0.7954545454545454, 3.3333333333333335, 1.7, 2.4166666666666665]
switch 12 are []
switch 13 are []
switch 14 are []
switch 15 are []
switch 16 are [0.8125, 0.4888888888888889, 0.05194805194805195, 0.15019762845849802, 0.16666666666666666, 2.5, 1.1875, 0.18461538461538463, 0.14432989690721648, 1.1333333333333333, 0.33783783783783783, 0.4375, 0.6666666666666666, 0.7857142857142857, 1.3333333333333333, 1.4615384615384615]
switch 17 are [0.22413793103448276, 1.3, 0.03125, 0.14285714285714285, 0.32857142857142857, 1.1142857142857143, 0.06810035842293907, 1.875, 0.1276595744680851, 1.4285714285714286, 0.16129032258064516, 0.5769230769230769, 1.5, 0.3939393939393939, 0.3548387096774194, 0.08333333333333333]
switch 18 are [0.043478260869565216, 0.75, 2.0, 0.0005467468562055768, 1.25, 0.02857142857142857, 0.75, 0.05714285714285714, 0.8571428571428571, 0.05063291139240506, 0.041666666666666664, 1.4666666666666666, 1.6, 0.4186046511627907, 0.4827586206896552, 0.2, 0.6666666666666666, 0.5238095238095238, 2.0833333333333335, 1.8666666666666667]
switch 19 are [1.375, 1.0333333333333334, 0.36666666666666664, 2.130434782608696, 1.5333333333333334, 1.4666666666666666, 0.8, 1.2333333333333334, 2.0, 0.08045977011494253, 0.68, 0.9166666666666666, 2.625, 0.8, 0.12359550561797752, 0.5714285714285714, 0.967741935483871]
switch_ARE_with_trim_mean [0.9612291906901869, 0.6005004727499595, 0.7426288658719549, 1.0020200111388473, nan, nan, nan, nan, 1.4978435239702172, 1.3145920548730627, 1.068267926127993, 1.1471563129954074, nan, nan, nan, nan, 0.6636158845686123, 0.5574648867617921, 0.6890772718047701, 1.066546719675941]
4 base2
d: 5 w: 3 k: 3
all [629.0] 

ans 629.0 

number 1 average are:  8.469265148683112 total flow 239  


4_baseline2_switch_ 0 = 398
4_baseline2_switch_ 1 = 384
4_baseline2_switch_ 2 = 326
4_baseline2_switch_ 3 = 316
4_baseline2_switch_ 4 = 2
4_baseline2_switch_ 5 = 2
4_baseline2_switch_ 6 = 4
4_baseline2_switch_ 7 = 2
4_baseline2_switch_ 8 = 634
4_baseline2_switch_ 9 = 636
4_baseline2_switch_ 10 = 562
4_baseline2_switch_ 11 = 568
4_baseline2_switch_ 12 = 12
4_baseline2_switch_ 13 = 12
4_baseline2_switch_ 14 = 12
4_baseline2_switch_ 15 = 12
4_baseline2_switch_ 16 = 254
4_baseline2_switch_ 17 = 252
4_baseline2_switch_ 18 = 256
4_baseline2_switch_ 19 = 252
pass through [398, 384, 326, 316, 2, 2, 4, 2, 634, 636, 562, 568, 12, 12, 12, 12, 254, 252, 256, 252]
num_of_flow_store_in_switch [19, 13, 15, 26, 1, 0, 0, 0, 14, 22, 15, 21, 4, 4, 2, 5, 22, 17, 20, 19]
switch 0 are [0.63, 0.9588235294117647, 7.428571428571429, 15.842105263157896, 19.0, 2.2685185185185186, 8.44, 16.77777777777778, 12.444444444444445, 7.642857142857143, 17.823529411764707, 35.666666666666664, 14.238095238095237, 7.137931034482759, 14.347826086956522, 19.0, 1.4046511627906977, 2.595505617977528, 21.857142857142858]
switch 1 are [0.8849840255591054, 0.6831683168316832, 1.1495726495726495, 0.5436893203883495, 3.1607142857142856, 0.8790322580645161, 10.03125, 21.714285714285715, 13.708333333333334, 2.795698924731183, 22.0, 8.64516129032258, 6.119047619047619]
switch 2 are [0.6328125, 0.5327510917030568, 2.652173913043478, 22.4, 11.678571428571429, 6.981481481481482, 3.883720930232558, 35.916666666666664, 1.1095238095238096, 1.1649484536082475, 29.545454545454547, 7.75, 0.5845588235294118, 27.0, 1.434782608695652]
switch 3 are [3.4358974358974357, 20.0, 7.642857142857143, 2.6666666666666665, 7.25, 8.333333333333334, 4.384615384615385, 6.117647058823529, 19.166666666666668, 14.4, 15.133333333333333, 10.2, 5.6, 1.0681003584229392, 19.3125, 18.25, 7.166666666666667, 3.0833333333333335, 2.9148936170212765, 6.0, 18.25, 22.333333333333332, 7.25, 4.283018867924528, 18.25, 8.03225806451613]
switch 4 are [0.0]
switch 5 are []
switch 6 are []
switch 7 are []
switch 8 are [0.2490272373540856, 1.6833333333333333, 1.6603773584905661, 11.384615384615385, 3.490740740740741, 11.05, 19.083333333333332, 0.6205533596837944, 1.220472440944882, 15.066666666666666, 2.425531914893617, 2.0125, 15.066666666666666, 10.476190476190476]
switch 9 are [1.04, 10.0, 12.304347826086957, 22.833333333333332, 8.214285714285714, 11.9, 10.483870967741936, 16.875, 20.5, 18.846153846153847, 18.066666666666666, 22.833333333333332, 15.125, 1.7384615384615385, 24.666666666666668, 2.4864864864864864, 2.825, 22.833333333333332, 14.88888888888889, 8.923076923076923, 3.7666666666666666, 0.738831615120275]
switch 10 are [2.4642857142857144, 4.196428571428571, 2.8870967741935485, 9.041666666666666, 6.275, 0.26885245901639343, 3.82, 22.454545454545453, 2.8253968253968256, 9.32, 8.923076923076923, 1.4565217391304348, 20.5, 7.32258064516129, 6.428571428571429]
switch 11 are [2.4235294117647057, 3.0352941176470587, 2.5, 7.0, 2.4838709677419355, 9.952380952380953, 7.470588235294118, 9.925, 5.388888888888889, 3.893617021276596, 23.25, 13.933333333333334, 1.9607843137254901, 1.6475409836065573, 22.23076923076923, 2.7333333333333334, 13.375, 10.5, 17.666666666666668, 24.166666666666668, 2.008771929824561]
switch 12 are [0.5357142857142857, 0.0, 0.0, 0.0]
switch 13 are [0.0, 0.0, 0.0, 0.0]
switch 14 are [0.0, 0.0]
switch 15 are [0.0, 0.0, 0.0, 0.0, 0.0]
switch 16 are [10.035714285714286, 10.035714285714286, 7.392857142857143, 1.2282157676348548, 7.78125, 10.035714285714286, 0.8862275449101796, 18.3125, 0.06432381550047066, 18.583333333333332, 2.5606060606060606, 7.828571428571428, 7.765625, 9.217391304347826, 15.263157894736842, 5.534883720930233, 2.3855421686746987, 9.3, 20.363636363636363, 2.9195402298850577, 8.038461538461538, 5.351351351351352]
switch 17 are [8.25, 8.75, 3.8214285714285716, 3.709090909090909, 7.53125, 18.923076923076923, 0.6417910447761194, 1.30625, 16.0625, 8.1, 2.033707865168539, 8.266666666666667, 3.4126984126984126, 2.278481012658228, 14.61111111111111, 11.64, 6.617647058823529]
switch 18 are [7.321428571428571, 6.678571428571429, 12.214285714285714, 6.357142857142857, 10.2, 3.25, 0.4368932038834951, 3.869565217391304, 12.4375, 0.08146528157463094, 2.706896551724138, 4.177777777777778, 9.3, 4.722222222222222, 16.166666666666668, 7.206896551724138, 9.238095238095237, 10.444444444444445, 16.166666666666668, 17.727272727272727]
switch 19 are [2.619718309859155, 7.464285714285714, 10.5, 11.68, 22.785714285714285, 17.23076923076923, 0.9937106918238994, 1.1623376623376624, 5.063492063492063, 8.25, 3.6, 2.4266666666666667, 14.8, 13.8125, 7.777777777777778, 6.181818181818182, 6.613636363636363, 3.2906976744186047, 15.1]
switch_ARE_with_trim_mean [11.129869383173489, 6.34284076522388, 8.98600219185697, 9.748046404772216, 0.0, nan, nan, nan, 6.34647069518551, 12.36725401062124, 6.573894252916261, 8.030649652289492, 0.13392857142857142, 0.0, 0.0, 0.0, 7.832616470288883, 7.092722107176398, 7.893218327592156, 8.092570567356555]
4 base2
d: 5 w: 6 k: 3
all [229.0] 

ans 229.0 

number 1 average are:  2.7667885711871887 total flow 239  


4_baseline2_switch_ 0 = 398
4_baseline2_switch_ 1 = 384
4_baseline2_switch_ 2 = 326
4_baseline2_switch_ 3 = 316
4_baseline2_switch_ 4 = 2
4_baseline2_switch_ 5 = 2
4_baseline2_switch_ 6 = 4
4_baseline2_switch_ 7 = 2
4_baseline2_switch_ 8 = 636
4_baseline2_switch_ 9 = 634
4_baseline2_switch_ 10 = 566
4_baseline2_switch_ 11 = 564
4_baseline2_switch_ 12 = 10
4_baseline2_switch_ 13 = 12
4_baseline2_switch_ 14 = 12
4_baseline2_switch_ 15 = 12
4_baseline2_switch_ 16 = 250
4_baseline2_switch_ 17 = 256
4_baseline2_switch_ 18 = 254
4_baseline2_switch_ 19 = 252
pass through [398, 384, 326, 316, 2, 2, 4, 2, 636, 634, 566, 564, 10, 12, 12, 12, 250, 256, 254, 252]
num_of_flow_store_in_switch [15, 20, 19, 17, 0, 0, 1, 0, 20, 20, 23, 21, 4, 1, 1, 3, 17, 17, 17, 23]
switch 0 are [0.075, 0.07941176470588235, 1.5714285714285714, 3.6842105263157894, 2.107142857142857, 2.423076923076923, 2.272727272727273, 2.3214285714285716, 0.9454545454545454, 0.1991701244813278, 0.7129629629629629, 10.9, 6.25, 2.8076923076923075, 3.7142857142857144]
switch 1 are [0.04153354632587859, 0.5792079207920792, 0.04700854700854701, 0.23300970873786409, 1.5357142857142858, 0.04798962386511025, 0.5943396226415094, 3.347826086956522, 3.9166666666666665, 2.5714285714285716, 2.8666666666666667, 7.916666666666667, 7.916666666666667, 0.6621621621621622, 9.545454545454545, 3.8333333333333335, 8.666666666666666, 2.6774193548387095, 2.5714285714285716, 1.5476190476190477]
switch 2 are [0.125, 0.1572052401746725, 0.5760869565217391, 3.6, 0.4117647058823529, 1.2380952380952381, 3.4375, 2.0357142857142856, 3.107142857142857, 1.65625, 3.857142857142857, 0.19148936170212766, 2.5416666666666665, 4.666666666666667, 0.6666666666666666, 0.7, 2.3823529411764706, 8.583333333333334, 4.371428571428571]
switch 3 are [1.3846153846153846, 11.272727272727273, 3.892857142857143, 0.36363636363636365, 0.8, 2.892857142857143, 5.25, 3.28125, 0.9642857142857143, 0.7301587301587301, 2.235294117647059, 0.3855421686746988, 0.07168458781362007, 0.3235294117647059, 0.7222222222222222, 1.351063829787234, 6.5]
switch 4 are []
switch 5 are []
switch 6 are [0.0]
switch 7 are []
switch 8 are [0.8916666666666667, 0.16129032258064516, 6.428571428571429, 3.892857142857143, 0.19642857142857142, 2.6785714285714284, 6.428571428571429, 2.21875, 12.76923076923077, 8.0, 6.357142857142857, 0.6095238095238096, 1.8734177215189873, 4.391304347826087, 0.23404255319148937, 5.0588235294117645, 1.826086956521739, 0.35348837209302325, 0.5910652920962199, 0.5701754385964912]
switch 9 are [0.2733333333333333, 1.0140845070422535, 3.1785714285714284, 4.107142857142857, 0.37037037037037035, 5.516129032258065, 5.230769230769231, 7.6, 5.25, 4.4, 3.0, 7.416666666666667, 0.5161290322580645, 2.08, 7.416666666666667, 2.4827586206896552, 4.666666666666667, 3.25, 6.0, 1.320754716981132]
switch 10 are [1.0357142857142858, 5.321428571428571, 2.95, 2.142857142857143, 1.75, 2.357142857142857, 1.7142857142857142, 2.2222222222222223, 3.0588235294117645, 6.909090909090909, 1.2884615384615385, 6.083333333333333, 4.866666666666666, 2.48, 3.9375, 2.36, 0.5819672131147541, 1.15, 2.2162162162162162, 5.333333333333333, 0.9887640449438202, 5.333333333333333, 3.35]
switch 11 are [1.8214285714285714, 2.4285714285714284, 2.642857142857143, 1.8928571428571428, 2.642857142857143, 0.33064516129032256, 1.2333333333333334, 0.9516129032258065, 2.9285714285714284, 1.2, 1.46, 1.813953488372093, 3.2083333333333335, 7.2, 7.7272727272727275, 8.416666666666666, 2.857142857142857, 0.29411764705882354, 4.583333333333333, 2.096774193548387, 5.75]
switch 12 are [0.0, 0.0, 0.0, 0.0]
switch 13 are [0.0]
switch 14 are [0.0]
switch 15 are [0.0, 0.0, 0.0]
switch 16 are [2.0357142857142856, 6.0625, 0.2578616352201258, 0.9310344827586207, 0.37333333333333335, 6.083333333333333, 6.421052631578948, 0.5348837209302325, 5.2, 2.6875, 0.7625, 1.6785714285714286, 5.222222222222222, 0.42028985507246375, 3.7045454545454546, 0.8255813953488372, 3.7142857142857144]
switch 17 are [2.65, 0.4186046511627907, 3.0714285714285716, 2.6, 0.17537313432835822, 1.2222222222222223, 0.7532467532467533, 0.78125, 1.5555555555555556, 1.1111111111111112, 0.13846153846153847, 1.1, 9.222222222222221, 0.7816091954022989, 2.8461538461538463, 2.272727272727273, 4.083333333333333]
switch 18 are [1.7857142857142858, 3.7333333333333334, 0.0744336569579288, 0.3125, 1.1666666666666667, 1.2333333333333334, 0.2727272727272727, 0.4015748031496063, 4.733333333333333, 3.7333333333333334, 3.0555555555555554, 1.8076923076923077, 6.153846153846154, 1.5757575757575757, 4.461538461538462, 5.2, 2.3870967741935485]
switch 19 are [2.0, 2.6666666666666665, 0.281437125748503, 8.071428571428571, 5.125, 2.0, 0.45454545454545453, 2.3142857142857145, 3.9, 0.5555555555555556, 0.25396825396825395, 2.0428571428571427, 4.625, 7.166666666666667, 0.30927835051546393, 1.5142857142857142, 7.916666666666667, 2.3793103448275863, 0.8875, 7.074074074074074, 4.444444444444445, 6.25, 3.8]
switch_ARE_with_trim_mean [2.237614780130979, 2.676134059761527, 2.093951353822422, 2.07182081523376, nan, nan, 0.0, nan, 2.775253685822535, 3.7143545474403767, 2.8877887058459817, 2.747742723496, 0.0, 0.0, 0.0, 0.0, 2.6824196817410617, 1.6948410431114742, 2.390677135755241, 3.132077375196025]
4 base2
d: 5 w: 9 k: 3
all [134.0] 

ans 134.0 

number 1 average are:  1.0806345206427415 total flow 239  


4_baseline2_switch_ 0 = 398
4_baseline2_switch_ 1 = 384
4_baseline2_switch_ 2 = 326
4_baseline2_switch_ 3 = 316
4_baseline2_switch_ 4 = 2
4_baseline2_switch_ 5 = 2
4_baseline2_switch_ 6 = 2
4_baseline2_switch_ 7 = 2
4_baseline2_switch_ 8 = 636
4_baseline2_switch_ 9 = 634
4_baseline2_switch_ 10 = 566
4_baseline2_switch_ 11 = 564
4_baseline2_switch_ 12 = 10
4_baseline2_switch_ 13 = 10
4_baseline2_switch_ 14 = 10
4_baseline2_switch_ 15 = 12
4_baseline2_switch_ 16 = 254
4_baseline2_switch_ 17 = 252
4_baseline2_switch_ 18 = 252
4_baseline2_switch_ 19 = 252
pass through [398, 384, 326, 316, 2, 2, 2, 2, 636, 634, 566, 564, 10, 10, 10, 12, 254, 252, 252, 252]
num_of_flow_store_in_switch [17, 22, 19, 22, 0, 0, 0, 0, 19, 17, 20, 22, 0, 1, 1, 4, 20, 15, 23, 17]
switch 0 are [0.115, 0.04411764705882353, 1.7857142857142858, 0.5263157894736842, 0.6071428571428571, 1.1153846153846154, 1.3636363636363635, 1.7857142857142858, 0.08713692946058091, 1.75, 0.35714285714285715, 0.5, 4.583333333333333, 0.13953488372093023, 0.29213483146067415, 0.5116279069767442, 2.5]
switch 1 are [0.34185303514376997, 0.0024752475247524753, 0.05128205128205128, 1.9320388349514563, 0.8035714285714286, 0.10765239948119326, 1.5, 0.14150943396226415, 1.2608695652173914, 1.1666666666666667, 0.1267605633802817, 0.1935483870967742, 5.0, 1.6071428571428572, 0.5, 1.3928571428571428, 1.7333333333333334, 1.2083333333333333, 1.0588235294117647, 0.8636363636363636, 3.0952380952380953, 0.37719298245614036]
switch 2 are [0.05859375, 0.12663755458515283, 0.05434782608695652, 2.1333333333333333, 2.392857142857143, 0.17647058823529413, 0.32142857142857145, 0.25, 3.0, 1.3214285714285714, 0.6071428571428571, 0.26785714285714285, 0.17857142857142858, 0.21774193548387097, 0.14, 0.56, 0.12295081967213115, 1.25, 2.3636363636363638]
switch 3 are [0.038461538461538464, 0.7272727272727273, 0.5, 1.0454545454545454, 0.18823529411764706, 0.14285714285714285, 3.4642857142857144, 1.0625, 0.2, 0.25, 0.28125, 0.25, 0.8035714285714286, 1.25, 0.23076923076923078, 0.6875, 0.68, 1.1333333333333333, 0.32978723404255317, 0.6166666666666667, 2.5, 2.0833333333333335]
switch 4 are []
switch 5 are []
switch 6 are []
switch 7 are []
switch 8 are [1.1785714285714286, 0.14285714285714285, 0.21296296296296297, 0.20930232558139536, 2.0, 0.06472491909385113, 0.25806451612903225, 2.1875, 0.23134328358208955, 2.125, 0.1, 2.8461538461538463, 2.8, 2.6666666666666665, 2.0555555555555554, 1.0434782608695652, 2.1875, 0.1958762886597938, 0.9285714285714286]
switch 9 are [0.38, 0.9090909090909091, 0.5714285714285714, 0.3055555555555556, 0.7142857142857143, 1.6, 0.6, 1.5, 1.4166666666666667, 2.9166666666666665, 0.627906976744186, 0.2375, 1.4444444444444444, 1.8823529411764706, 1.3448275862068966, 1.5625, 0.9354838709677419]
switch 10 are [1.1428571428571428, 0.65, 1.8571428571428572, 1.5, 3.3333333333333335, 0.6851851851851852, 0.11976047904191617, 0.08196721311475409, 0.5686274509803921, 2.4285714285714284, 0.2, 0.44680851063829785, 0.0, 0.11469534050179211, 2.090909090909091, 0.125, 0.049019607843137254, 0.05514705882352941, 0.8, 1.8333333333333333]
switch 11 are [0.8571428571428571, 0.25, 0.25806451612903225, 0.7142857142857143, 0.4583333333333333, 0.7, 1.2727272727272727, 0.09302325581395349, 0.8, 0.4444444444444444, 2.5, 1.0833333333333333, 1.0666666666666667, 1.0, 1.0555555555555556, 0.2916666666666667, 0.6071428571428571, 0.050724637681159424, 0.9696969696969697, 2.5, 3.4166666666666665, 2.0833333333333335]
switch 12 are []
switch 13 are [0.0]
switch 14 are [0.0]
switch 15 are [0.0, 0.0, 0.0, 0.0]
switch 16 are [0.6, 0.05928853754940711, 0.3333333333333333, 0.3670886075949367, 0.4166666666666667, 4.25, 1.3333333333333333, 2.533333333333333, 0.37142857142857144, 4.75, 1.206896551724138, 1.3125, 0.21621621621621623, 3.0, 0.25806451612903225, 1.1153846153846154, 1.4230769230769231, 2.0833333333333335, 3.076923076923077, 0.3333333333333333]
switch 17 are [0.64, 0.009727016002510198, 0.07547169811320754, 0.27586206896551724, 1.2857142857142858, 0.07792207792207792, 0.047619047619047616, 0.8695652173913043, 2.3333333333333335, 1.1428571428571428, 0.5, 1.6363636363636365, 1.2222222222222223, 1.8333333333333333, 2.3846153846153846]
switch 18 are [0.7666666666666667, 0.043478260869565216, 4.5625, 4.384615384615385, 0.020229633679606344, 4.0, 0.3484848484848485, 0.0449438202247191, 1.3, 0.009523809523809525, 0.2, 2.0625, 2.473684210526316, 1.4, 0.1724137931034483, 0.9230769230769231, 2.142857142857143, 2.25, 0.6216216216216216, 1.2, 1.4, 0.5952380952380952, 0.967741935483871]
switch 19 are [4.615384615384615, 0.05625, 5.125, 0.2698412698412698, 1.0277777777777777, 0.12371134020618557, 0.9333333333333333, 0.1566265060240964, 3.0833333333333335, 2.24, 0.4722222222222222, 0.3404255319148936, 0.92, 0.12318840579710146, 0.7419354838709677, 2.642857142857143, 0.660377358490566]
switch_ARE_with_trim_mean [0.895765707055192, 0.9064327698134534, 0.7346264740724624, 0.6844263218645259, nan, nan, nan, nan, 1.2072499917651214, 1.052969549104477, 0.7669646039080182, 0.9117996400254467, nan, 0.0, 0.0, 0.0, 1.235293512224664, 0.9184818510642393, 1.2059319641133273, 1.2234009547369002]
4 base2
d: 6 w: 9 k: 3
all [236.0] 

ans 236.0 

number 1 average are:  1.0570922027004044 total flow 239  


4_baseline2_switch_ 0 = 398
4_baseline2_switch_ 1 = 384
4_baseline2_switch_ 2 = 326
4_baseline2_switch_ 3 = 316
4_baseline2_switch_ 4 = 2
4_baseline2_switch_ 5 = 0
4_baseline2_switch_ 6 = 2
4_baseline2_switch_ 7 = 2
4_baseline2_switch_ 8 = 636
4_baseline2_switch_ 9 = 634
4_baseline2_switch_ 10 = 564
4_baseline2_switch_ 11 = 566
4_baseline2_switch_ 12 = 10
4_baseline2_switch_ 13 = 10
4_baseline2_switch_ 14 = 10
4_baseline2_switch_ 15 = 10
4_baseline2_switch_ 16 = 254
4_baseline2_switch_ 17 = 252
4_baseline2_switch_ 18 = 252
4_baseline2_switch_ 19 = 252
pass through [398, 384, 326, 316, 2, 0, 2, 2, 636, 634, 564, 566, 10, 10, 10, 10, 254, 252, 252, 252]
num_of_flow_store_in_switch [18, 27, 22, 22, 0, 0, 0, 0, 18, 18, 22, 14, 2, 1, 2, 4, 19, 14, 18, 18]
switch 0 are [0.0, 0.06764705882352941, 1.3571428571428572, 0.8947368421052632, 0.8214285714285714, 0.8846153846153846, 1.3181818181818181, 1.5, 0.16363636363636364, 0.08713692946058091, 0.5357142857142857, 2.0, 3.25, 2.1666666666666665, 0.6857142857142857, 1.4, 2.1818181818181817, 2.0]
switch 1 are [0.025559105431309903, 0.20544554455445543, 0.3803418803418803, 0.6116504854368932, 0.6964285714285714, 0.04798962386511025, 0.008333333333333333, 0.07333333333333333, 0.10377358490566038, 0.8260869565217391, 0.29577464788732394, 0.6209677419354839, 0.7142857142857143, 1.75, 0.35714285714285715, 2.4, 14.461538461538462, 4.0, 4.666666666666667, 1.5862068965517242, 9.5, 0.10232558139534884, 5.666666666666667, 2.6774193548387095, 0.6666666666666666, 0.6228070175438597, 1.1935483870967742]
switch 2 are [0.03125, 0.07860262008733625, 0.13043478260869565, 5.933333333333334, 0.14285714285714285, 0.03571428571428571, 0.109375, 0.5, 1.0714285714285714, 3.1785714285714284, 0.14285714285714285, 0.016129032258064516, 0.21428571428571427, 0.03225806451612903, 0.14285714285714285, 0.0392156862745098, 0.12162162162162163, 2.5384615384615383, 0.5166666666666667, 2.5, 1.3333333333333333, 1.6666666666666667]
switch 3 are [0.20512820512820512, 6.818181818181818, 0.75, 0.22727272727272727, 0.17647058823529413, 0.07142857142857142, 0.39285714285714285, 0.17857142857142858, 1.5, 2.6333333333333333, 1.0625, 0.6785714285714286, 1.4285714285714286, 0.10714285714285714, 2.5454545454545454, 0.006014215418261345, 0.0, 1.1666666666666667, 0.18055555555555555, 0.6065573770491803, 0.3617021276595745, 1.6666666666666667]
switch 4 are []
switch 5 are []
switch 6 are []
switch 7 are []
switch 8 are [0.39285714285714285, 0.4642857142857143, 0.7857142857142857, 3.9, 0.3611111111111111, 0.18604651162790697, 1.8214285714285714, 0.045307443365695796, 1.2580645161290323, 0.96, 0.3805970149253731, 0.11875, 0.07575757575757576, 2.28, 0.36666666666666664, 0.11683848797250859, 0.24719101123595505, 2.05]
switch 9 are [2.5833333333333335, 1.0, 0.2962962962962963, 1.0, 1.1071428571428572, 1.2, 0.90625, 1.0666666666666667, 1.5625, 1.6666666666666667, 0.5277777777777778, 2.066666666666667, 2.8333333333333335, 1.6470588235294117, 1.6111111111111112, 1.608695652173913, 1.0, 1.6875]
switch 10 are [0.4, 0.375, 1.9523809523809523, 0.3148148148148148, 0.10778443113772455, 0.10163934426229508, 0.6428571428571429, 0.4883720930232558, 1.4375, 2.9166666666666665, 0.20634920634920634, 0.3076923076923077, 1.9166666666666667, 1.0, 2.2, 2.090909090909091, 0.12745098039215685, 1.6666666666666667, 2.727272727272727, 0.07352941176470588, 0.6176470588235294, 2.6153846153846154]
switch 11 are [0.011764705882352941, 0.2857142857142857, 0.25, 0.1875, 0.03125, 0.20833333333333334, 0.025, 0.6, 0.011235955056179775, 0.44680851063829785, 0.058823529411764705, 0.5625, 0.6785714285714286, 2.25]
switch 12 are [0.0, 0.0]
switch 13 are [0.0]
switch 14 are [0.0, 0.0]
switch 15 are [0.0, 0.0, 0.0, 0.0]
switch 16 are [1.173913043478261, 2.15, 0.009099466582993411, 0.23376623376623376, 0.2, 0.06349206349206349, 0.13924050632911392, 0.3333333333333333, 0.6, 0.015384615384615385, 1.5833333333333333, 0.8611111111111112, 1.202127659574468, 1.0, 0.7307692307692307, 1.75, 1.75, 0.34782608695652173, 1.2857142857142858]
switch 17 are [0.8666666666666667, 0.09090909090909091, 0.43478260869565216, 0.3488372093023256, 0.0963855421686747, 1.7333333333333334, 0.1, 2.75, 0.0967741935483871, 1.0476190476190477, 0.30303030303030304, 0.5454545454545454, 0.5135135135135135, 0.3584905660377358]
switch 18 are [2.3125, 0.3111111111111111, 0.5277777777777778, 1.015625, 0.16666666666666666, 2.9583333333333335, 0.7586206896551724, 0.5333333333333333, 1.0, 0.2875, 1.2380952380952381, 1.0, 0.6923076923076923, 2.9166666666666665, 2.3846153846153846, 0.11594202898550725, 0.45161290322580644, 2.25]
switch 19 are [1.375, 4.230769230769231, 0.10062893081761007, 0.1896551724137931, 1.0571428571428572, 0.5, 0.0, 0.36507936507936506, 1.4666666666666666, 1.4166666666666667, 0.5833333333333334, 1.36, 1.037037037037037, 0.9444444444444444, 0.3218390804597701, 0.7045454545454546, 0.43023255813953487, 1.0357142857142858]
switch_ARE_with_trim_mean [1.1290274528317368, 1.3158925295245845, 0.6287019989020277, 0.7392287398239596, nan, nan, nan, nan, 0.7415817881069902, 1.3900855971917754, 1.0259708903943408, 0.27885548279595523, 0.0, 0.0, 0.0, 0.0, 0.7805889119554453, 0.5370739607808488, 1.1154020289659279, 0.8054991157788012]
4 base2
d: 5 w: 3 k: 5
all [562.0] 

ans 562.0 

number 1 average are:  8.265697188324976 total flow 239  


4_baseline2_switch_ 0 = 398
4_baseline2_switch_ 1 = 384
4_baseline2_switch_ 2 = 326
4_baseline2_switch_ 3 = 316
4_baseline2_switch_ 4 = 2
4_baseline2_switch_ 5 = 2
4_baseline2_switch_ 6 = 4
4_baseline2_switch_ 7 = 2
4_baseline2_switch_ 8 = 636
4_baseline2_switch_ 9 = 634
4_baseline2_switch_ 10 = 564
4_baseline2_switch_ 11 = 566
4_baseline2_switch_ 12 = 12
4_baseline2_switch_ 13 = 12
4_baseline2_switch_ 14 = 14
4_baseline2_switch_ 15 = 14
4_baseline2_switch_ 16 = 254
4_baseline2_switch_ 17 = 252
4_baseline2_switch_ 18 = 256
4_baseline2_switch_ 19 = 256
pass through [398, 384, 326, 316, 2, 2, 4, 2, 636, 634, 564, 566, 12, 12, 14, 14, 254, 252, 256, 256]
num_of_flow_store_in_switch [17, 13, 19, 19, 0, 0, 0, 0, 13, 24, 18, 17, 4, 3, 4, 4, 26, 19, 21, 18]
switch 0 are [0.56, 0.43823529411764706, 8.035714285714286, 12.31578947368421, 10.454545454545455, 1.8240740740740742, 19.5, 10.714285714285714, 13.470588235294118, 11.047619047619047, 8.692307692307692, 7.482758620689655, 9.956521739130435, 17.923076923076923, 6.666666666666667, 11.666666666666666, 7.129032258064516]
switch 1 are [0.45686900958466453, 0.24257425742574257, 1.8205128205128205, 1.7572815533980584, 2.9464285714285716, 0.92, 5.8125, 17.416666666666668, 13.533333333333333, 9.066666666666666, 1.945945945945946, 1.7625, 23.0]
switch 2 are [1.28515625, 1.3755458515283843, 1.9456521739130435, 14.642857142857142, 3.129032258064516, 11.904761904761905, 16.083333333333332, 1.023715415019763, 1.0857142857142856, 11.882352941176471, 1.1134020618556701, 7.96, 19.3125, 14.055555555555555, 11.5, 6.884615384615385, 21.583333333333332, 3.5166666666666666, 17.636363636363637]
switch 3 are [2.2435897435897436, 23.454545454545453, 3.0757575757575757, 8.035714285714286, 0.8215767634854771, 4.741935483870968, 5.325, 11.65, 1.0078740157480315, 2.736111111111111, 15.833333333333334, 15.833333333333334, 2.734042553191489, 28.666666666666668, 16.8, 11.65, 1.9912280701754386, 20.083333333333332, 7.161290322580645]
switch 4 are []
switch 5 are []
switch 6 are []
switch 7 are []
switch 8 are [0.038910505836575876, 0.9666666666666667, 0.9245283018867925, 6.846153846153846, 1.1111111111111112, 12.129032258064516, 15.857142857142858, 4.9, 7.869565217391305, 21.61111111111111, 24.4375, 0.7209302325581395, 0.7594501718213058]
switch 9 are [6.857142857142857, 9.608695652173912, 18.75, 2.436619718309859, 6.857142857142857, 7.178571428571429, 11.95, 13.3125, 17.333333333333332, 15.923076923076923, 3.2698412698412698, 2.2714285714285714, 3.32, 14.8, 17.333333333333332, 14.8, 2.4578313253012047, 8.166666666666666, 8.037037037037036, 8.875, 18.083333333333332, 17.333333333333332, 5.9393939393939394, 17.333333333333332]
switch 10 are [12.8, 2.0357142857142856, 8.107142857142858, 4.7592592592592595, 3.14, 11.9375, 6.466666666666667, 0.5194805194805194, 2.49438202247191, 3.404255319148936, 16.25, 11.11111111111111, 2.574712643678161, 4.914285714285715, 3.033707865168539, 2.872093023255814, 17.166666666666668, 17.166666666666668]
switch 11 are [9.892857142857142, 1.6705882352941177, 2.988235294117647, 3.640625, 10.3, 5.906976744186046, 0.07599781301257517, 3.8412698412698414, 5.519230769230769, 4.296875, 3.7142857142857144, 35.833333333333336, 11.2, 26.727272727272727, 1.9901960784313726, 1.2169117647058822, 0.860655737704918]
switch 12 are [0.0, 0.0, 0.0, 0.0]
switch 13 are [0.0, 0.0, 0.0]
switch 14 are [0.07142857142857142, 1.0714285714285714, 0.0, 0.0]
switch 15 are [0.0, 0.03571428571428571, 0.0, 0.0]
switch 16 are [7.035714285714286, 6.928571428571429, 7.035714285714286, 6.25, 10.25, 9.15, 14.615384615384615, 3.4130434782608696, 16.076923076923077, 6.5, 1.0377358490566038, 5.722222222222222, 5.766666666666667, 8.25, 13.0625, 12.533333333333333, 12.533333333333333, 11.68421052631579, 17.75, 7.310344827586207, 2.6375, 7.88, 17.75, 6.161290322580645, 12.533333333333333, 7.642857142857143]
switch 17 are [1.2096774193548387, 8.714285714285714, 3.857142857142857, 8.678571428571429, 8.033333333333333, 8.714285714285714, 0.69375, 15.9375, 28.333333333333332, 11.194444444444445, 2.4430379746835444, 17.066666666666666, 8.257142857142858, 5.325581395348837, 0.6164874551971327, 7.382352941176471, 5.2272727272727275, 22.75, 19.357142857142858]
switch 18 are [19.107142857142858, 11.285714285714286, 10.107142857142858, 4.363636363636363, 14.75, 10.466666666666667, 0.7694610778443114, 0.4262295081967213, 30.272727272727273, 20.071428571428573, 17.4375, 0.07624725447128962, 6.2, 0.9384615384615385, 9.08, 8.88888888888889, 17.4375, 10.107142857142858, 2.3440860215053765, 6.023809523809524, 4.566037735849057]
switch 19 are [7.178571428571429, 3.0892857142857144, 11.5, 0.2524271844660194, 9.32, 8.541666666666666, 4.0588235294117645, 3.4482758620689653, 2.4696969696969697, 5.361111111111111, 18.083333333333332, 2.723404255319149, 31.545454545454547, 2.079710144927536, 1.5942028985507246, 13.3125, 16.615384615384617, 5.972972972972973]
switch_ARE_with_trim_mean [9.195976456787966, 5.221700415230611, 8.547853496847411, 9.079828742134396, nan, nan, nan, nan, 6.699608343082514, 10.534311664484074, 7.066718589660621, 6.251065336623745, 0.0, 0.0, 0.2857142857142857, 0.008928571428571428, 9.015247403581693, 9.108364019461899, 9.051364157282624, 7.209308718893809]
4 base2
d: 5 w: 6 k: 5
all [197.0] 

ans 197.0 

number 1 average are:  2.7140422602761656 total flow 239  


4_baseline2_switch_ 0 = 398
4_baseline2_switch_ 1 = 384
4_baseline2_switch_ 2 = 326
4_baseline2_switch_ 3 = 316
4_baseline2_switch_ 4 = 4
4_baseline2_switch_ 5 = 2
4_baseline2_switch_ 6 = 4
4_baseline2_switch_ 7 = 2
4_baseline2_switch_ 8 = 634
4_baseline2_switch_ 9 = 636
4_baseline2_switch_ 10 = 566
4_baseline2_switch_ 11 = 564
4_baseline2_switch_ 12 = 12
4_baseline2_switch_ 13 = 12
4_baseline2_switch_ 14 = 12
4_baseline2_switch_ 15 = 12
4_baseline2_switch_ 16 = 252
4_baseline2_switch_ 17 = 254
4_baseline2_switch_ 18 = 254
4_baseline2_switch_ 19 = 252
pass through [398, 384, 326, 316, 4, 2, 4, 2, 634, 636, 566, 564, 12, 12, 12, 12, 252, 254, 254, 252]
num_of_flow_store_in_switch [17, 16, 19, 21, 0, 0, 0, 0, 21, 15, 22, 20, 2, 3, 1, 3, 17, 19, 18, 25]
switch 0 are [0.32, 0.2, 1.5357142857142858, 4.315789473684211, 1.8571428571428572, 2.1923076923076925, 2.2142857142857144, 1.5, 4.0, 0.29523809523809524, 5.666666666666667, 4.0, 6.0588235294117645, 1.8620689655172413, 3.625, 0.2508591065292096, 2.2580645161290325]
switch 1 are [1.4376996805111821, 0.009900990099009901, 1.7264957264957266, 0.019417475728155338, 1.6071428571428572, 0.1556420233463035, 0.03333333333333333, 0.4716981132075472, 1.826086956521739, 4.416666666666667, 0.4084507042253521, 0.03225806451612903, 4.0, 0.967741935483871, 5.4, 1.3571428571428572]
switch 2 are [0.31640625, 0.05240174672489083, 2.1847826086956523, 6.866666666666666, 0.38823529411764707, 2.2142857142857144, 0.3125, 2.25, 2.2142857142857144, 0.10483870967741936, 1.08, 2.1379310344827585, 2.64, 6.5, 0.5531914893617021, 3.857142857142857, 0.4918032786885246, 0.55, 1.5714285714285714]
switch 3 are [1.141025641025641, 6.636363636363637, 1.6785714285714286, 1.2121212121212122, 0.4470588235294118, 2.357142857142857, 2.357142857142857, 4.25, 0.12903225806451613, 2.375, 1.9285714285714286, 1.2058823529411764, 1.8333333333333333, 11.375, 0.2230769230769231, 4.125, 0.5490196078431373, 9.11111111111111, 0.20955882352941177, 5.833333333333333, 6.0]
switch 4 are []
switch 5 are []
switch 6 are []
switch 7 are []
switch 8 are [2.0454545454545454, 1.9285714285714286, 2.857142857142857, 1.5892857142857142, 2.5714285714285716, 4.4, 0.8888888888888888, 2.5, 3.0, 2.03125, 6.5, 4.833333333333333, 6.461538461538462, 5.466666666666667, 5.666666666666667, 3.5555555555555554, 2.411764705882353, 5.5, 2.8095238095238093, 0.5, 5.666666666666667]
switch 9 are [0.5733333333333334, 1.75, 0.26556016597510373, 0.3611111111111111, 1.7419354838709677, 4.928571428571429, 3.7, 4.5, 4.533333333333333, 2.5555555555555554, 3.611111111111111, 1.8695652173913044, 3.0, 1.972972972972973, 0.14418604651162792]
switch 10 are [1.9821428571428572, 2.392857142857143, 2.7, 1.4666666666666666, 2.392857142857143, 2.15625, 0.8703703703703703, 1.2325581395348837, 0.8571428571428571, 9.466666666666667, 10.583333333333334, 2.8, 0.6024096385542169, 3.375, 1.8, 5.619047619047619, 9.636363636363637, 4.346153846153846, 1.8076923076923077, 1.878787878787879, 0.8764044943820225, 12.916666666666666]
switch 11 are [1.8214285714285714, 2.857142857142857, 3.9285714285714284, 3.4642857142857144, 2.3125, 4.571428571428571, 1.5714285714285714, 4.6, 2.4761904761904763, 1.075, 0.75, 6.583333333333333, 0.5531914893617021, 0.6825396825396826, 4.266666666666667, 9.545454545454545, 1.6666666666666667, 0.7361111111111112, 0.7659574468085106, 1.1886792452830188]
switch 12 are [0.0, 0.0]
switch 13 are [0.0, 0.15384615384615385, 0.0]
switch 14 are [0.0]
switch 15 are [0.0, 0.0, 0.0]
switch 16 are [3.7142857142857144, 1.8372093023255813, 3.0, 3.533333333333333, 1.4705882352941178, 2.25, 0.9365079365079365, 0.8133333333333334, 0.5360824742268041, 4.666666666666667, 0.6511627906976745, 2.5416666666666665, 0.6811594202898551, 1.9090909090909092, 4.833333333333333, 0.8666666666666667, 2.935483870967742]
switch 17 are [7.076923076923077, 7.16, 0.15298507462686567, 9.909090909090908, 0.73125, 9.8125, 1.4137931034482758, 0.2857142857142857, 0.9722222222222222, 1.2687747035573123, 0.28125, 0.5822784810126582, 0.7714285714285715, 0.36220472440944884, 10.566666666666666, 0.4189189189189189, 0.5, 5.833333333333333, 4.076923076923077]
switch 18 are [1.4333333333333333, 1.75, 0.1377049180327869, 0.6956521739130435, 5.375, 0.0898876404494382, 4.4, 0.3046594982078853, 0.55, 5.083333333333333, 4.333333333333333, 5.083333333333333, 5.230769230769231, 1.5454545454545454, 1.7096774193548387, 4.583333333333333, 3.05, 2.4642857142857144]
switch 19 are [3.4545454545454546, 2.392857142857143, 1.3928571428571428, 0.3042071197411003, 4.083333333333333, 0.17964071856287425, 4.9375, 8.416666666666666, 3.7714285714285714, 3.5, 1.7826086956521738, 5.958333333333333, 6.916666666666667, 7.368421052631579, 2.085714285714286, 6.5, 0.8045977011494253, 4.0, 2.1153846153846154, 4.523809523809524, 0.45652173913043476, 2.2, 0.9418604651162791, 5.0, 5.090909090909091]
switch_ARE_with_trim_mean [2.3928758248810005, 1.318555456737266, 1.7274606777745036, 2.597214319705669, nan, nan, nan, nan, 3.46078297183401, 2.341113714204215, 3.1555454871401687, 2.3782535829382603, 0.0, 0.05128205128205129, 0.0, 0.0, 2.120476989741747, 3.026859141587182, 2.647179385417794, 3.424234655327975]
4 base2
d: 5 w: 9 k: 5
all [155.0] 

ans 155.0 

number 1 average are:  1.1427636506653764 total flow 239  


4_baseline2_switch_ 0 = 398
4_baseline2_switch_ 1 = 384
4_baseline2_switch_ 2 = 326
4_baseline2_switch_ 3 = 316
4_baseline2_switch_ 4 = 4
4_baseline2_switch_ 5 = 2
4_baseline2_switch_ 6 = 4
4_baseline2_switch_ 7 = 2
4_baseline2_switch_ 8 = 634
4_baseline2_switch_ 9 = 636
4_baseline2_switch_ 10 = 568
4_baseline2_switch_ 11 = 562
4_baseline2_switch_ 12 = 12
4_baseline2_switch_ 13 = 12
4_baseline2_switch_ 14 = 12
4_baseline2_switch_ 15 = 12
4_baseline2_switch_ 16 = 254
4_baseline2_switch_ 17 = 256
4_baseline2_switch_ 18 = 250
4_baseline2_switch_ 19 = 252
pass through [398, 384, 326, 316, 4, 2, 4, 2, 634, 636, 568, 562, 12, 12, 12, 12, 254, 256, 250, 252]
num_of_flow_store_in_switch [17, 20, 22, 24, 0, 0, 0, 0, 20, 21, 18, 19, 2, 1, 3, 1, 17, 21, 17, 16]
switch 0 are [0.24, 0.07058823529411765, 0.32142857142857145, 0.5263157894736842, 0.75, 0.8846153846153846, 1.2727272727272727, 0.10909090909090909, 0.058091286307053944, 0.05555555555555555, 0.7441860465116279, 0.6774193548387096, 15.125, 2.3076923076923075, 3.3333333333333335, 1.0, 0.1813953488372093]
switch 1 are [0.6134185303514377, 0.0024752475247524753, 0.06837606837606838, 0.009708737864077669, 0.07142857142857142, 0.018158236057068743, 0.13333333333333333, 0.0, 0.19811320754716982, 0.7391304347826086, 7.166666666666667, 0.39436619718309857, 0.42857142857142855, 0.21428571428571427, 0.10714285714285714, 0.5714285714285714, 0.21428571428571427, 1.6666666666666667, 2.25, 2.0]
switch 2 are [0.140625, 0.021834061135371178, 0.15217391304347827, 2.2, 1.2142857142857142, 1.1647058823529413, 0.40476190476190477, 1.875, 3.4642857142857144, 0.5714285714285714, 0.3, 0.1935483870967742, 0.14285714285714285, 0.375, 0.875, 1.7638888888888888, 0.03676470588235294, 1.9166666666666667, 0.13043478260869565, 0.32978723404255317, 1.6666666666666667, 3.0]
switch 3 are [0.07692307692307693, 2.0, 0.4642857142857143, 1.0151515151515151, 0.43529411764705883, 1.3214285714285714, 1.3214285714285714, 3.8125, 0.26666666666666666, 1.09375, 2.21875, 1.3214285714285714, 2.2142857142857144, 0.5, 0.041916167664670656, 0.23809523809523808, 3.5, 4.416666666666667, 0.5555555555555556, 0.65, 1.75, 1.202247191011236, 0.5465116279069767, 2.0833333333333335]
switch 4 are []
switch 5 are []
switch 6 are []
switch 7 are []
switch 8 are [0.16129032258064516, 1.0, 1.3, 0.14814814814814814, 0.9642857142857143, 0.07119741100323625, 0.72, 0.08955223880597014, 1.8571428571428572, 3.8333333333333335, 1.1875, 0.25, 3.4166666666666665, 0.24025974025974026, 2.3333333333333335, 1.2083333333333333, 2.5294117647058822, 2.5625, 1.8, 1.4761904761904763]
switch 9 are [0.8571428571428571, 0.7, 1.7142857142857142, 1.3928571428571428, 1.8928571428571428, 2.7333333333333334, 1.05, 1.4375, 2.5, 1.4615384615384615, 0.5217391304347826, 5.5625, 2.923076923076923, 2.4166666666666665, 2.0344827586206895, 1.434782608695652, 0.18840579710144928, 0.140893470790378, 3.25, 1.0, 0.20175438596491227]
switch 10 are [1.1428571428571428, 1.9642857142857142, 0.8928571428571429, 2.7142857142857144, 2.7142857142857144, 0.0, 0.08, 0.11764705882352941, 0.13953488372093023, 1.5833333333333333, 0.15384615384615385, 0.2247191011235955, 0.1388888888888889, 0.009523809523809525, 0.22857142857142856, 0.32, 0.24, 1.7272727272727273]
switch 11 are [0.21428571428571427, 2.142857142857143, 1.75, 0.1875, 0.7903225806451613, 0.1, 0.04918032786885246, 3.3636363636363638, 2.382978723404255, 1.088235294117647, 0.05017921146953405, 0.5416666666666666, 0.09574468085106383, 0.46078431372549017, 0.1721311475409836, 0.7142857142857143, 2.0833333333333335, 0.8064516129032258, 0.5405405405405406]
switch 12 are [0.0, 0.0]
switch 13 are [0.0]
switch 14 are [0.0, 0.0, 0.0]
switch 15 are [0.0]
switch 16 are [0.006014215418261345, 0.15151515151515152, 0.37549407114624506, 0.3125, 0.7222222222222222, 0.25, 0.37333333333333335, 0.07692307692307693, 0.6666666666666666, 0.18072289156626506, 2.4166666666666665, 0.5238095238095238, 0.9444444444444444, 0.22988505747126436, 5.153846153846154, 1.65, 0.5094339622641509]
switch 17 are [0.275, 0.3, 0.8666666666666667, 0.0, 4.166666666666667, 3.466666666666667, 3.466666666666667, 2.1724137931034484, 0.36, 0.6944444444444444, 0.1891891891891892, 0.375, 0.3, 2.5, 1.5, 1.1538461538461537, 2.230769230769231, 1.5588235294117647, 0.7954545454545454, 0.5833333333333334, 1.0]
switch 18 are [2.3125, 0.9555555555555556, 0.38095238095238093, 0.46835443037974683, 0.75, 1.8666666666666667, 0.6842105263157895, 1.4666666666666666, 0.75, 0.7037037037037037, 4.181818181818182, 1.75, 0.7272727272727273, 0.6060606060606061, 0.4857142857142857, 1.7857142857142858, 0.6190476190476191]
switch 19 are [1.0, 0.009413241292751805, 0.006289308176100629, 0.15517241379310345, 1.0571428571428572, 1.35, 1.391304347826087, 1.125, 1.5, 0.24731182795698925, 0.4, 1.8333333333333333, 1.5625, 1.8, 1.1071428571428572, 1.5833333333333333]
switch_ARE_with_trim_mean [0.831792256010012, 0.4655258918315242, 0.8564905974833334, 1.234910619411236, nan, nan, nan, nan, 1.2336497306237582, 1.5454127720867223, 0.729851443711882, 0.8306645103897925, 0.0, 0.0, 0.0, 0.0, 0.6255744712019341, 1.1842599037468384, 1.0620978048731768, 1.0205943484634272]
4 base2
d: 6 w: 9 k: 5
all [87.0] 

ans 87.0 

number 1 average are:  0.9540443082550325 total flow 239  


4_baseline2_switch_ 0 = 398
4_baseline2_switch_ 1 = 384
4_baseline2_switch_ 2 = 326
4_baseline2_switch_ 3 = 316
4_baseline2_switch_ 4 = 2
4_baseline2_switch_ 5 = 2
4_baseline2_switch_ 6 = 2
4_baseline2_switch_ 7 = 2
4_baseline2_switch_ 8 = 634
4_baseline2_switch_ 9 = 636
4_baseline2_switch_ 10 = 568
4_baseline2_switch_ 11 = 562
4_baseline2_switch_ 12 = 10
4_baseline2_switch_ 13 = 10
4_baseline2_switch_ 14 = 12
4_baseline2_switch_ 15 = 12
4_baseline2_switch_ 16 = 256
4_baseline2_switch_ 17 = 252
4_baseline2_switch_ 18 = 252
4_baseline2_switch_ 19 = 252
pass through [398, 384, 326, 316, 2, 2, 2, 2, 634, 636, 568, 562, 10, 10, 12, 12, 256, 252, 252, 252]
num_of_flow_store_in_switch [17, 24, 19, 23, 0, 0, 0, 0, 19, 21, 20, 20, 2, 0, 2, 2, 21, 12, 22, 15]
switch 0 are [0.055, 0.026470588235294117, 0.39285714285714285, 1.3157894736842106, 0.32142857142857145, 1.6153846153846154, 0.22727272727272727, 0.10714285714285714, 0.45454545454545453, 0.07053941908713693, 0.2, 1.5161290322580645, 1.4375, 0.09302325581395349, 1.2666666666666666, 2.5454545454545454, 2.5833333333333335]
switch 1 are [0.2971246006389776, 0.034653465346534656, 0.19230769230769232, 0.0, 0.21428571428571427, 0.20752269779507135, 0.008333333333333333, 0.2866666666666667, 0.8018867924528302, 1.7826086956521738, 3.0, 0.7605633802816901, 0.8145161290322581, 0.39285714285714285, 2.357142857142857, 1.25, 1.3928571428571428, 0.65, 1.8571428571428572, 3.25, 1.125, 0.17391304347826086, 1.2857142857142858, 0.32075471698113206]
switch 2 are [0.01953125, 0.13100436681222707, 0.08695652173913043, 0.8, 0.21428571428571427, 0.0, 0.03125, 1.0357142857142858, 0.39285714285714285, 1.0357142857142858, 0.2857142857142857, 0.45, 0.0967741935483871, 0.0, 0.07407407407407407, 0.0, 0.2978723404255319, 1.5, 1.5]
switch 3 are [0.358974358974359, 2.090909090909091, 1.3214285714285714, 0.09090909090909091, 0.3176470588235294, 0.6785714285714286, 1.3214285714285714, 0.10714285714285714, 0.25, 0.13333333333333333, 0.0, 0.11627906976744186, 1.5833333333333333, 0.24, 2.090909090909091, 3.1666666666666665, 0.3548387096774194, 0.2553191489361702, 0.5161290322580645, 3.6875, 2.076923076923077, 0.30337078651685395, 5.166666666666667]
switch 4 are []
switch 5 are []
switch 6 are []
switch 7 are []
switch 8 are [1.25, 0.16666666666666666, 0.9302325581395349, 0.5, 0.04854368932038835, 1.88, 2.0833333333333335, 0.9375, 0.18125, 0.55, 1.0833333333333333, 0.25757575757575757, 1.75, 0.6666666666666666, 0.8620689655172413, 1.2173913043478262, 2.4166666666666665, 0.8064516129032258, 0.21052631578947367]
switch 9 are [2.107142857142857, 0.7666666666666667, 0.03571428571428571, 0.1574074074074074, 1.5714285714285714, 0.35714285714285715, 3.3333333333333335, 1.03125, 0.6333333333333333, 2.6923076923076925, 0.06343283582089553, 0.45652173913043476, 1.1, 2.5384615384615383, 2.533333333333333, 1.7058823529411764, 0.5, 1.0625, 0.09621993127147767, 0.26744186046511625, 0.95]
switch 10 are [0.047619047619047616, 0.32142857142857145, 0.1875, 1.6785714285714286, 0.8392857142857143, 4.285714285714286, 0.0, 0.004373974849644614, 1.4666666666666666, 0.19230769230769232, 0.5882352941176471, 0.92, 1.3333333333333333, 0.3627450980392157, 0.8333333333333334, 0.014705882352941176, 0.21311475409836064, 4.0, 0.07246376811594203, 0.25]
switch 11 are [0.10714285714285714, 0.375, 0.0967741935483871, 0.42857142857142855, 0.5714285714285714, 1.9583333333333333, 0.14285714285714285, 0.07784431137724551, 0.019672131147540985, 3.6363636363636362, 0.6428571428571429, 1.0625, 0.06349206349206349, 1.75, 3.8, 0.5416666666666666, 0.0375, 0.96, 1.8333333333333333, 0.7142857142857143]
switch 12 are [0.0, 0.0]
switch 13 are []
switch 14 are [0.0, 0.0]
switch 15 are [0.0, 0.0]
switch 16 are [1.196078431372549, 3.923076923076923, 2.3333333333333335, 0.1038961038961039, 0.08333333333333333, 0.5443037974683544, 0.8333333333333334, 4.5, 0.9310344827586207, 1.6875, 0.17567567567567569, 0.1625, 1.6666666666666667, 3.0, 1.2222222222222223, 0.8461538461538461, 1.6666666666666667, 1.4166666666666667, 0.5, 1.3333333333333333, 0.8]
switch 17 are [0.08300395256916997, 0.015873015873015872, 0.8695652173913043, 0.2, 1.2, 1.2, 0.6666666666666666, 0.8333333333333334, 0.7692307692307693, 4.0, 1.0476190476190477, 0.8387096774193549]
switch 18 are [5.5, 0.2222222222222222, 0.16853932584269662, 0.06666666666666667, 0.5873015873015873, 0.8285714285714286, 2.6, 2.0625, 0.12307692307692308, 0.7894736842105263, 0.37349397590361444, 0.48, 2.066666666666667, 2.1904761904761907, 0.5555555555555556, 1.5, 1.3333333333333333, 3.769230769230769, 1.303030303030303, 0.48484848484848486, 0.4864864864864865, 1.0714285714285714]
switch 19 are [0.012550988390335738, 0.050314465408805034, 0.8275862068965517, 1.6857142857142857, 0.0761904761904762, 0.203125, 0.9166666666666666, 0.6944444444444444, 0.8666666666666667, 0.37209302325581395, 0.8333333333333334, 0.8928571428571429, 0.1839080459770115, 0.7352941176470589, 1.4]
switch_ARE_with_trim_mean [0.7745822507730631, 0.8098758940316644, 0.3795146153461803, 0.9096423255578874, nan, nan, nan, nan, 0.901940971427827, 1.0491019087485158, 0.5825819115168683, 0.7078804224308679, 0.0, nan, 0.0, 0.0, 1.1950275562147805, 0.7708128664229645, 1.0613293231043148, 0.6194215068726133]
