4 base2
d: 5 w: 3 k: 1
all [1394.0] 

ans 1394.0 

number 1 average are:  39.37466043090753 total flow 239  


4_baseline2_switch_ 0 = 712
4_baseline2_switch_ 1 = 712
4_baseline2_switch_ 2 = 0
4_baseline2_switch_ 3 = 0
4_baseline2_switch_ 4 = 0
4_baseline2_switch_ 5 = 0
4_baseline2_switch_ 6 = 0
4_baseline2_switch_ 7 = 0
4_baseline2_switch_ 8 = 712
4_baseline2_switch_ 9 = 712
4_baseline2_switch_ 10 = 0
4_baseline2_switch_ 11 = 0
4_baseline2_switch_ 12 = 0
4_baseline2_switch_ 13 = 0
4_baseline2_switch_ 14 = 0
4_baseline2_switch_ 15 = 0
4_baseline2_switch_ 16 = 0
4_baseline2_switch_ 17 = 0
4_baseline2_switch_ 18 = 0
4_baseline2_switch_ 19 = 0
pass through [712, 712, 0, 0, 0, 0, 0, 0, 712, 712, 0, 0, 0, 0, 0, 0, 0, 0, 0, 0]
num_of_flow_store_in_switch [50, 61, 0, 0, 0, 0, 0, 0, 64, 64, 0, 0, 0, 0, 0, 0, 0, 0, 0, 0]
switch 0 are [5.425, 2.3322683706070286, 2.386138613861386, 14.538461538461538, 109.18181818181819, 21.036363636363635, 51.15, 79.9375, 39.4, 11.314814814814815, 52.958333333333336, 48.666666666666664, 3.2131147540983607, 27.91304347826087, 109.18181818181819, 6.575, 74.75, 7.144654088050315, 25.933333333333334, 5.7727272727272725, 3.7905138339920947, 21.19148936170213, 38.11764705882353, 82.125, 9.472440944881889, 68.53333333333333, 50.4, 74.75, 49.5, 64.1875, 60.666666666666664, 70.38888888888889, 56.94444444444444, 16.84722222222222, 70.94444444444444, 93.81818181818181, 8.934426229508198, 40.72, 45.61538461538461, 85.91666666666667, 51.69565217391305, 12.670212765957446, 114.16666666666667, 32.645161290322584, 97.84615384615384, 3.8511627906976744, 3.450171821305842, 13.093023255813954, 79.8, 85.91666666666667]
switch 1 are [3.80078125, 3.6650485436893203, 3.1965065502183405, 0.8897535667963683, 45.5, 19.439393939393938, 12.583333333333334, 39.75, 39.75, 42.892857142857146, 39.75, 9.629032258064516, 29.651162790697676, 44.714285714285715, 39.75, 75.06666666666666, 56.05, 3.2135922330097086, 35.806451612903224, 4.197761194029851, 24.84313725490196, 41.666666666666664, 33.138888888888886, 37.03333333333333, 4.852380952380952, 17.11111111111111, 52.43478260869565, 16.066666666666666, 63.06666666666667, 79.08333333333333, 75.06666666666666, 63.06666666666667, 86.36363636363636, 38.3448275862069, 37.44, 79.08333333333333, 42.4, 55.529411764705884, 14.149425287356323, 71.33333333333333, 48.23076923076923, 101.41666666666667, 79.08333333333333, 8.77536231884058, 36.24242424242424, 28.12121212121212, 105.66666666666667, 29.65909090909091, 24.972972972972972, 79.0, 94.08333333333333, 79.08333333333333, 79.08333333333333, 47.05, 80.5, 44.76190476190476, 33.32142857142857, 29.476190476190474, 9.008771929824562, 79.08333333333333, 30.0]
switch 2 are []
switch 3 are []
switch 4 are []
switch 5 are []
switch 6 are []
switch 7 are []
switch 8 are [4.55982905982906, 2.8264705882352943, 8.341666666666667, 73.73333333333333, 43.526315789473685, 29.214285714285715, 48.30434782608695, 37.45454545454545, 12.341176470588236, 16.71875, 35.035714285714285, 36.142857142857146, 14.107142857142858, 35.035714285714285, 3.6514522821576763, 51.0, 39.5, 25.4375, 15.274193548387096, 43.17857142857143, 36.142857142857146, 29.214285714285715, 30.53125, 64.07692307692308, 17.685185185185187, 29.925, 19.18, 80.0, 22.46511627906977, 64.0, 0.24913711954816442, 83.08333333333333, 16.396551724137932, 12.428571428571429, 28.714285714285715, 83.08333333333333, 17.0, 22.5, 13.857142857142858, 34.25, 66.26666666666667, 13.474226804123711, 27.82857142857143, 2.6164874551971327, 32.84, 69.5, 27.02777777777778, 10.063829787234043, 12.0, 36.370370370370374, 46.0, 69.5, 29.214285714285715, 34.25, 8.096774193548388, 48.523809523809526, 64.07692307692308, 29.58823529411765, 16.333333333333332, 51.875, 28.714285714285715, 41.3, 93.54545454545455, 26.29032258064516]
switch 9 are [18.982142857142858, 11.16304347826087, 6.766666666666667, 40.785714285714285, 9.99056603773585, 40.82142857142857, 44.03846153846154, 96.08333333333333, 15.408450704225352, 12.16470588235294, 9.330645161290322, 40.607142857142854, 38.964285714285715, 38.964285714285715, 38.964285714285715, 40.82142857142857, 19.803571428571427, 40.607142857142854, 38.964285714285715, 35.59375, 43.766666666666666, 38.964285714285715, 35.40625, 9.787037037037036, 46.964285714285715, 18.982142857142858, 38.964285714285715, 38.03333333333333, 45.6, 68.9375, 3.940119760479042, 82.21428571428571, 96.08333333333333, 72.125, 26.975, 85.07692307692308, 0.5970475669764899, 96.08333333333333, 15.954545454545455, 21.403846153846153, 63.05, 13.393258426966293, 85.07692307692308, 17.203125, 34.638888888888886, 13.810126582278482, 92.25, 8.007692307692308, 92.25, 96.5, 84.4, 57.89473684210526, 25.023255813953487, 13.096385542168674, 14.743243243243244, 13.625, 10.42156862745098, 3.113970588235294, 44.0, 43.172413793103445, 8.297101449275363, 18.5, 12.146067415730338, 20.9811320754717]
switch 10 are []
switch 11 are []
switch 12 are []
switch 13 are []
switch 14 are []
switch 15 are []
switch 16 are []
switch 17 are []
switch 18 are []
switch 19 are []
switch_ARE_with_trim_mean [41.68608329955875, 42.07987639007704, nan, nan, nan, nan, nan, nan, 31.933030551243014, 34.813593266403124, nan, nan, nan, nan, nan, nan, nan, nan, nan, nan]
4 base2
d: 5 w: 6 k: 1
all [747.0] 

ans 747.0 

number 1 average are:  16.352608010812787 total flow 239  


4_baseline2_switch_ 0 = 712
4_baseline2_switch_ 1 = 712
4_baseline2_switch_ 2 = 0
4_baseline2_switch_ 3 = 0
4_baseline2_switch_ 4 = 0
4_baseline2_switch_ 5 = 0
4_baseline2_switch_ 6 = 0
4_baseline2_switch_ 7 = 0
4_baseline2_switch_ 8 = 712
4_baseline2_switch_ 9 = 712
4_baseline2_switch_ 10 = 0
4_baseline2_switch_ 11 = 0
4_baseline2_switch_ 12 = 0
4_baseline2_switch_ 13 = 0
4_baseline2_switch_ 14 = 0
4_baseline2_switch_ 15 = 0
4_baseline2_switch_ 16 = 0
4_baseline2_switch_ 17 = 0
4_baseline2_switch_ 18 = 0
4_baseline2_switch_ 19 = 0
pass through [712, 712, 0, 0, 0, 0, 0, 0, 712, 712, 0, 0, 0, 0, 0, 0, 0, 0, 0, 0]
num_of_flow_store_in_switch [60, 55, 0, 0, 0, 0, 0, 0, 58, 66, 0, 0, 0, 0, 0, 0, 0, 0, 0, 0]
switch 0 are [1.42, 0.7092651757188498, 1.2821782178217822, 0.9273504273504274, 6.857142857142857, 5.858974358974359, 38.0, 0.6764705882352942, 2.7416666666666667, 24.2, 16.181818181818183, 15.035714285714286, 15.107142857142858, 9.142857142857142, 21.0, 32.25, 13.966666666666667, 20.45, 34.857142857142854, 6.411764705882353, 10.275, 37.53846153846154, 6.966292134831461, 1.4426877470355732, 40.15384615384615, 12.264705882352942, 6.968253968253968, 8.015873015873016, 5.285714285714286, 2.453846153846154, 24.2, 16.6, 5.409638554216867, 16.16, 14.75, 12.03448275862069, 30.5, 4.3625, 36.416666666666664, 33.36363636363637, 16.892857142857142, 17.791666666666668, 5.114942528735632, 4.387096774193548, 26.833333333333332, 19.952380952380953, 28.076923076923077, 10.117647058823529, 30.3125, 36.583333333333336, 17.9, 3.988372093023256, 34.75, 25.6, 47.36363636363637, 39.57142857142857, 36.416666666666664, 24.333333333333332, 16.892857142857142, 40.75]
switch 1 are [1.21875, 2.679611650485437, 2.5458515283842793, 0.6459143968871596, 2.473333333333333, 16.75, 20.36842105263158, 14.607142857142858, 25.565217391304348, 4.847058823529411, 3.8333333333333335, 7.527272727272727, 2.0622406639004147, 2.274193548387097, 21.7, 13.5, 9.906976744186046, 5.548387096774194, 22.714285714285715, 25.714285714285715, 19.366666666666667, 30.23076923076923, 0.9281437125748503, 13.566666666666666, 35.416666666666664, 10.484848484848484, 5.828125, 20.805555555555557, 7.151898734177215, 49.916666666666664, 4.889763779527559, 32.833333333333336, 32.13333333333333, 59.36363636363637, 28.92, 11.61111111111111, 4.287234042553192, 16.37037037037037, 24.22222222222222, 23.27777777777778, 26.61111111111111, 35.888888888888886, 1.4411764705882353, 15.172413793103448, 31.17391304347826, 35.416666666666664, 3.1159420289855073, 4.086956521739131, 6.566666666666666, 4.287234042553192, 14.06060606060606, 35.416666666666664, 4.269662921348314, 29.266666666666666, 8.377358490566039]
switch 2 are []
switch 3 are []
switch 4 are []
switch 5 are []
switch 6 are []
switch 7 are []
switch 8 are [16.464285714285715, 5.181818181818182, 4.788235294117647, 8.15625, 17.892857142857142, 22.928571428571427, 16.464285714285715, 13.053571428571429, 15.571428571428571, 16.321428571428573, 16.321428571428573, 14.28125, 2.7777777777777777, 17.178571428571427, 16.571428571428573, 16.321428571428573, 34.266666666666666, 13.5, 15.03225806451613, 20.208333333333332, 7.592592592592593, 1.9365671641791045, 9.2, 0.8557377049180328, 8.78, 43.45454545454545, 33.92857142857143, 1.9, 29.3125, 10.279069767441861, 45.5, 0.1010354565422027, 1.5660377358490567, 39.75, 7.775862068965517, 5.476190476190476, 12.857142857142858, 2.175324675324675, 41.416666666666664, 15.166666666666666, 7.680851063829787, 2.1904761904761907, 11.88888888888889, 25.375, 31.333333333333332, 4.0, 26.2, 10.657142857142857, 1.2688172043010753, 24.5, 16.846153846153847, 40.0, 5.8, 12.257142857142858, 1.3674418604651162, 13.96774193548387, 10.714285714285714, 2.5789473684210527]
switch 9 are [3.9565217391304346, 19.964285714285715, 3.1320754716981134, 17.615384615384617, 35.5, 4.47887323943662, 3.0, 14.642857142857142, 15.285714285714286, 16.714285714285715, 12.892857142857142, 12.892857142857142, 13.714285714285714, 11.15625, 14.2, 12.892857142857142, 13.25, 2.814814814814815, 7.642857142857143, 16.5, 14.642857142857142, 1.2006472491909386, 15.2, 19.857142857142858, 26.375, 39.333333333333336, 9.652173913043478, 29.25, 0.23674138873701475, 8.307692307692308, 8.577777777777778, 19.25, 10.25, 16.91304347826087, 5.613333333333333, 29.4, 23.3125, 32.75, 35.5, 45.083333333333336, 28.2, 23.0, 9.186046511627907, 23.3125, 13.366666666666667, 5.162162162162162, 6.0875, 19.857142857142858, 3.803921568627451, 4.722222222222222, 3.8114754098360657, 21.88235294117647, 15.48, 16.53846153846154, 13.961538461538462, 31.416666666666668, 12.272727272727273, 37.0, 8.204545454545455, 33.333333333333336, 14.612903225806452, 28.923076923076923, 12.08108108108108, 23.3125, 1.140893470790378, 14.612903225806452]
switch 10 are []
switch 11 are []
switch 12 are []
switch 13 are []
switch 14 are []
switch 15 are []
switch 16 are []
switch 17 are []
switch 18 are []
switch 19 are []
switch_ARE_with_trim_mean [17.208987718065586, 14.909783240838664, nan, nan, nan, nan, nan, nan, 13.65942347468227, 15.388144476594235, nan, nan, nan, nan, nan, nan, nan, nan, nan, nan]
4 base2
d: 5 w: 9 k: 1
all [474.0] 

ans 474.0 

number 1 average are:  8.504821574494363 total flow 239  


4_baseline2_switch_ 0 = 712
4_baseline2_switch_ 1 = 712
4_baseline2_switch_ 2 = 0
4_baseline2_switch_ 3 = 0
4_baseline2_switch_ 4 = 0
4_baseline2_switch_ 5 = 0
4_baseline2_switch_ 6 = 0
4_baseline2_switch_ 7 = 0
4_baseline2_switch_ 8 = 712
4_baseline2_switch_ 9 = 712
4_baseline2_switch_ 10 = 0
4_baseline2_switch_ 11 = 0
4_baseline2_switch_ 12 = 0
4_baseline2_switch_ 13 = 0
4_baseline2_switch_ 14 = 0
4_baseline2_switch_ 15 = 0
4_baseline2_switch_ 16 = 0
4_baseline2_switch_ 17 = 0
4_baseline2_switch_ 18 = 0
4_baseline2_switch_ 19 = 0
pass through [712, 712, 0, 0, 0, 0, 0, 0, 712, 712, 0, 0, 0, 0, 0, 0, 0, 0, 0, 0]
num_of_flow_store_in_switch [56, 63, 0, 0, 0, 0, 0, 0, 59, 61, 0, 0, 0, 0, 0, 0, 0, 0, 0, 0]
switch 0 are [0.49, 0.3610223642172524, 0.2896039603960396, 0.8333333333333334, 2.8214285714285716, 2.8974358974358974, 19.0, 0.34411764705882353, 2.3043478260869565, 9.285714285714286, 1.4528301886792452, 23.833333333333332, 2.9393939393939394, 6.642857142857143, 12.178571428571429, 4.142857142857143, 13.5625, 12.9, 6.21875, 7.744186046511628, 8.964285714285714, 3.982142857142857, 9.857142857142858, 8.166666666666666, 3.38, 6.078431372549019, 1.0440251572327044, 3.2115384615384617, 23.833333333333332, 1.6179775280898876, 8.027777777777779, 0.2924901185770751, 0.43333333333333335, 22.25, 29.083333333333332, 9.4, 6.428571428571429, 4.116279069767442, 1.6506024096385543, 18.454545454545453, 16.833333333333332, 6.766666666666667, 1.8875, 4.125, 12.588235294117647, 3.1494252873563218, 2.0, 7.884615384615385, 9.807692307692308, 17.25, 6.0606060606060606, 0.9302325581395349, 17.333333333333332, 13.266666666666667, 9.428571428571429, 18.25]
switch 1 are [1.02734375, 0.8640776699029126, 0.6506550218340611, 0.2127107652399481, 1.6733333333333333, 8.035714285714286, 8.052631578947368, 6.5, 10.384615384615385, 14.08695652173913, 6.084507042253521, 2.8095238095238093, 6.535714285714286, 7.464285714285714, 4.581818181818182, 1.4758064516129032, 6.535714285714286, 1.0648148148148149, 16.066666666666666, 16.96, 9.0, 4.925, 29.857142857142858, 0.4262295081967213, 1.59375, 12.1875, 0.13012575177692728, 13.733333333333333, 33.583333333333336, 8.977777777777778, 9.857142857142858, 18.0, 6.033333333333333, 4.861111111111111, 3.7777777777777777, 2.3857142857142857, 8.130434782608695, 3.6266666666666665, 15.866666666666667, 16.5, 10.466666666666667, 13.066666666666666, 1.0681003584229392, 24.583333333333332, 9.586206896551724, 9.12, 17.5, 2.7, 13.619047619047619, 13.074074074074074, 20.333333333333332, 28.22222222222222, 30.666666666666668, 6.275862068965517, 2.6449275362318843, 2.265957446808511, 4.212121212121212, 5.970588235294118, 19.0, 15.0, 9.5, 3.4186046511627906, 3.207547169811321]
switch 2 are []
switch 3 are []
switch 4 are []
switch 5 are []
switch 6 are []
switch 7 are []
switch 8 are [1.9666666666666666, 16.2, 6.285714285714286, 8.272727272727273, 2.1058823529411765, 2.640625, 9.607142857142858, 10.107142857142858, 7.928571428571429, 6.142857142857143, 0.8879668049792531, 10.05, 4.892857142857143, 2.7580645161290325, 6.142857142857143, 10.0, 12.55, 5.53125, 7.516129032258065, 15.076923076923077, 3.6666666666666665, 0.5708955223880597, 27.0, 10.785714285714286, 12.0625, 4.1395348837209305, 0.06934421085660496, 12.75, 3.310344827586207, 2.507936507936508, 1.1818181818181819, 4.48936170212766, 3.3015873015873014, 3.0, 7.333333333333333, 1.7716535433070866, 3.247422680412371, 10.0, 11.933333333333334, 7.36, 4.805555555555555, 1.0638297872340425, 8.166666666666666, 13.88888888888889, 8.0, 7.333333333333333, 11.277777777777779, 24.916666666666668, 8.714285714285714, 13.608695652173912, 14.384615384615385, 1.8695652173913044, 3.1666666666666665, 4.828571428571428, 12.75, 14.0, 6.516129032258065, 3.857142857142857, 1.605263157894737]
switch 9 are [1.7529411764705882, 1.1370967741935485, 19.357142857142858, 7.75, 8.392857142857142, 7.464285714285714, 2.9642857142857144, 7.321428571428571, 6.928571428571429, 11.25, 6.28125, 6.766666666666667, 8.8125, 0.9444444444444444, 10.357142857142858, 6.928571428571429, 7.321428571428571, 0.41423948220064727, 7.833333333333333, 10.0625, 0.9101796407185628, 17.5, 4.565217391304348, 12.875, 3.425, 23.46153846153846, 2.5303030303030303, 12.615384615384615, 4.205882352941177, 2.703125, 1.9620253164556962, 18.625, 1.1076923076923078, 17.5, 11.263157894736842, 12.875, 13.8, 10.041666666666666, 2.554054054054054, 2.7058823529411766, 20.181818181818183, 0.9926470588235294, 2.0491803278688523, 9.6, 7.538461538461538, 18.416666666666668, 2.5, 26.916666666666668, 5.795454545454546, 23.916666666666668, 6.161290322580645, 16.923076923076923, 5.297297297297297, 0.5120274914089347, 25.5, 2.4269662921348316, 12.15, 15.928571428571429, 18.75, 6.928571428571429, 6.903225806451613]
switch 10 are []
switch 11 are []
switch 12 are []
switch 13 are []
switch 14 are []
switch 15 are []
switch 16 are []
switch 17 are []
switch 18 are []
switch 19 are []
switch_ARE_with_trim_mean [7.138175453889501, 8.224797677464926, nan, nan, nan, nan, nan, nan, 6.94992691249383, 8.335516747574673, nan, nan, nan, nan, nan, nan, nan, nan, nan, nan]
4 base2
d: 6 w: 9 k: 1
all [416.0] 

ans 416.0 

number 1 average are:  8.151324694725352 total flow 239  


4_baseline2_switch_ 0 = 712
4_baseline2_switch_ 1 = 712
4_baseline2_switch_ 2 = 0
4_baseline2_switch_ 3 = 0
4_baseline2_switch_ 4 = 0
4_baseline2_switch_ 5 = 0
4_baseline2_switch_ 6 = 0
4_baseline2_switch_ 7 = 0
4_baseline2_switch_ 8 = 712
4_baseline2_switch_ 9 = 712
4_baseline2_switch_ 10 = 0
4_baseline2_switch_ 11 = 0
4_baseline2_switch_ 12 = 0
4_baseline2_switch_ 13 = 0
4_baseline2_switch_ 14 = 0
4_baseline2_switch_ 15 = 0
4_baseline2_switch_ 16 = 0
4_baseline2_switch_ 17 = 0
4_baseline2_switch_ 18 = 0
4_baseline2_switch_ 19 = 0
pass through [712, 712, 0, 0, 0, 0, 0, 0, 712, 712, 0, 0, 0, 0, 0, 0, 0, 0, 0, 0]
num_of_flow_store_in_switch [57, 65, 0, 0, 0, 0, 0, 0, 60, 57, 0, 0, 0, 0, 0, 0, 0, 0, 0, 0]
switch 0 are [0.56, 0.610223642172524, 0.3935643564356436, 0.5555555555555556, 3.357142857142857, 2.08974358974359, 18.181818181818183, 0.3088235294117647, 2.119565217391304, 0.7583333333333333, 7.607142857142857, 2.056603773584906, 10.321428571428571, 8.954545454545455, 42.916666666666664, 12.0, 4.785714285714286, 8.571428571428571, 26.8, 14.25, 5.0, 3.66, 22.142857142857142, 13.5625, 1.43125, 6.15, 0.09622744669218151, 16.833333333333332, 3.6206896551724137, 5.355555555555555, 13.166666666666666, 7.033333333333333, 15.846153846153847, 1.7721518987341771, 21.333333333333332, 0.8769230769230769, 8.32, 16.833333333333332, 3.3783783783783785, 2.5625, 2.0, 9.592592592592593, 1.6274509803921569, 21.333333333333332, 20.90909090909091, 7.571428571428571, 0.5330882352941176, 7.791666666666667, 21.333333333333332, 4.295454545454546, 15.461538461538462, 5.297297297297297, 5.114285714285714, 19.0, 18.416666666666668, 19.8, 9.7]
switch 1 are [0.390625, 1.1553398058252426, 0.5283842794759825, 0.14656290531776914, 1.48, 5.392857142857143, 10.31578947368421, 8.038461538461538, 11.869565217391305, 2.211267605633803, 3.4285714285714284, 7.428571428571429, 7.428571428571429, 2.2016129032258065, 7.142857142857143, 5.71875, 0.8055555555555556, 4.0, 15.642857142857142, 8.642857142857142, 9.571428571428571, 7.709677419354839, 4.966666666666667, 14.0, 11.416666666666666, 8.285714285714286, 1.2350746268656716, 0.5081967213114754, 23.545454545454547, 5.27906976744186, 19.76923076923077, 14.4375, 16.916666666666668, 2.746031746031746, 9.75, 2.348314606741573, 1.0047619047619047, 6.388888888888889, 13.869565217391305, 15.5, 3.1627906976744184, 2.6265060240963853, 12.4375, 12.0, 18.545454545454547, 9.291666666666666, 6.862068965517241, 7.361111111111111, 12.722222222222221, 12.722222222222221, 9.64, 13.916666666666666, 10.565217391304348, 16.53846153846154, 0.9130434782608695, 7.181818181818182, 7.0606060606060606, 18.666666666666668, 6.823529411764706, 2.9166666666666665, 10.1875, 1.1821305841924399, 2.3258426966292136, 21.166666666666668, 1.8245614035087718]
switch 2 are []
switch 3 are []
switch 4 are []
switch 5 are []
switch 6 are []
switch 7 are []
switch 8 are [13.266666666666667, 4.7727272727272725, 1.2941176470588236, 2.96875, 9.75, 6.928571428571429, 4.375, 7.107142857142857, 6.25, 6.928571428571429, 3.618181818181818, 0.7634854771784232, 12.3, 11.066666666666666, 1.3796296296296295, 4.741935483870968, 9.785714285714286, 7.107142857142857, 11.85, 5.34375, 3.2037037037037037, 4.784313725490196, 15.625, 0.046438657044242236, 8.833333333333334, 0.8301886792452831, 6.6, 0.6428571428571429, 17.5, 2.1914893617021276, 5.746031746031746, 3.8412698412698414, 2.1714285714285713, 5.25, 27.4, 1.4015748031496063, 2.1030927835051547, 14.133333333333333, 12.0, 13.32, 6.257142857142857, 0.982078853046595, 7.12, 16.833333333333332, 11.1875, 1.2765957446808511, 11.61111111111111, 3.204301075268817, 5.884615384615385, 11.047619047619047, 17.916666666666668, 2.2127659574468086, 11.6875, 0.6558139534883721, 8.75, 2.63953488372093, 12.636363636363637, 4.774193548387097, 5.190476190476191, 17.916666666666668]
switch 9 are [6.464285714285714, 1.5176470588235293, 1.2983870967741935, 8.642857142857142, 8.321428571428571, 5.821428571428571, 12.892857142857142, 3.642857142857143, 8.285714285714286, 9.607142857142858, 9.1, 13.5625, 5.53125, 8.533333333333333, 6.214285714285714, 5.3125, 6.214285714285714, 0.6148867313915858, 6.64, 0.49101796407185627, 17.428571428571427, 20.75, 2.9347826086956523, 1.7424242424242424, 3.9615384615384617, 0.7984189723320159, 9.529411764705882, 2.0625, 4.805555555555555, 2.92, 18.0, 20.75, 20.5, 16.416666666666668, 11.4, 14.473684210526315, 7.466666666666667, 14.095238095238095, 9.61111111111111, 1.9027777777777777, 9.055555555555555, 1.2131147540983607, 17.764705882352942, 1.9655172413793103, 8.923076923076923, 7.153846153846154, 7.0344827586206895, 1.4130434782608696, 2.3666666666666667, 16.833333333333332, 5.838709677419355, 13.428571428571429, 15.333333333333334, 8.333333333333334, 5.642857142857143, 3.792452830188679, 5.0]
switch 10 are []
switch 11 are []
switch 12 are []
switch 13 are []
switch 14 are []
switch 15 are []
switch 16 are []
switch 17 are []
switch 18 are []
switch 19 are []
switch_ARE_with_trim_mean [8.288026918122926, 7.546346760008445, nan, nan, nan, nan, nan, nan, 6.706122055869272, 7.6419166318131975, nan, nan, nan, nan, nan, nan, nan, nan, nan, nan]
4 base2
d: 5 w: 3 k: 3
all [1541.0] 

ans 1541.0 

number 1 average are:  40.66306129753788 total flow 239  


4_baseline2_switch_ 0 = 712
4_baseline2_switch_ 1 = 712
4_baseline2_switch_ 2 = 2
4_baseline2_switch_ 3 = 2
4_baseline2_switch_ 4 = 2
4_baseline2_switch_ 5 = 2
4_baseline2_switch_ 6 = 2
4_baseline2_switch_ 7 = 2
4_baseline2_switch_ 8 = 718
4_baseline2_switch_ 9 = 718
4_baseline2_switch_ 10 = 4
4_baseline2_switch_ 11 = 4
4_baseline2_switch_ 12 = 4
4_baseline2_switch_ 13 = 4
4_baseline2_switch_ 14 = 4
4_baseline2_switch_ 15 = 4
4_baseline2_switch_ 16 = 6
4_baseline2_switch_ 17 = 6
4_baseline2_switch_ 18 = 6
4_baseline2_switch_ 19 = 6
pass through [712, 712, 2, 2, 2, 2, 2, 2, 718, 718, 4, 4, 4, 4, 4, 4, 6, 6, 6, 6]
num_of_flow_store_in_switch [49, 51, 0, 0, 0, 0, 0, 0, 65, 69, 0, 0, 0, 0, 0, 0, 2, 1, 1, 1]
switch 0 are [5.06, 2.351437699680511, 2.0, 2.9871794871794872, 17.732142857142858, 10.756410256410257, 117.54545454545455, 44.85, 37.25, 33.54838709677419, 37.875, 19.98, 34.375, 0.23909632883589582, 20.439393939393938, 13.555555555555555, 39.542857142857144, 45.65, 13.578125, 24.47222222222222, 16.0, 75.41666666666667, 60.13333333333333, 57.3125, 6.176923076923077, 8.45360824742268, 116.91666666666667, 60.13333333333333, 262.26666666666665, 60.13333333333333, 35.68, 25.2, 2.2867383512544803, 57.3125, 12.1125, 13.875, 53.333333333333336, 42.666666666666664, 34.26923076923077, 86.41666666666667, 76.75, 6.760869565217392, 81.38461538461539, 25.65714285714286, 44.85, 48.95238095238095, 32.32142857142857, 16.60377358490566, 75.41666666666667]
switch 1 are [3.23828125, 4.567961165048544, 4.475982532751091, 0.695201037613489, 40.42857142857143, 14.28169014084507, 37.75, 39.964285714285715, 19.357142857142858, 51.714285714285715, 19.854545454545455, 4.203319502074689, 34.625, 37.233333333333334, 32.90625, 9.62037037037037, 40.42857142857143, 37.75, 82.6, 53.61904761904762, 20.24074074074074, 81.85714285714286, 2.760655737704918, 66.8125, 0.4477856752323674, 35.166666666666664, 33.11764705882353, 15.385714285714286, 44.208333333333336, 13.466666666666667, 89.41666666666667, 94.0, 56.10526315789474, 89.41666666666667, 82.6, 102.63636363636364, 38.310344827586206, 30.666666666666668, 35.166666666666664, 10.542553191489361, 50.666666666666664, 10.176470588235293, 62.333333333333336, 62.333333333333336, 94.0, 8.344262295081966, 66.47058823529412, 46.17391304347826, 17.083333333333332, 28.324324324324323, 89.41666666666667]
switch 2 are []
switch 3 are []
switch 4 are []
switch 5 are []
switch 6 are []
switch 7 are []
switch 8 are [2.05, 9.958333333333334, 44.285714285714285, 68.53333333333333, 45.964285714285715, 46.40909090909091, 11.270588235294118, 43.714285714285715, 36.035714285714285, 36.035714285714285, 37.82142857142857, 9.096774193548388, 45.285714285714285, 44.285714285714285, 44.0, 24.27906976744186, 16.532258064516128, 21.642857142857142, 50.535714285714285, 31.40625, 3.103559870550162, 41.266666666666666, 77.25, 103.33333333333333, 19.45098039215686, 97.81818181818181, 107.0, 23.076923076923077, 10.651685393258427, 33.77777777777778, 40.733333333333334, 22.127659574468087, 3.9380952380952383, 44.34782608695652, 9.354330708661417, 51.166666666666664, 13.68918918918919, 12.5875, 37.629629629629626, 56.611111111111114, 112.81818181818181, 13.39080459770115, 68.55555555555556, 47.15384615384615, 42.724137931034484, 6.5144927536231885, 10.095744680851064, 36.93939393939394, 89.58333333333333, 23.704545454545453, 32.645161290322584, 4.823255813953488, 85.41666666666667, 13.561797752808989, 14.069767441860465, 85.91666666666667, 68.13333333333334, 51.15, 93.81818181818181, 73.5, 89.58333333333333, 32.645161290322584, 24.88095238095238, 8.149122807017545, 39.38709677419355]
switch 9 are [12.73913043478261, 6.873333333333333, 44.142857142857146, 10.924528301886792, 43.15384615384615, 16.393939393939394, 15.30952380952381, 12.505882352941176, 8.258064516129032, 40.0, 40.0, 21.571428571428573, 40.0, 47.92857142857143, 54.142857142857146, 47.92857142857143, 62.2, 78.0, 44.666666666666664, 9.62962962962963, 41.17857142857143, 40.0, 40.0, 58.05, 96.23076923076923, 44.92, 4.708955223880597, 2.784431137724551, 30.6, 28.782608695652176, 81.0, 72.8125, 6.38125, 70.75, 28.3953488372093, 87.3076923076923, 6.427672955974843, 113.16666666666667, 19.362068965517242, 24.511111111111113, 6.6688311688311686, 130.08333333333334, 4.41501976284585, 87.3076923076923, 17.22222222222222, 34.111111111111114, 13.531645569620252, 77.73333333333333, 28.3953488372093, 15.506024096385541, 70.75, 49.56, 49.56, 94.66666666666667, 69.22222222222223, 47.92857142857143, 4.676470588235294, 15.451612903225806, 44.92, 43.15384615384615, 113.16666666666667, 96.23076923076923, 18.133333333333333, 37.303030303030305, 32.76470588235294, 97.41666666666667, 78.0, 70.75, 3.343642611683849]
switch 10 are []
switch 11 are []
switch 12 are []
switch 13 are []
switch 14 are []
switch 15 are []
switch 16 are [0.0, 0.0]
switch 17 are [0.0]
switch 18 are [0.0]
switch 19 are [0.0]
switch_ARE_with_trim_mean [34.8428799975643, 38.1987033097058, nan, nan, nan, nan, nan, nan, 38.005058217809214, 40.9316947745324, nan, nan, nan, nan, nan, nan, 0.0, 0.0, 0.0, 0.0]
4 base2
d: 5 w: 6 k: 3
all [633.0] 

ans 633.0 

number 1 average are:  15.495226902883747 total flow 239  


4_baseline2_switch_ 0 = 712
4_baseline2_switch_ 1 = 712
4_baseline2_switch_ 2 = 2
4_baseline2_switch_ 3 = 2
4_baseline2_switch_ 4 = 2
4_baseline2_switch_ 5 = 2
4_baseline2_switch_ 6 = 2
4_baseline2_switch_ 7 = 2
4_baseline2_switch_ 8 = 718
4_baseline2_switch_ 9 = 718
4_baseline2_switch_ 10 = 4
4_baseline2_switch_ 11 = 4
4_baseline2_switch_ 12 = 4
4_baseline2_switch_ 13 = 4
4_baseline2_switch_ 14 = 4
4_baseline2_switch_ 15 = 4
4_baseline2_switch_ 16 = 6
4_baseline2_switch_ 17 = 6
4_baseline2_switch_ 18 = 6
4_baseline2_switch_ 19 = 6
pass through [712, 712, 2, 2, 2, 2, 2, 2, 718, 718, 4, 4, 4, 4, 4, 4, 6, 6, 6, 6]
num_of_flow_store_in_switch [59, 58, 0, 0, 0, 0, 0, 0, 61, 58, 0, 0, 0, 0, 0, 0, 1, 0, 1, 1]
switch 0 are [1.625, 1.2587859424920127, 0.5693069306930693, 6.732142857142857, 4.1923076923076925, 38.36363636363637, 1.4911764705882353, 4.271739130434782, 34.0, 15.107142857142858, 13.464285714285714, 11.5625, 17.642857142857142, 17.75, 20.833333333333332, 3.0074626865671643, 1.526946107784431, 35.083333333333336, 12.396825396825397, 10.644444444444444, 10.571428571428571, 35.083333333333336, 7.333333333333333, 5.986666666666666, 32.75, 26.0625, 42.666666666666664, 32.75, 42.5, 25.8, 31.333333333333332, 19.96, 11.371428571428572, 2.4946236559139785, 16.32, 32.5, 44.53333333333333, 20.833333333333332, 15.2, 32.5, 3.797872340425532, 18.285714285714285, 15.037037037037036, 2.9411764705882355, 16.321428571428573, 1.6875, 2.319672131147541, 19.208333333333332, 5.0, 32.5, 46.166666666666664, 5.7, 14.818181818181818, 8.136363636363637, 13.914285714285715, 22.095238095238095, 8.849056603773585, 2.7982456140350878, 42.5]
switch 1 are [1.09375, 1.9902912621359223, 1.9912663755458515, 0.3022049286640726, 2.2066666666666666, 14.210526315789474, 28.884615384615383, 19.08695652173913, 5.859154929577465, 4.682352941176471, 2.879032258064516, 17.857142857142858, 7.125, 2.095435684647303, 19.533333333333335, 9.321428571428571, 3.212962962962963, 29.8, 24.523809523809526, 31.5, 1.1770491803278689, 8.56, 41.0, 27.875, 4.36875, 34.53846153846154, 0.2826681246582832, 6.0, 5.148936170212766, 13.666666666666666, 29.8, 29.333333333333332, 4.759036144578313, 27.4375, 15.586206896551724, 5.243243243243243, 15.055555555555555, 38.833333333333336, 43.27272727272727, 4.139784946236559, 16.76923076923077, 39.25, 21.23076923076923, 36.916666666666664, 27.875, 21.23076923076923, 29.0625, 39.25, 13.45, 4.112359550561798, 4.290697674418604, 36.916666666666664, 18.266666666666666, 22.9, 32.0, 39.25, 16.25, 10.0]
switch 2 are []
switch 3 are []
switch 4 are []
switch 5 are []
switch 6 are []
switch 7 are []
switch 8 are [1.8803418803418803, 2.625, 17.035714285714285, 14.535714285714286, 13.772727272727273, 4.893939393939394, 6.34375, 18.857142857142858, 7.892857142857143, 14.535714285714286, 26.071428571428573, 14.535714285714286, 15.25, 13.6875, 16.785714285714285, 17.035714285714285, 7.892857142857143, 15.25, 0.883495145631068, 13.5, 24.0, 12.16, 30.125, 10.4, 15.478260869565217, 5.372549019607843, 9.116279069767442, 23.3125, 11.966666666666667, 40.5, 8.038461538461538, 21.8, 7.719101123595506, 8.027777777777779, 2.1699604743083003, 7.015873015873016, 8.594936708860759, 3.642857142857143, 13.304347826086957, 15.208333333333334, 2.830769230769231, 4.206185567010309, 9.116279069767442, 38.54545454545455, 4.875, 17.27777777777778, 6.416666666666667, 18.11764705882353, 14.56, 17.38095238095238, 12.310344827586206, 4.0, 10.352941176470589, 14.161290322580646, 4.483333333333333, 12.675675675675675, 1.4837209302325582, 1.2646048109965635, 38.54545454545455, 13.03225806451613, 15.32258064516129]
switch 9 are [21.107142857142858, 3.4716981132075473, 11.357142857142858, 38.5, 3.6666666666666665, 15.607142857142858, 19.75, 10.714285714285714, 10.714285714285714, 10.714285714285714, 6.290909090909091, 2.2338709677419355, 36.25, 15.4, 14.5, 10.857142857142858, 17.625, 2.4814814814814814, 6.627906976744186, 4.580645161290323, 10.714285714285714, 15.607142857142858, 19.75, 17.15625, 14.0, 10.462962962962964, 37.75, 40.5, 28.0625, 13.525, 0.12268591151553185, 2.006289308176101, 4.655172413793103, 2.772727272727273, 17.233333333333334, 34.76923076923077, 1.838095238095238, 12.941176470588236, 4.1875, 14.194444444444445, 30.0, 2.661417322834646, 29.57894736842105, 8.222222222222221, 11.033333333333333, 20.625, 3.325, 25.333333333333332, 24.833333333333332, 29.38888888888889, 16.884615384615383, 12.307692307692308, 13.26086956521739, 3.4855072463768115, 2.963768115942029, 13.090909090909092, 47.416666666666664, 26.666666666666668]
switch 10 are []
switch 11 are []
switch 12 are []
switch 13 are []
switch 14 are []
switch 15 are []
switch 16 are [0.0]
switch 17 are []
switch 18 are [0.0]
switch 19 are [0.0]
switch_ARE_with_trim_mean [16.271675457196626, 16.799725387717128, nan, nan, nan, nan, nan, nan, 11.715973579864364, 14.097447604136283, nan, nan, nan, nan, nan, nan, 0.0, nan, 0.0, 0.0]
4 base2
d: 5 w: 9 k: 3
all [517.0] 

ans 517.0 

number 1 average are:  8.374983929201496 total flow 239  


4_baseline2_switch_ 0 = 712
4_baseline2_switch_ 1 = 712
4_baseline2_switch_ 2 = 2
4_baseline2_switch_ 3 = 2
4_baseline2_switch_ 4 = 2
4_baseline2_switch_ 5 = 2
4_baseline2_switch_ 6 = 2
4_baseline2_switch_ 7 = 2
4_baseline2_switch_ 8 = 718
4_baseline2_switch_ 9 = 718
4_baseline2_switch_ 10 = 4
4_baseline2_switch_ 11 = 4
4_baseline2_switch_ 12 = 4
4_baseline2_switch_ 13 = 4
4_baseline2_switch_ 14 = 4
4_baseline2_switch_ 15 = 4
4_baseline2_switch_ 16 = 6
4_baseline2_switch_ 17 = 6
4_baseline2_switch_ 18 = 6
4_baseline2_switch_ 19 = 6
pass through [712, 712, 2, 2, 2, 2, 2, 2, 718, 718, 4, 4, 4, 4, 4, 4, 6, 6, 6, 6]
num_of_flow_store_in_switch [51, 60, 0, 0, 0, 0, 0, 0, 60, 64, 0, 0, 0, 0, 0, 0, 0, 0, 2, 2]
switch 0 are [0.535, 0.41533546325878595, 0.452970297029703, 0.8760683760683761, 2.75, 2.1153846153846154, 18.454545454545453, 0.45, 1.6521739130434783, 0.7833333333333333, 8.392857142857142, 12.8, 1.2924528301886793, 7.714285714285714, 12.681818181818182, 16.25, 2.0941176470588236, 7.321428571428571, 8.464285714285714, 7.964285714285714, 24.076923076923077, 23.09090909090909, 2.1363636363636362, 0.4150197628458498, 0.5238095238095238, 3.2063492063492065, 21.6875, 18.416666666666668, 16.5, 4.4186046511627906, 21.09090909090909, 20.916666666666668, 7.888888888888889, 2.5125, 6.925925925925926, 15.722222222222221, 2.6527777777777777, 10.666666666666666, 16.25, 0.8455882352941176, 14.588235294117647, 21.22222222222222, 11.307692307692308, 23.666666666666668, 16.25, 1.181159420289855, 6.870967741935484, 17.692307692307693, 0.6883720930232559, 3.3488372093023258, 6.516129032258065]
switch 1 are [0.30859375, 1.0776699029126213, 0.22707423580786026, 0.14396887159533073, 1.1466666666666667, 11.321428571428571, 7.2631578947368425, 6.25, 9.423076923076923, 13.73913043478261, 2.352112676056338, 5.166666666666667, 11.107142857142858, 9.857142857142858, 13.05, 8.678571428571429, 9.678571428571429, 8.678571428571429, 6.67741935483871, 5.6, 6.92, 0.6305970149253731, 16.0, 0.9114754098360656, 13.5, 1.8375, 11.375, 0.1107624725447129, 0.14926189174412247, 8.566666666666666, 30.25, 22.916666666666668, 6.827586206896552, 4.638888888888889, 6.933333333333334, 2.3404255319148937, 22.0, 6.972222222222222, 4.417721518987341, 3.2714285714285714, 7.608695652173913, 7.25, 18.833333333333332, 29.266666666666666, 15.916666666666666, 1.7938144329896908, 18.133333333333333, 8.685714285714285, 0.8566308243727598, 7.458333333333333, 10.3, 10.333333333333334, 1.9803921568627452, 15.88888888888889, 4.413793103448276, 15.5, 15.916666666666666, 12.083333333333334, 8.9, 4.415094339622642]
switch 2 are []
switch 3 are []
switch 4 are []
switch 5 are []
switch 6 are []
switch 7 are []
switch 8 are [3.5454545454545454, 2.7294117647058824, 2.359375, 8.142857142857142, 7.571428571428571, 6.928571428571429, 3.2857142857142856, 6.928571428571429, 9.642857142857142, 3.6545454545454548, 12.2, 4.90625, 6.75, 1.2777777777777777, 5.72093023255814, 6.964285714285714, 6.928571428571429, 6.928571428571429, 10.428571428571429, 4.555555555555555, 6.45, 17.583333333333332, 3.3, 3.395348837209302, 19.615384615384617, 14.375, 2.9523809523809526, 4.333333333333333, 1.155844155844156, 4.5588235294117645, 7.333333333333333, 11.6, 1.2923076923076924, 1.5433070866141732, 2.180722891566265, 12.8125, 15.0, 7.68, 1.7625, 11.055555555555555, 6.928571428571429, 1.098360655737705, 19.0, 13.476190476190476, 3.466666666666667, 14.75, 6.204545454545454, 3.0, 12.5625, 4.972972972972973, 0.9621993127147767, 17.083333333333332, 16.6, 12.2, 26.272727272727273, 17.857142857142858, 9.238095238095237, 6.935483870967742, 2.5526315789473686, 16.916666666666668]
switch 9 are [1.8629032258064515, 8.035714285714286, 6.857142857142857, 6.321428571428571, 6.857142857142857, 1.3360995850622406, 1.4435483870967742, 19.3125, 9.933333333333334, 7.566666666666666, 9.25, 9.6875, 1.6111111111111112, 2.306451612903226, 11.107142857142858, 15.533333333333333, 8.035714285714286, 0.6731391585760518, 13.125, 19.3125, 0.7305389221556886, 6.434782608695652, 4.9411764705882355, 13.625, 7.875, 1.3018867924528301, 4.980769230769231, 8.371428571428572, 26.083333333333332, 9.25, 2.651685393258427, 2.953125, 3.015873015873016, 3.1466666666666665, 15.533333333333333, 16.133333333333333, 12.052631578947368, 12.0, 8.36, 22.5, 7.862068965517241, 14.5, 3.581081081081081, 2.776595744680851, 24.636363636363637, 8.166666666666666, 1.8505747126436782, 2.903225806451613, 7.8, 12.038461538461538, 8.0, 9.173913043478262, 15.923076923076923, 1.9492753623188406, 2.4893617021276597, 6.787878787878788, 6.666666666666667, 8.558823529411764, 4.857142857142857, 15.0625, 2.404494382022472, 19.666666666666668, 7.357142857142857, 6.404761904761905]
switch 10 are []
switch 11 are []
switch 12 are []
switch 13 are []
switch 14 are []
switch 15 are []
switch 16 are []
switch 17 are []
switch 18 are [0.0, 0.0]
switch 19 are [0.0, 0.0]
switch_ARE_with_trim_mean [8.310630917912295, 7.810019467890562, nan, nan, nan, nan, nan, nan, 7.47427802790071, 7.786884454245274, nan, nan, nan, nan, nan, nan, nan, nan, 0.0, 0.0]
4 base2
d: 6 w: 9 k: 3
all [380.0] 

ans 380.0 

number 1 average are:  8.504926431873864 total flow 239  


4_baseline2_switch_ 0 = 712
4_baseline2_switch_ 1 = 712
4_baseline2_switch_ 2 = 2
4_baseline2_switch_ 3 = 2
4_baseline2_switch_ 4 = 2
4_baseline2_switch_ 5 = 2
4_baseline2_switch_ 6 = 2
4_baseline2_switch_ 7 = 2
4_baseline2_switch_ 8 = 714
4_baseline2_switch_ 9 = 722
4_baseline2_switch_ 10 = 4
4_baseline2_switch_ 11 = 4
4_baseline2_switch_ 12 = 4
4_baseline2_switch_ 13 = 4
4_baseline2_switch_ 14 = 4
4_baseline2_switch_ 15 = 4
4_baseline2_switch_ 16 = 6
4_baseline2_switch_ 17 = 6
4_baseline2_switch_ 18 = 6
4_baseline2_switch_ 19 = 6
pass through [712, 712, 2, 2, 2, 2, 2, 2, 714, 722, 4, 4, 4, 4, 4, 4, 6, 6, 6, 6]
num_of_flow_store_in_switch [49, 60, 0, 0, 0, 0, 0, 0, 71, 55, 0, 0, 0, 0, 0, 0, 2, 2, 0, 0]
switch 0 are [0.395, 0.41214057507987223, 0.23267326732673269, 0.9743589743589743, 7.142857142857143, 2.1538461538461537, 37.09090909090909, 0.17647058823529413, 1.1956521739130435, 11.785714285714286, 1.8773584905660377, 14.785714285714286, 35.833333333333336, 9.321428571428571, 10.0, 13.45, 7.2, 8.633333333333333, 0.5299401197604791, 6.225, 1.0721311475409836, 4.3, 25.875, 0.05553812362723565, 1.251572327044025, 2.810344827586207, 0.7207792207792207, 3.851063829787234, 9.694444444444445, 1.4015748031496063, 17.6, 33.06666666666667, 6.6, 4.662162162162162, 1.85, 8.5, 12.0, 11.277777777777779, 7.5, 10.115384615384615, 5.696969696969697, 12.95, 1.9887640449438202, 2.3372093023255816, 15.4, 23.181818181818183, 23.083333333333332, 6.935483870967742, 7.785714285714286]
switch 1 are [0.21484375, 0.8640776699029126, 0.4978165938864629, 0.35927367055771725, 2.3866666666666667, 12.714285714285714, 10.421052631578947, 6.035714285714286, 10.653846153846153, 8.782608695652174, 7.25, 6.5, 6.5, 7.392857142857143, 1.4435483870967742, 5.566666666666666, 7.035714285714286, 5.25, 6.451612903225806, 17.076923076923077, 7.333333333333333, 0.7238805970149254, 3.347826086956522, 3.1176470588235294, 20.636363636363637, 2.9302325581395348, 18.25, 10.75, 6.633333333333334, 0.6561264822134387, 4.794117647058823, 2.7142857142857144, 2.050632911392405, 7.695652173913044, 15.25, 2.1733333333333333, 0.8076923076923077, 13.083333333333334, 15.416666666666666, 14.6, 15.28, 14.36, 13.03448275862069, 10.96, 14.0, 5.2592592592592595, 1.9901960784313726, 13.555555555555555, 20.0, 10.428571428571429, 22.46153846153846, 13.083333333333334, 5.794117647058823, 6.0, 11.3125, 5.351351351351352, 15.416666666666666, 18.25, 10.9, 13.285714285714286]
switch 2 are []
switch 3 are []
switch 4 are []
switch 5 are []
switch 6 are []
switch 7 are []
switch 8 are [1.2083333333333333, 21.866666666666667, 11.136363636363637, 2.378787878787879, 2.5176470588235293, 2.875, 12.357142857142858, 6.964285714285714, 2.982142857142857, 12.035714285714286, 1.1327800829875518, 11.785714285714286, 5.78125, 9.71875, 4.395348837209302, 6.964285714285714, 7.714285714285714, 9.785714285714286, 16.666666666666668, 10.6, 7.92, 5.7592592592592595, 14.5, 1.4125, 12.5625, 6.55, 0.1344997266265719, 17.083333333333332, 2.378787878787879, 5.911111111111111, 5.628571428571429, 2.853932584269663, 5.888888888888889, 2.8125, 5.126984126984127, 3.9, 19.133333333333333, 15.266666666666667, 19.666666666666668, 10.736842105263158, 2.1686746987951806, 12.9375, 20.916666666666668, 17.083333333333332, 5.027777777777778, 6.233333333333333, 2.7127659574468086, 10.80952380952381, 3.513888888888889, 18.38888888888889, 19.77777777777778, 18.333333333333332, 0.9742647058823529, 3.021505376344086, 12.72, 11.03448275862069, 12.521739130434783, 19.333333333333332, 18.333333333333332, 4.716666666666667, 1.8404255319148937, 7.090909090909091, 17.083333333333332, 5.233333333333333, 19.384615384615383, 0.7953488372093023, 26.083333333333332, 4.523809523809524, 4.6415094339622645, 1.8508771929824561, 7.0]
switch 9 are [2.140845070422535, 1.6, 2.238095238095238, 0.7983870967741935, 8.285714285714286, 10.857142857142858, 7.071428571428571, 3.25, 7.071428571428571, 6.142857142857143, 12.6, 5.40625, 6.0, 0.8148148148148148, 6.142857142857143, 3.642857142857143, 6.392857142857143, 6.892857142857143, 0.3851132686084142, 11.380952380952381, 11.5, 16.0, 21.416666666666668, 12.8125, 23.923076923076923, 5.9, 2.5873015873015874, 2.9423076923076925, 15.666666666666666, 16.46153846153846, 0.5428571428571428, 5.305555555555555, 17.916666666666668, 11.8125, 1.6804123711340206, 3.813953488372093, 0.7383512544802867, 24.2, 16.818181818181817, 10.25, 3.0, 10.11111111111111, 6.142857142857143, 1.2704918032786885, 2.839080459770115, 21.5, 9.346153846153847, 1.5797101449275361, 1.7608695652173914, 5.113636363636363, 4.857142857142857, 15.8125, 0.6013745704467354, 9.761904761904763, 15.333333333333334]
switch 10 are []
switch 11 are []
switch 12 are []
switch 13 are []
switch 14 are []
switch 15 are []
switch 16 are [0.0, 0.0]
switch 17 are [0.0, 0.0]
switch 18 are []
switch 19 are []
switch_ARE_with_trim_mean [7.323265170202466, 8.273974869132081, nan, nan, nan, nan, nan, nan, 8.55530402988871, 7.298014811881689, nan, nan, nan, nan, nan, nan, 0.0, 0.0, nan, nan]
4 base2
d: 5 w: 3 k: 5
all [1608.0] 

ans 1608.0 

number 1 average are:  39.75334986535565 total flow 239  


4_baseline2_switch_ 0 = 712
4_baseline2_switch_ 1 = 712
4_baseline2_switch_ 2 = 2
4_baseline2_switch_ 3 = 2
4_baseline2_switch_ 4 = 2
4_baseline2_switch_ 5 = 2
4_baseline2_switch_ 6 = 2
4_baseline2_switch_ 7 = 2
4_baseline2_switch_ 8 = 718
4_baseline2_switch_ 9 = 718
4_baseline2_switch_ 10 = 4
4_baseline2_switch_ 11 = 4
4_baseline2_switch_ 12 = 4
4_baseline2_switch_ 13 = 4
4_baseline2_switch_ 14 = 4
4_baseline2_switch_ 15 = 4
4_baseline2_switch_ 16 = 6
4_baseline2_switch_ 17 = 6
4_baseline2_switch_ 18 = 6
4_baseline2_switch_ 19 = 6
pass through [712, 712, 2, 2, 2, 2, 2, 2, 718, 718, 4, 4, 4, 4, 4, 4, 6, 6, 6, 6]
num_of_flow_store_in_switch [57, 51, 0, 0, 0, 0, 0, 0, 58, 69, 0, 0, 0, 0, 0, 0, 1, 1, 1, 1]
switch 0 are [4.61, 2.635782747603834, 2.383663366336634, 3.4316239316239314, 12.846153846153847, 14.712121212121213, 12.988095238095237, 15.203125, 37.57142857142857, 53.0, 66.5, 9.87962962962963, 36.035714285714285, 71.0, 33.83870967741935, 19.0, 66.5, 24.925, 23.73913043478261, 20.176470588235293, 72.4375, 0.35707561970505175, 9.283018867924529, 85.41666666666667, 16.142857142857142, 28.62857142857143, 9.733766233766234, 29.0, 16.142857142857142, 68.13333333333334, 6.976923076923077, 89.0, 92.5, 71.0, 31.514285714285716, 12.012048192771084, 42.2, 89.0, 68.13333333333334, 46.416666666666664, 40.48, 45.75, 60.0, 11.413793103448276, 59.0, 42.2, 38.88461538461539, 42.15384615384615, 40.53846153846154, 45.95652173913044, 89.0, 10.03191489361702, 92.5, 33.55882352941177, 32.45161290322581, 82.07692307692308, 29.857142857142858]
switch 1 are [3.87890625, 4.339805825242719, 3.8034934497816595, 8.166666666666666, 37.857142857142854, 18.428571428571427, 37.857142857142854, 60.35, 35.166666666666664, 9.657407407407407, 24.232558139534884, 16.5, 37.857142857142854, 44.333333333333336, 20.7, 83.61538461538461, 94.91666666666667, 3.549407114624506, 22.085106382978722, 82.46153846153847, 30.91176470588235, 17.015625, 14.714285714285714, 13.506666666666666, 75.73333333333333, 56.26315789473684, 24.232558139534884, 2.888888888888889, 38.689655172413794, 89.66666666666667, 12.6, 39.74074074074074, 15.01388888888889, 37.857142857142854, 10.666666666666666, 50.80952380952381, 36.93103448275862, 89.66666666666667, 6.86231884057971, 17.083333333333332, 33.878787878787875, 18.183333333333334, 66.8125, 89.41666666666667, 89.66666666666667, 53.4, 12.865168539325843, 11.651162790697674, 99.0, 89.66666666666667, 8.649122807017545]
switch 2 are []
switch 3 are []
switch 4 are []
switch 5 are []
switch 6 are []
switch 7 are []
switch 8 are [0.9014267185473411, 2.0029411764705882, 40.82142857142857, 56.464285714285715, 40.82142857142857, 52.22727272727273, 89.66666666666667, 35.464285714285715, 40.82142857142857, 17.232142857142858, 37.857142857142854, 64.21428571428571, 6.576763485477178, 7.233870967741935, 35.266666666666666, 33.0, 35.464285714285715, 56.464285714285715, 17.232142857142858, 35.464285714285715, 30.90625, 2.5210355987055015, 64.16666666666667, 82.6923076923077, 57.64, 5.701492537313433, 2.9221556886227544, 76.71428571428571, 121.16666666666667, 91.81818181818181, 92.57142857142857, 80.875, 8.1625, 111.25, 22.74418604651163, 0.5123018042646255, 33.03333333333333, 19.189655172413794, 21.21212121212121, 21.51923076923077, 11.224719101123595, 10.543307086614174, 89.66666666666667, 71.53333333333333, 62.8125, 55.72222222222222, 109.55555555555556, 25.613636363636363, 96.58333333333333, 72.1875, 28.405405405405407, 3.0240549828178693, 84.08333333333333, 67.06666666666666, 50.05, 71.92857142857143, 35.464285714285715, 23.30952380952381]
switch 9 are [17.982142857142858, 95.63636363636364, 10.554347826086957, 7.513333333333334, 9.028301886792454, 54.94736842105263, 41.26923076923077, 12.847058823529412, 15.058823529411764, 7.862903225806452, 38.25, 36.964285714285715, 36.964285714285715, 36.964285714285715, 36.964285714285715, 38.25, 47.964285714285715, 18.327272727272728, 33.34375, 38.25, 38.25, 33.34375, 41.035714285714285, 42.035714285714285, 59.25, 56.38095238095238, 4.363934426229508, 26.475, 25.155555555555555, 90.58333333333333, 66.85, 35.7, 5.461904761904762, 16.444444444444443, 28.52777777777778, 28.52777777777778, 12.455696202531646, 58.608695652173914, 43.291666666666664, 105.41666666666667, 72.5625, 11.422680412371134, 69.86666666666666, 43.04, 65.4375, 98.9090909090909, 34.47222222222222, 34.43333333333333, 13.364864864864865, 11.819148936170214, 13.7125, 51.42857142857143, 9.77450980392157, 60.05555555555556, 60.166666666666664, 90.58333333333333, 108.54545454545455, 3.327205882352941, 9.467213114754099, 87.58333333333333, 91.6923076923077, 6.963768115942029, 31.21212121212121, 4.604651162790698, 51.333333333333336, 33.29032258064516, 19.056603773584907, 90.58333333333333, 33.29032258064516]
switch 10 are []
switch 11 are []
switch 12 are []
switch 13 are []
switch 14 are []
switch 15 are []
switch 16 are [0.0]
switch 17 are [0.0]
switch 18 are [0.0]
switch 19 are [0.0]
switch_ARE_with_trim_mean [37.13704386092253, 34.69326260006085, nan, nan, nan, nan, nan, nan, 43.36049179503792, 37.58038614302616, nan, nan, nan, nan, nan, nan, 0.0, 0.0, 0.0, 0.0]
4 base2
d: 5 w: 6 k: 5
all [707.0] 

ans 707.0 

number 1 average are:  16.36724100999104 total flow 239  


4_baseline2_switch_ 0 = 712
4_baseline2_switch_ 1 = 712
4_baseline2_switch_ 2 = 2
4_baseline2_switch_ 3 = 2
4_baseline2_switch_ 4 = 2
4_baseline2_switch_ 5 = 2
4_baseline2_switch_ 6 = 2
4_baseline2_switch_ 7 = 2
4_baseline2_switch_ 8 = 714
4_baseline2_switch_ 9 = 722
4_baseline2_switch_ 10 = 4
4_baseline2_switch_ 11 = 4
4_baseline2_switch_ 12 = 4
4_baseline2_switch_ 13 = 4
4_baseline2_switch_ 14 = 4
4_baseline2_switch_ 15 = 4
4_baseline2_switch_ 16 = 6
4_baseline2_switch_ 17 = 6
4_baseline2_switch_ 18 = 6
4_baseline2_switch_ 19 = 6
pass through [712, 712, 2, 2, 2, 2, 2, 2, 714, 722, 4, 4, 4, 4, 4, 4, 6, 6, 6, 6]
num_of_flow_store_in_switch [52, 59, 0, 0, 0, 0, 0, 0, 63, 63, 0, 0, 0, 0, 0, 0, 1, 1, 0, 0]
switch 0 are [1.74, 1.5814696485623003, 1.5321782178217822, 0.7051282051282052, 6.839285714285714, 6.730769230769231, 38.90909090909091, 0.5911764705882353, 3.3369565217391304, 25.866666666666667, 27.464285714285715, 9.767857142857142, 20.535714285714285, 20.535714285714285, 25.1, 6.080645161290323, 23.928571428571427, 23.928571428571427, 30.0, 27.785714285714285, 0.7114754098360656, 17.92, 62.45454545454545, 13.023255813953488, 14.075, 1.5345911949685536, 32.583333333333336, 5.948275862068965, 42.0, 28.266666666666666, 10.301204819277109, 0.8494623655913979, 45.53333333333333, 14.96, 5.45, 3.303921568627451, 32.25, 23.928571428571427, 1.2169117647058822, 5.532786885245901, 28.083333333333332, 15.12, 2.739130434782609, 4.48936170212766, 20.151515151515152, 20.151515151515152, 42.0, 11.454545454545455, 7.7, 42.625, 1.3986254295532645, 19.15]
switch 1 are [1.15234375, 1.1699029126213591, 1.2183406113537119, 0.48378728923476005, 2.993333333333333, 18.678571428571427, 21.68421052631579, 18.434782608695652, 6.154929577464789, 15.178571428571429, 19.285714285714285, 1.6182572614107884, 4.540322580645161, 14.25, 2.425925925925926, 7.604651162790698, 14.75, 12.214285714285714, 14.964285714285714, 13.612903225806452, 13.9, 7.450980392156863, 31.357142857142858, 27.3125, 26.9375, 32.92307692307692, 10.346153846153847, 13.61111111111111, 10.4375, 7.063492063492063, 11.25, 17.73913043478261, 39.666666666666664, 28.8, 36.4375, 2.4846153846153847, 35.75, 27.733333333333334, 22.210526315789473, 13.8, 18.75, 9.277777777777779, 4.95945945945946, 3.6914893617021276, 22.944444444444443, 19.555555555555557, 24.352941176470587, 13.23076923076923, 38.5, 32.15384615384615, 5.166666666666667, 34.916666666666664, 4.511627906976744, 30.6, 49.09090909090909, 14.75, 7.547169811320755, 3.6140350877192984, 13.419354838709678]
switch 2 are []
switch 3 are []
switch 4 are []
switch 5 are []
switch 6 are []
switch 7 are []
switch 8 are [2.675, 17.892857142857142, 19.863636363636363, 7.954545454545454, 4.764705882352941, 4.209677419354839, 14.535714285714286, 16.5, 15.392857142857142, 10.745454545454546, 26.1875, 13.5, 15.366666666666667, 15.392857142857142, 15.75, 15.53125, 6.875, 20.107142857142858, 17.36, 30.166666666666668, 29.625, 1.2395209580838322, 10.725, 0.16457080371787863, 18.7, 35.75, 9.2, 11.428571428571429, 37.25, 6.955056179775281, 1.3359683794466404, 32.46153846153846, 1.8476190476190477, 13.441176470588236, 6.0, 8.542857142857143, 8.44, 31.666666666666668, 2.425196850393701, 4.051546391752577, 17.457142857142856, 43.25, 17.76, 52.833333333333336, 15.172413793103448, 37.25, 27.6875, 20.88888888888889, 7.972222222222222, 23.166666666666668, 26.22222222222222, 4.64367816091954, 15.73076923076923, 17.846153846153847, 18.956521739130434, 12.5, 13.03225806451613, 34.30769230769231, 10.756756756756756, 13.0, 28.3125, 2.2930232558139534, 4.157303370786517]
switch 9 are [13.928571428571429, 2.990566037735849, 11.714285714285714, 19.384615384615383, 34.25, 3.976470588235294, 5.0476190476190474, 5.53125, 25.25, 11.714285714285714, 5.357142857142857, 13.607142857142858, 17.142857142857142, 19.45, 10.40625, 2.2962962962962963, 13.928571428571429, 27.2, 17.25, 12.0625, 0.7572815533980582, 20.904761904761905, 6.833333333333333, 1.2014925373134329, 33.833333333333336, 7.5, 3.59375, 23.25, 0.11327267022278005, 5.333333333333333, 5.492063492063492, 2.5324675324675323, 17.25, 12.933333333333334, 7.319148936170213, 13.722222222222221, 3.949367088607595, 13.833333333333334, 44.333333333333336, 26.866666666666667, 11.651162790697674, 40.81818181818182, 11.933333333333334, 3.5625, 24.952380952380953, 32.18181818181818, 5.086021505376344, 28.444444444444443, 33.833333333333336, 17.476190476190474, 13.10344827586207, 28.666666666666668, 2.3333333333333335, 29.416666666666668, 33.833333333333336, 28.666666666666668, 22.0, 28.857142857142858, 33.833333333333336, 18.904761904761905, 12.64516129032258, 11.619047619047619, 46.166666666666664]
switch 10 are []
switch 11 are []
switch 12 are []
switch 13 are []
switch 14 are []
switch 15 are []
switch 16 are [0.0]
switch 17 are [0.0]
switch 18 are []
switch 19 are []
switch_ARE_with_trim_mean [15.266169639803335, 15.419823557390732, nan, nan, nan, nan, nan, nan, 15.240626316296758, 15.71681415966536, nan, nan, nan, nan, nan, nan, 0.0, 0.0, nan, nan]
4 base2
d: 5 w: 9 k: 5
all [420.875] 

ans 420.875 

number 1 average are:  8.950837987207949 total flow 239  


4_baseline2_switch_ 0 = 712
4_baseline2_switch_ 1 = 712
4_baseline2_switch_ 2 = 2
4_baseline2_switch_ 3 = 2
4_baseline2_switch_ 4 = 2
4_baseline2_switch_ 5 = 2
4_baseline2_switch_ 6 = 2
4_baseline2_switch_ 7 = 2
4_baseline2_switch_ 8 = 720
4_baseline2_switch_ 9 = 716
4_baseline2_switch_ 10 = 4
4_baseline2_switch_ 11 = 4
4_baseline2_switch_ 12 = 4
4_baseline2_switch_ 13 = 4
4_baseline2_switch_ 14 = 4
4_baseline2_switch_ 15 = 4
4_baseline2_switch_ 16 = 6
4_baseline2_switch_ 17 = 6
4_baseline2_switch_ 18 = 6
4_baseline2_switch_ 19 = 6
pass through [712, 712, 2, 2, 2, 2, 2, 2, 720, 716, 4, 4, 4, 4, 4, 4, 6, 6, 6, 6]
num_of_flow_store_in_switch [53, 63, 0, 0, 0, 0, 0, 0, 64, 57, 0, 0, 0, 0, 0, 0, 0, 1, 1, 0]
switch 0 are [1.21, 0.48562300319488816, 0.07178217821782178, 0.9957264957264957, 3.892857142857143, 1.935897435897436, 17.90909090909091, 0.2911764705882353, 2.4347826086956523, 1.075, 6.428571428571429, 15.066666666666666, 8.071428571428571, 2.5757575757575757, 1.2983870967741935, 6.428571428571429, 11.35, 7.566666666666666, 10.375, 19.0, 7.821428571428571, 19.583333333333332, 3.16, 4.017241379310345, 7.142857142857143, 0.8896103896103896, 9.65, 6.055555555555555, 15.933333333333334, 1.9759036144578312, 12.3125, 20.166666666666668, 1.5106382978723405, 7.481481481481482, 14.833333333333334, 7.607142857142857, 1.9098360655737705, 7.875, 8.5, 18.666666666666668, 9.142857142857142, 16.75, 15.0625, 16.75, 3.033707865168539, 28.916666666666668, 17.90909090909091, 13.857142857142858, 11.095238095238095, 6.387096774193548, 7.607142857142857, 5.0476190476190474, 7.290322580645161]
switch 1 are [0.90625, 2.3980582524271843, 1.4366812227074235, 0.46433203631647213, 1.9266666666666667, 7.5, 21.63157894736842, 17.678571428571427, 10.692307692307692, 2.5774647887323945, 2.619047619047619, 16.5, 11.964285714285714, 19.5, 0.5062240663900415, 3.217741935483871, 5.84375, 7.071428571428571, 6.0625, 1.3518518518518519, 7.5, 26.153846153846153, 0.8283582089552238, 0.49700598802395207, 6.6, 38.09090909090909, 13.875, 0.05898964543457797, 0.16839803171131765, 18.916666666666668, 45.666666666666664, 2.8484848484848486, 4.977528089887641, 6.055555555555555, 4.085106382978723, 2.0126582278481013, 0.7244094488188977, 2.6391752577319587, 35.583333333333336, 30.333333333333332, 8.04, 13.527777777777779, 29.5, 21.38095238095238, 19.166666666666668, 13.11111111111111, 15.88888888888889, 19.545454545454547, 11.882352941176471, 8.76923076923077, 12.217391304347826, 5.848484848484849, 13.848484848484848, 6.0, 11.090909090909092, 18.833333333333332, 26.4375, 1.0, 0.8281786941580757, 10.95, 1.9534883720930232, 24.333333333333332, 4.735849056603773]
switch 2 are []
switch 3 are []
switch 4 are []
switch 5 are []
switch 6 are []
switch 7 are []
switch 8 are [12.130434782608695, 12.545454545454545, 2.4, 2.296875, 8.035714285714286, 7.5, 9.857142857142858, 6.142857142857143, 9.25, 2.225806451612903, 7.535714285714286, 8.035714285714286, 3.6785714285714284, 10.9, 0.8446601941747572, 7.096774193548387, 9.44, 9.875, 8.523809523809524, 3.7222222222222223, 0.7704918032786885, 3.607843137254902, 14.071428571428571, 13.9375, 4.930232558139535, 4.125, 17.076923076923077, 0.8742138364779874, 2.984126984126984, 3.576923076923077, 20.333333333333332, 9.166666666666666, 6.9411764705882355, 3.09375, 3.6666666666666665, 7.638888888888889, 7.913043478260869, 16.466666666666665, 18.916666666666668, 20.75, 18.6, 13.066666666666666, 11.578947368421053, 8.52, 5.714285714285714, 14.866666666666667, 21.818181818181817, 10.25, 2.391891891891892, 2.2, 2.1875, 2.3472222222222223, 2.043010752688172, 14.722222222222221, 7.2, 5.896551724137931, 15.666666666666666, 17.53846153846154, 1.4710144927536233, 5.612903225806452, 14.384615384615385, 18.916666666666668, 1.368421052631579, 20.833333333333332]
switch 9 are [1.669811320754717, 18.583333333333332, 2.4941176470588236, 7.392857142857143, 7.75, 9.785714285714286, 3.7857142857142856, 7.035714285714286, 7.392857142857143, 4.654545454545454, 11.0, 8.9, 10.107142857142858, 1.0833333333333333, 4.953488372093023, 7.035714285714286, 8.535714285714286, 7.678571428571429, 6.34375, 6.866666666666666, 13.0625, 15.785714285714286, 3.1739130434782608, 21.0625, 1.91875, 8.9, 4.688888888888889, 0.849802371541502, 17.076923076923077, 1.5333333333333334, 4.0476190476190474, 2.8285714285714287, 7.0, 2.7733333333333334, 18.583333333333332, 18.875, 1.323076923076923, 4.465116279069767, 0.7777777777777778, 8.72, 20.333333333333332, 7.379310344827586, 7.533333333333333, 1.4019607843137254, 21.333333333333332, 0.5441176470588235, 2.735632183908046, 8.076923076923077, 1.4927536231884058, 3.3, 3.5, 15.0, 3.45, 6.216216216216216, 5.742857142857143, 14.733333333333333, 11.15]
switch 10 are []
switch 11 are []
switch 12 are []
switch 13 are []
switch 14 are []
switch 15 are []
switch 16 are []
switch 17 are [0.0]
switch 18 are [0.0]
switch 19 are []
switch_ARE_with_trim_mean [8.031108076567964, 9.41808729501648, nan, nan, nan, nan, nan, nan, 8.329490933453252, 7.0138871393677515, nan, nan, nan, nan, nan, nan, nan, 0.0, 0.0, nan]
4 base2
d: 6 w: 9 k: 5
all [518.0] 

ans 518.0 

number 1 average are:  8.098674935313873 total flow 239  


4_baseline2_switch_ 0 = 712
4_baseline2_switch_ 1 = 712
4_baseline2_switch_ 2 = 2
4_baseline2_switch_ 3 = 2
4_baseline2_switch_ 4 = 2
4_baseline2_switch_ 5 = 2
4_baseline2_switch_ 6 = 2
4_baseline2_switch_ 7 = 2
4_baseline2_switch_ 8 = 718
4_baseline2_switch_ 9 = 718
4_baseline2_switch_ 10 = 4
4_baseline2_switch_ 11 = 4
4_baseline2_switch_ 12 = 4
4_baseline2_switch_ 13 = 4
4_baseline2_switch_ 14 = 4
4_baseline2_switch_ 15 = 4
4_baseline2_switch_ 16 = 6
4_baseline2_switch_ 17 = 6
4_baseline2_switch_ 18 = 6
4_baseline2_switch_ 19 = 6
pass through [712, 712, 2, 2, 2, 2, 2, 2, 718, 718, 4, 4, 4, 4, 4, 4, 6, 6, 6, 6]
num_of_flow_store_in_switch [49, 59, 0, 0, 0, 0, 0, 0, 66, 62, 0, 0, 0, 0, 0, 0, 1, 1, 0, 1]
switch 0 are [0.61, 0.25878594249201275, 0.7623762376237624, 0.2777777777777778, 4.357142857142857, 2.4358974358974357, 19.181818181818183, 0.3411764705882353, 1.6956521739130435, 1.45, 13.357142857142858, 9.4, 1.0943396226415094, 7.821428571428571, 10.545454545454545, 19.416666666666668, 1.4375, 7.857142857142857, 8.1875, 6.71875, 0.20064724919093851, 5.125, 4.369565217391305, 10.1, 1.752808988764045, 7.676470588235294, 19.416666666666668, 15.866666666666667, 6.228571428571429, 11.0, 19.583333333333332, 6.444444444444445, 2.0875, 1.4901960784313726, 1.1967213114754098, 11.5, 2.4482758620689653, 6.923076923076923, 23.583333333333332, 4.379310344827586, 1.9130434782608696, 11.875, 4.885714285714286, 0.41580756013745707, 16.166666666666668, 11.25, 1.941860465116279, 14.857142857142858, 4.833333333333333]
switch 1 are [0.32421875, 0.8495145631067961, 0.834061135371179, 0.25680933852140075, 1.24, 8.071428571428571, 10.157894736842104, 8.178571428571429, 8.76923076923077, 10.043478260869565, 4.366197183098592, 2.0595238095238093, 7.071428571428571, 12.964285714285714, 7.571428571428571, 1.8870967741935485, 7.571428571428571, 3.370967741935484, 14.066666666666666, 6.571428571428571, 11.75, 9.583333333333334, 15.0625, 0.8802395209580839, 7.5, 20.166666666666668, 3.076923076923077, 4.644444444444445, 7.057142857142857, 1.0909090909090908, 0.8571428571428571, 8.333333333333334, 3.0317460317460316, 19.0, 13.263157894736842, 8.04, 4.255813953488372, 0.8637992831541219, 14.9375, 22.09090909090909, 8.416666666666666, 10.2, 2.574468085106383, 13.11111111111111, 2.5416666666666665, 20.166666666666668, 7.153846153846154, 9.761904761904763, 20.166666666666668, 1.3985507246376812, 3.0166666666666666, 6.2727272727272725, 20.25, 16.666666666666668, 15.25, 20.90909090909091, 19.083333333333332, 3.9056603773584904, 20.166666666666668]
switch 2 are []
switch 3 are []
switch 4 are []
switch 5 are []
switch 6 are []
switch 7 are []
switch 8 are [3.878787878787879, 2.2, 12.071428571428571, 11.5, 3.625, 8.714285714285714, 5.821428571428571, 2.690909090909091, 12.875, 5.9375, 9.8125, 1.1759259259259258, 2.388888888888889, 7.5, 11.357142857142858, 25.615384615384617, 8.52, 9.619047619047619, 1.0223880597014925, 0.4786885245901639, 2.82, 22.181818181818183, 4.575, 0.08691559460307499, 0.15199562602515035, 0.610062893081761, 19.5, 2.5238095238095237, 17.5, 5.194444444444445, 0.7944664031620553, 13.692307692307692, 3.25, 3.4444444444444446, 3.1, 14.666666666666666, 17.8, 16.0, 1.4329896907216495, 15.916666666666666, 15.4, 2.1204819277108435, 13.8, 5.586206896551724, 9.88, 2.810810810810811, 11.38888888888889, 23.727272727272727, 15.0, 10.277777777777779, 8.52, 6.8076923076923075, 1.7765957446808511, 5.7272727272727275, 8.647058823529411, 6.954545454545454, 5.548387096774194, 2.933333333333333, 16.153846153846153, 5.4324324324324325, 14.916666666666666, 2.932584269662921, 14.666666666666666, 13.1, 7.785714285714286, 9.387096774193548]
switch 9 are [1.8588235294117648, 0.8225806451612904, 8.5, 7.357142857142857, 10.75, 3.125, 7.428571428571429, 7.428571428571429, 7.142857142857143, 10.05, 10.55, 6.366666666666666, 5.8, 7.428571428571429, 7.142857142857143, 3.6785714285714284, 7.857142857142857, 8.357142857142858, 6.258064516129032, 6.366666666666666, 3.240740740740741, 18.571428571428573, 20.833333333333332, 3.0, 15.857142857142858, 13.0625, 1.84375, 14.1875, 4.767441860465116, 16.307692307692307, 13.625, 3.7241379310344827, 2.9393939393939394, 6.5, 6.25531914893617, 7.388888888888889, 1.8860759493670887, 8.91304347826087, 12.708333333333334, 3.2, 19.666666666666668, 2.2153846153846155, 0.8031496062992126, 14.6, 21.166666666666668, 13.0625, 1.925, 9.714285714285714, 9.814814814814815, 10.333333333333334, 17.27777777777778, 7.25, 0.6544117647058824, 1.7956989247311828, 9.565217391304348, 18.25, 16.307692307692307, 0.8651162790697674, 17.833333333333332, 8.714285714285714, 6.129032258064516, 1.7894736842105263]
switch 10 are []
switch 11 are []
switch 12 are []
switch 13 are []
switch 14 are []
switch 15 are []
switch 16 are [0.0]
switch 17 are [0.0]
switch 18 are []
switch 19 are [0.0]
switch_ARE_with_trim_mean [6.430227361964166, 8.286091848623578, nan, nan, nan, nan, nan, nan, 7.849226542326984, 7.9952586862500326, nan, nan, nan, nan, nan, nan, 0.0, 0.0, nan, 0.0]
