4 base3
d: 5 w: 3 k: 1
all [330.0] 

ans 330.0 

4_baseline3_switch_ 0 = 414
4_baseline3_switch_ 1 = 424
4_baseline3_switch_ 2 = 350
4_baseline3_switch_ 3 = 386
4_baseline3_switch_ 4 = 130
4_baseline3_switch_ 5 = 130
4_baseline3_switch_ 6 = 134
4_baseline3_switch_ 7 = 132
4_baseline3_switch_ 8 = 810
4_baseline3_switch_ 9 = 806
4_baseline3_switch_ 10 = 712
4_baseline3_switch_ 11 = 714
4_baseline3_switch_ 12 = 306
4_baseline3_switch_ 13 = 314
4_baseline3_switch_ 14 = 318
4_baseline3_switch_ 15 = 302
4_baseline3_switch_ 16 = 548
4_baseline3_switch_ 17 = 546
4_baseline3_switch_ 18 = 544
4_baseline3_switch_ 19 = 544
pass through [414, 424, 350, 386, 130, 130, 134, 132, 810, 806, 712, 714, 306, 314, 318, 302, 548, 546, 544, 544]
num_of_flow_store_in_switch [7, 9, 11, 13, 16, 13, 14, 11, 16, 11, 10, 13, 9, 14, 13, 11, 12, 9, 15, 12]
switch 0 are [0.0, 1.4408945686900958, 0.027227722772277228, 0.08984375, 0.029914529914529916, 16.4375, 0.21691176470588236]
switch 1 are [1.4029126213592233, 0.17467248908296942, 2.0714285714285716, 0.5, 9.909090909090908, 0.17941176470588235, 2.3333333333333335, 4.375, 5.0]
switch 2 are [0.02464332036316472, 0.532608695652174, 1.625, 0.24, 4.678571428571429, 6.6, 6.6, 5.36, 3.5428571428571427, 0.4457831325301205, 2.9310344827586206]
switch 3 are [3.2142857142857144, 0.6792452830188679, 5.105263157894737, 3.142857142857143, 3.2142857142857144, 4.304347826086956, 0.4141791044776119, 8.833333333333334, 9.9375, 4.523809523809524, 8.833333333333334, 4.9, 7.285714285714286]
switch 4 are [6.115384615384615, 7.909090909090909, 13.416666666666666, 0.2934131736526946, 11.357142857142858, 0.4885245901639344, 2.4827586206896552, 1.803030303030303, 1.703125, 2.2063492063492065, 1.5694444444444444, 9.88888888888889, 1.8833333333333333, 3.4545454545454546, 4.297297297297297, 4.6]
switch 5 are [0.7464788732394366, 1.893939393939394, 0.8, 2.5428571428571427, 1.1111111111111112, 9.0, 4.541666666666667, 15.166666666666666, 2.6944444444444446, 4.769230769230769, 10.76923076923077, 0.6811594202898551, 9.333333333333334]
switch 6 are [1.4761904761904763, 2.0470588235294116, 2.5, 16.333333333333332, 4.18, 2.25, 5.933333333333334, 6.194444444444445, 0.6428571428571429, 34.5, 6.703703703703703, 13.38888888888889, 0.5069767441860465, 0.6494845360824743]
switch 7 are [4.571428571428571, 1.6666666666666667, 8.714285714285714, 9.153846153846153, 8.066666666666666, 0.5538461538461539, 0.5773195876288659, 3.2142857142857144, 8.833333333333334, 2.8823529411764706, 8.833333333333334]
switch 8 are [1.0, 3.0357142857142856, 2.9285714285714284, 3.857142857142857, 9.0, 6.0625, 0.34285714285714286, 4.913043478260869, 6.333333333333333, 3.52, 3.566666666666667, 7.055555555555555, 3.9130434782608696, 8.75, 2.3333333333333335, 3.3870967741935485]
switch 9 are [4.071428571428571, 3.2857142857142856, 4.428571428571429, 3.2857142857142856, 3.2857142857142856, 8.875, 0.20948616600790515, 2.021276595744681, 4.0, 0.7471264367816092, 2.870967741935484]
switch 10 are [1.8392857142857142, 1.2142857142857142, 5.178571428571429, 3.0357142857142856, 0.68125, 1.627906976744186, 1.3066666666666666, 2.9302325581395348, 1.2093023255813953, 2.188679245283019]
switch 11 are [4.107142857142857, 4.75, 4.892857142857143, 1.0363636363636364, 7.9375, 7.166666666666667, 8.333333333333334, 3.878787878787879, 8.375, 10.916666666666666, 5.809523809523809, 4.548387096774194, 1.1578947368421053]
switch 12 are [7.25, 0.5241935483870968, 1.775, 0.2922077922077922, 12.266666666666667, 0.2831541218637993, 1.2297297297297298, 5.884615384615385, 0.9042553191489362]
switch 13 are [0.21991701244813278, 6.0625, 7.15, 2.7666666666666666, 10.4375, 8.416666666666666, 12.583333333333334, 8.5, 6.533333333333333, 1.9148936170212767, 1.0375, 1.096774193548387, 5.333333333333333, 6.3125]
switch 14 are [3.34375, 4.071428571428571, 4.357142857142857, 3.34375, 0.4351851851851852, 0.49606299212598426, 7.352941176470588, 4.68, 1.3166666666666667, 1.5056179775280898, 10.833333333333334, 2.5714285714285716, 11.5]
switch 15 are [3.3, 3.40625, 0.7407407407407407, 2.2790697674418605, 3.0357142857142856, 3.0357142857142856, 8.923076923076923, 0.610062893081761, 1.511111111111111, 1.1625, 3.8076923076923075]
switch 16 are [1.6935483870967742, 3.607142857142857, 3.0714285714285716, 1.3035714285714286, 4.964285714285714, 7.666666666666667, 0.027298399748980233, 0.05850191361399672, 2.8, 3.911764705882353, 2.9310344827586206, 7.666666666666667]
switch 17 are [3.357142857142857, 4.892857142857143, 5.1, 2.8125, 0.21035598705501618, 0.7865168539325843, 9.166666666666666, 0.6274509803921569, 0.6885245901639344]
switch 18 are [3.838709677419355, 2.966666666666667, 8.153846153846153, 4.16, 9.583333333333334, 1.0476190476190477, 1.4423076923076923, 10.333333333333334, 10.545454545454545, 3.76, 5.0476190476190474, 9.583333333333334, 11.363636363636363, 0.7028985507246377, 9.818181818181818]
switch 19 are [3.7083333333333335, 4.380952380952381, 1.3148148148148149, 6.1875, 1.75, 1.7826086956521738, 4.65, 0.8860759493670886, 5.052631578947368, 7.461538461538462, 8.166666666666666, 4.071428571428571]
switch_ARE_with_trim_mean [2.6060417622975405, 2.882872187666765, 2.883983875818832, 4.912406846783601, 4.268493965740064, 4.382026591277552, 5.191607890196934, 5.262185836533927, 4.332571513645196, 3.1107237368449585, 1.9190091858375644, 5.541553956538908, 3.3788691736243783, 5.463472317547471, 3.9883747405567873, 2.475421388712732, 3.200794472744698, 3.0713350086900397, 6.175415742239564, 4.0359807836667105]
4 base3
d: 5 w: 6 k: 1
all [153.0] 

ans 153.0 

4_baseline3_switch_ 0 = 424
4_baseline3_switch_ 1 = 410
4_baseline3_switch_ 2 = 374
4_baseline3_switch_ 3 = 344
4_baseline3_switch_ 4 = 118
4_baseline3_switch_ 5 = 118
4_baseline3_switch_ 6 = 120
4_baseline3_switch_ 7 = 114
4_baseline3_switch_ 8 = 796
4_baseline3_switch_ 9 = 786
4_baseline3_switch_ 10 = 698
4_baseline3_switch_ 11 = 680
4_baseline3_switch_ 12 = 280
4_baseline3_switch_ 13 = 278
4_baseline3_switch_ 14 = 308
4_baseline3_switch_ 15 = 268
4_baseline3_switch_ 16 = 530
4_baseline3_switch_ 17 = 534
4_baseline3_switch_ 18 = 504
4_baseline3_switch_ 19 = 504
pass through [424, 410, 374, 344, 118, 118, 120, 114, 796, 786, 698, 680, 280, 278, 308, 268, 530, 534, 504, 504]
num_of_flow_store_in_switch [15, 12, 13, 12, 13, 9, 10, 14, 11, 13, 16, 11, 16, 9, 9, 11, 14, 11, 11, 9]
switch 0 are [0.165, 0.019169329073482427, 0.19306930693069307, 0.2109375, 0.9957264957264957, 0.27184466019417475, 0.034934497816593885, 0.0, 5.17948717948718, 1.9090909090909092, 0.0, 0.0, 1.0, 0.8, 1.9166666666666667]
switch 1 are [0.05966277561608301, 0.15, 0.013333333333333334, 0.25, 1.0357142857142858, 4.533333333333333, 0.47368421052631576, 0.10714285714285714, 0.6785714285714286, 1.6153846153846154, 0.8863636363636364, 1.55]
switch 2 are [0.1509433962264151, 1.826086956521739, 1.1818181818181819, 1.5833333333333333, 0.056338028169014086, 0.4696969696969697, 0.75, 1.3333333333333333, 28.09090909090909, 1.75, 2.0, 0.09965635738831616, 0.5476190476190477]
switch 3 are [0.047058823529411764, 0.23809523809523808, 0.4, 0.42857142857142855, 1.2857142857142858, 3.2857142857142856, 0.21428571428571427, 0.5, 0.5555555555555556, 0.7307692307692307, 0.3146067415730337, 0.3953488372093023]
switch 4 are [0.1774193548387097, 0.078125, 0.32142857142857145, 4.142857142857143, 0.14285714285714285, 1.1428571428571428, 0.17857142857142858, 0.35714285714285715, 0.2857142857142857, 1.0, 0.04564315352697095, 0.30303030303030304, 0.2631578947368421]
switch 5 are [1.3571428571428572, 1.0357142857142858, 0.18181818181818182, 0.55, 0.96875, 0.875, 2.75, 0.6086956521739131, 2.375]
switch 6 are [0.65, 0.12903225806451613, 0.43333333333333335, 0.07142857142857142, 0.4375, 0.07142857142857142, 0.42857142857142855, 0.08823529411764706, 1.5, 2.3333333333333335]
switch 7 are [1.875, 0.3333333333333333, 2.5, 2.0625, 0.4444444444444444, 0.0, 0.46774193548387094, 0.07142857142857142, 0.8035714285714286, 0.4642857142857143, 1.0357142857142858, 1.8666666666666667, 0.03571428571428571, 0.0]
switch 8 are [0.9302325581395349, 0.17857142857142858, 0.95, 0.4375, 0.012944983818770227, 0.7096774193548387, 1.6923076923076923, 2.1875, 1.7222222222222223, 2.5833333333333335, 2.142857142857143]
switch 9 are [0.76, 1.125, 0.6666666666666666, 0.08582089552238806, 0.1347305389221557, 5.583333333333333, 0.2625, 0.6785714285714286, 3.6470588235294117, 3.8333333333333335, 2.1538461538461537, 0.14418604651162792, 0.967741935483871]
switch 10 are [1.1111111111111112, 0.45, 1.5714285714285714, 5.333333333333333, 0.2754098360655738, 1.2, 2.8125, 5.0, 0.42424242424242425, 3.8333333333333335, 0.18556701030927836, 2.0, 1.4137931034482758, 0.6333333333333333, 0.2903225806451613, 0.7931034482758621]
switch 11 are [0.6078431372549019, 1.7272727272727273, 2.857142857142857, 0.1, 1.8666666666666667, 1.4736842105263157, 2.6363636363636362, 0.4444444444444444, 0.18627450980392157, 1.0, 0.4666666666666667]
switch 12 are [0.9565217391304348, 0.13125, 0.11627906976744186, 3.923076923076923, 6.0, 0.005020395356134295, 0.06287588846364134, 0.4025157232704403, 0.024096385542168676, 0.6, 2.619047619047619, 0.41379310344827586, 0.22340425531914893, 2.3333333333333335, 1.2857142857142858, 1.6129032258064515]
switch 13 are [0.7, 1.8333333333333333, 0.2413793103448276, 0.09523809523809523, 0.25, 0.8571428571428571, 1.0, 1.619047619047619, 2.8181818181818183]
switch 14 are [2.0, 0.08888888888888889, 0.34285714285714286, 0.13636363636363635, 1.35, 0.5581395348837209, 1.7333333333333334, 0.10869565217391304, 0.6216216216216216]
switch 15 are [1.8333333333333333, 0.19101123595505617, 0.4722222222222222, 0.8333333333333334, 0.1067193675889328, 0.0, 0.0, 0.36, 0.4166666666666667, 0.5151515151515151, 2.3333333333333335]
switch 16 are [1.3846153846153846, 0.0761904761904762, 0.5833333333333334, 1.75, 0.6714285714285714, 0.2916666666666667, 2.0, 14.866666666666667, 0.007168458781362007, 7.75, 0.14754098360655737, 1.4230769230769231, 2.75, 1.2857142857142858]
switch 17 are [0.28125, 0.25396825396825395, 1.8333333333333333, 1.2666666666666666, 1.8333333333333333, 1.9166666666666667, 0.7222222222222222, 1.1666666666666667, 1.7777777777777777, 0.5769230769230769, 1.8]
switch 18 are [1.0158730158730158, 0.8607594936708861, 0.9130434782608695, 2.0, 0.9375, 0.32432432432432434, 0.25, 1.1166666666666667, 1.4193548387096775, 1.3, 0.5660377358490566]
switch 19 are [0.13333333333333333, 0.11538461538461539, 0.2204724409448819, 0.92, 0.1276595744680851, 2.32, 0.15942028985507245, 0.8235294117647058, 2.1666666666666665]
switch_ARE_with_trim_mean [0.5781876434999244, 0.6806523809319222, 1.0629534159943033, 0.5062947031773789, 0.38639127101611664, 1.1891245529832486, 0.46726261068943703, 0.7883667221368835, 1.2167631626058732, 1.3066940842604227, 1.5577555529916889, 1.1565795554443645, 1.0503436822800118, 1.0460358925876168, 0.7710999789024731, 0.5253819638056734, 1.6761305520526832, 1.2509081196581198, 0.9392843948171663, 0.7762740369352623]
4 base3
d: 5 w: 9 k: 1
all [64.0] 

ans 64.0 

4_baseline3_switch_ 0 = 424
4_baseline3_switch_ 1 = 410
4_baseline3_switch_ 2 = 352
4_baseline3_switch_ 3 = 356
4_baseline3_switch_ 4 = 126
4_baseline3_switch_ 5 = 124
4_baseline3_switch_ 6 = 130
4_baseline3_switch_ 7 = 130
4_baseline3_switch_ 8 = 804
4_baseline3_switch_ 9 = 802
4_baseline3_switch_ 10 = 678
4_baseline3_switch_ 11 = 706
4_baseline3_switch_ 12 = 300
4_baseline3_switch_ 13 = 304
4_baseline3_switch_ 14 = 312
4_baseline3_switch_ 15 = 320
4_baseline3_switch_ 16 = 536
4_baseline3_switch_ 17 = 534
4_baseline3_switch_ 18 = 554
4_baseline3_switch_ 19 = 550
pass through [424, 410, 352, 356, 126, 124, 130, 130, 804, 802, 678, 706, 300, 304, 312, 320, 536, 534, 554, 550]
num_of_flow_store_in_switch [18, 15, 14, 14, 17, 18, 11, 8, 15, 15, 13, 9, 9, 9, 11, 6, 9, 8, 10, 10]
switch 0 are [0.025, 0.3706070287539936, 0.022277227722772276, 0.0, 0.0, 0.03398058252427184, 0.048034934497816595, 0.0, 0.0, 20.818181818181817, 0.0, 0.0, 0.0, 3.357142857142857, 0.0, 0.0, 0.0, 0.030303030303030304]
switch 1 are [0.0, 0.14666666666666667, 0.0, 0.0, 0.6071428571428571, 0.4230769230769231, 0.0, 0.5, 0.8333333333333334, 0.4225352112676056, 0.07142857142857142, 0.03529411764705882, 0.0, 0.0, 0.7857142857142857]
switch 2 are [0.0, 0.22580645161290322, 0.0, 0.0, 0.07142857142857142, 0.0, 0.07142857142857142, 0.8571428571428571, 0.0, 0.0, 0.0, 0.2909090909090909, 0.25, 0.4166666666666667]
switch 3 are [0.32142857142857145, 0.0, 0.75, 1.3214285714285714, 0.10714285714285714, 0.03571428571428571, 0.05, 0.024193548387096774, 0.0, 1.9, 0.07142857142857142, 0.07142857142857142, 0.5, 0.07017543859649122]
switch 4 are [0.23236514522821577, 0.0, 0.1, 0.07142857142857142, 0.0, 0.0625, 0.0, 0.14814814814814814, 0.03225806451612903, 0.14285714285714285, 0.0, 0.75, 1.5333333333333334, 0.5, 0.06896551724137931, 0.4166666666666667, 0.38095238095238093]
switch 5 are [1.2325581395348837, 0.2857142857142857, 0.0, 1.0, 0.0, 0.0, 0.032362459546925564, 0.4838709677419355, 0.9333333333333333, 2.1538461538461537, 0.2, 3.4285714285714284, 0.0, 0.07835820895522388, 0.025, 0.5714285714285714, 0.003278688524590164, 0.18518518518518517]
switch 6 are [0.20833333333333334, 0.4375, 0.0718562874251497, 0.08333333333333333, 0.14, 0.41304347826086957, 0.058823529411764705, 0.0, 0.625, 0.0, 0.2]
switch 7 are [0.42857142857142855, 0.25, 0.0, 0.175, 0.6666666666666666, 0.2777777777777778, 0.05555555555555555, 0.07142857142857142]
switch 8 are [0.8461538461538461, 1.0625, 0.019140257295262003, 0.030071077091306724, 0.2, 0.10062893081761007, 0.0, 0.2857142857142857, 0.0, 0.23376623376623376, 0.0, 0.2777777777777778, 0.4444444444444444, 0.8461538461538461, 0.3548387096774194]
switch 9 are [0.27586206896551724, 0.015151515151515152, 0.3076923076923077, 0.22857142857142856, 0.08333333333333333, 0.4, 0.4722222222222222, 0.6153846153846154, 0.15714285714285714, 0.0, 0.0, 0.26666666666666666, 0.08333333333333333, 0.11627906976744186, 0.55]
switch 10 are [0.4666666666666667, 0.019762845849802372, 0.19148936170212766, 0.47058823529411764, 0.2222222222222222, 0.05555555555555555, 0.21739130434782608, 1.25, 0.14666666666666667, 0.022058823529411766, 0.14285714285714285, 0.22727272727272727, 0.6666666666666666]
switch 11 are [0.0, 0.24050632911392406, 0.18571428571428572, 1.4166666666666667, 0.030927835051546393, 0.8181818181818182, 0.24324324324324326, 0.5, 0.21428571428571427]
switch 12 are [0.0, 0.8125, 0.046153846153846156, 1.0, 0.050724637681159424, 0.3225806451612903, 0.6153846153846154, 0.2857142857142857, 0.8333333333333334]
switch 13 are [0.05511811023622047, 0.6666666666666666, 0.75, 0.5333333333333333, 0.10526315789473684, 1.25, 0.4375, 0.023255813953488372, 0.0898876404494382]
switch 14 are [0.3333333333333333, 0.06666666666666667, 0.12, 0.22857142857142856, 0.18604651162790697, 0.10843373493975904, 0.021505376344086023, 0.08, 0.16666666666666666, 0.030927835051546393, 0.3225806451612903]
switch 15 are [0.25, 0.13793103448275862, 0.16666666666666666, 0.16666666666666666, 0.043478260869565216, 0.6363636363636364]
switch 16 are [0.2, 0.18181818181818182, 0.0, 0.0, 0.9166666666666666, 0.05747126436781609, 0.05555555555555555, 0.2692307692307692, 0.17142857142857143]
switch 17 are [1.125, 0.0425531914893617, 0.08196721311475409, 0.4230769230769231, 0.25, 0.3939393939393939, 0.5833333333333334, 0.4375]
switch 18 are [0.8333333333333334, 0.23333333333333334, 0.0625, 0.025, 1.0588235294117647, 0.23333333333333334, 0.10638297872340426, 0.18181818181818182, 0.8333333333333334, 1.3333333333333333]
switch 19 are [0.04054054054054054, 0.047619047619047616, 0.029411764705882353, 0.5555555555555556, 0.07526881720430108, 1.0, 0.34782608695652173, 0.2647058823529412, 0.5, 0.2641509433962264]
switch_ARE_with_trim_mean [0.2429591038090464, 0.23014297176492066, 0.11051994600381697, 0.27691170129625137, 0.19374277580257562, 0.449058499613193, 0.17920999575160565, 0.24062499999999998, 0.27989918529938707, 0.22740421560358642, 0.25722139752555734, 0.4055028769174665, 0.44071015149205894, 0.43455830250376487, 0.1455437209650294, 0.23351771084154893, 0.20579677878528452, 0.4171712568692208, 0.44285725291083555, 0.26195835920314176]
4 base3
d: 6 w: 9 k: 1
all [47.0] 

ans 47.0 

4_baseline3_switch_ 0 = 422
4_baseline3_switch_ 1 = 406
4_baseline3_switch_ 2 = 348
4_baseline3_switch_ 3 = 354
4_baseline3_switch_ 4 = 138
4_baseline3_switch_ 5 = 140
4_baseline3_switch_ 6 = 142
4_baseline3_switch_ 7 = 138
4_baseline3_switch_ 8 = 782
4_baseline3_switch_ 9 = 814
4_baseline3_switch_ 10 = 676
4_baseline3_switch_ 11 = 716
4_baseline3_switch_ 12 = 330
4_baseline3_switch_ 13 = 334
4_baseline3_switch_ 14 = 320
4_baseline3_switch_ 15 = 338
4_baseline3_switch_ 16 = 542
4_baseline3_switch_ 17 = 540
4_baseline3_switch_ 18 = 570
4_baseline3_switch_ 19 = 570
pass through [422, 406, 348, 354, 138, 140, 142, 138, 782, 814, 676, 716, 330, 334, 320, 338, 542, 540, 570, 570]
num_of_flow_store_in_switch [18, 14, 17, 17, 15, 16, 11, 14, 15, 10, 9, 5, 10, 9, 10, 9, 7, 10, 8, 15]
switch 0 are [0.055, 0.0, 0.3341584158415842, 0.13671875, 0.0, 0.0, 0.0, 0.0, 0.0, 0.0, 5.181818181818182, 0.0, 0.18666666666666668, 0.25, 0.0, 0.02830188679245283, 0.0, 0.10810810810810811]
switch 1 are [0.03529411764705882, 0.07608695652173914, 0.0, 0.0, 0.2857142857142857, 0.21428571428571427, 0.043478260869565216, 0.3181818181818182, 2.3333333333333335, 0.014084507042253521, 0.1411764705882353, 0.0, 0.0, 0.0]
switch 2 are [0.16666666666666666, 0.0, 0.0, 0.0, 0.17857142857142858, 1.2142857142857142, 0.0, 0.0, 0.0, 0.21428571428571427, 0.0, 0.5, 1.25, 0.7142857142857143, 0.0, 0.05555555555555555, 0.4]
switch 3 are [0.9285714285714286, 0.5, 0.0, 0.14285714285714285, 0.45, 0.03319502074688797, 0.0, 0.0, 0.09375, 1.1, 0.13333333333333333, 0.4375, 0.018518518518518517, 0.09302325581395349, 0.0, 0.38461538461538464, 0.4166666666666667]
switch 4 are [0.2, 0.0, 1.0, 0.0625, 0.0, 0.016129032258064516, 0.03571428571428571, 0.5714285714285714, 0.0, 0.0, 0.0, 0.0, 0.17857142857142858, 0.15384615384615385, 0.0]
switch 5 are [0.0, 0.75, 0.2, 0.9375, 0.5483870967741935, 0.06666666666666667, 0.0, 0.047619047619047616, 0.14814814814814814, 0.0718562874251497, 0.175, 0.16666666666666666, 1.9285714285714286, 0.04779411764705882, 0.2903225806451613, 0.38095238095238093]
switch 6 are [1.0625, 0.05970149253731343, 0.14285714285714285, 0.019672131147540985, 0.14, 0.35294117647058826, 4.636363636363637, 0.1875, 0.2558139534883721, 0.10344827586206896, 0.06896551724137931]
switch 7 are [0.2391304347826087, 0.0125, 0.8125, 0.1, 0.6153846153846154, 0.5625, 0.00031377470975839345, 0.03333333333333333, 0.006289308176100629, 0.08333333333333333, 0.09090909090909091, 2.0833333333333335, 0.056179775280898875, 0.16666666666666666]
switch 8 are [0.01530891197375615, 1.1666666666666667, 0.14285714285714285, 0.0, 0.9777777777777777, 1.0571428571428572, 0.0, 0.08333333333333333, 0.7752808988764045, 0.011857707509881422, 0.8723404255319149, 0.1388888888888889, 1.1071428571428572, 0.00819672131147541, 0.05]
switch 9 are [0.1, 0.0, 0.03333333333333333, 0.07692307692307693, 0.009523809523809525, 0.23529411764705882, 0.015625, 0.0, 0.43478260869565216, 1.0909090909090908]
switch 10 are [0.0, 0.031746031746031744, 0.0, 0.11428571428571428, 0.25, 0.04, 0.2, 0.0, 0.3235294117647059]
switch 11 are [0.26666666666666666, 0.0625, 0.09278350515463918, 0.9166666666666666, 0.8333333333333334]
switch 12 are [0.07692307692307693, 0.07086614173228346, 0.6666666666666666, 0.26666666666666666, 0.4, 0.3157894736842105, 0.1590909090909091, 0.23076923076923078, 0.05116279069767442, 0.3333333333333333]
switch 13 are [0.5833333333333334, 0.08333333333333333, 0.0, 0.4, 0.17142857142857143, 0.5294117647058824, 0.5, 0.041237113402061855, 0.25]
switch 14 are [0.0, 0.1686746987951807, 0.0, 0.5625, 0.04, 0.043010752688172046, 0.08, 0.038461538461538464, 1.2142857142857142, 0.06140350877192982]
switch 15 are [0.5, 0.4, 1.3636363636363635, 0.3103448275862069, 1.25, 0.06896551724137931, 0.3333333333333333, 0.4166666666666667, 0.6666666666666666]
switch 16 are [0.4583333333333333, 0.24, 0.23809523809523808, 2.4615384615384617, 0.5454545454545454, 0.6, 0.4642857142857143]
switch 17 are [0.08333333333333333, 0.43333333333333335, 0.5625, 0.9047619047619048, 0.11538461538461539, 0.057971014492753624, 0.036231884057971016, 0.18181818181818182, 1.0833333333333333, 0.1320754716981132]
switch 18 are [0.08108108108108109, 0.0875, 0.1, 0.00980392156862745, 0.2222222222222222, 0.625, 0.25, 0.1935483870967742]
switch 19 are [0.07446808510638298, 0.1111111111111111, 0.5, 0.06944444444444445, 0.7777777777777778, 0.6666666666666666, 1.9090909090909092, 0.25, 0.043478260869565216, 0.0425531914893617, 1.6666666666666667, 0.08333333333333333, 0.4, 0.06976744186046512, 0.16129032258064516]
switch_ARE_with_trim_mean [0.06868461421305073, 0.09402517757088918, 0.2295767195767196, 0.24213538340822105, 0.09370688244757723, 0.2736366423246052, 0.26374750649520723, 0.23156054648888733, 0.40308673248817617, 0.11318524326536633, 0.10661790642182797, 0.43439003436426116, 0.23167985402496385, 0.2843049018003536, 0.12425631233960262, 0.5899570416811796, 0.7153867561010419, 0.3088972318527794, 0.1961444514960881, 0.37492339310900447]
4 base3
d: 5 w: 3 k: 3
all [2033.0] 

ans 2033.0 

4_baseline3_switch_ 0 = 406
4_baseline3_switch_ 1 = 428
4_baseline3_switch_ 2 = 368
4_baseline3_switch_ 3 = 360
4_baseline3_switch_ 4 = 140
4_baseline3_switch_ 5 = 146
4_baseline3_switch_ 6 = 116
4_baseline3_switch_ 7 = 120
4_baseline3_switch_ 8 = 792
4_baseline3_switch_ 9 = 800
4_baseline3_switch_ 10 = 706
4_baseline3_switch_ 11 = 702
4_baseline3_switch_ 12 = 312
4_baseline3_switch_ 13 = 344
4_baseline3_switch_ 14 = 274
4_baseline3_switch_ 15 = 294
4_baseline3_switch_ 16 = 524
4_baseline3_switch_ 17 = 522
4_baseline3_switch_ 18 = 548
4_baseline3_switch_ 19 = 546
pass through [406, 428, 368, 360, 140, 146, 116, 120, 792, 800, 706, 702, 312, 344, 274, 294, 524, 522, 548, 546]
num_of_flow_store_in_switch [6, 12, 15, 12, 13, 8, 12, 10, 12, 10, 10, 13, 10, 17, 12, 13, 11, 13, 13, 17]
switch 0 are [1.03, 0.0, 0.0, 0.8046875, 0.0, 0.0]
switch 1 are [0.9781659388646288, 1.1607142857142858, 0.9358974358974359, 0.1504539559014267, 10.454545454545455, 0.75, 0.8160919540229885, 7.388888888888889, 9.5, 6.5625, 3.380952380952381, 2.4716981132075473]
switch 2 are [0.40294117647058825, 0.8586956521739131, 0.9933333333333333, 2.75, 10.894736842105264, 3.4722222222222223, 2.088235294117647, 8.444444444444445, 3.735294117647059, 1.8333333333333333, 7.076923076923077, 1.5393258426966292, 11.857142857142858, 12.416666666666666, 6.666666666666667]
switch 3 are [0.7, 4.928571428571429, 6.6, 0.5660377358490566, 4.857142857142857, 3.0714285714285716, 8.8125, 1.1566265060240963, 4.576923076923077, 3.757575757575758, 3.393939393939394, 4.7]
switch 4 are [3.0384615384615383, 3.5652173913043477, 3.772727272727273, 8.833333333333334, 1.106060606060606, 7.75, 8.133333333333333, 10.583333333333334, 0.22939068100358423, 5.555555555555555, 0.5652173913043478, 3.5714285714285716, 3.4193548387096775]
switch 5 are [0.8309859154929577, 0.6470588235294118, 2.425, 8.25, 17.666666666666668, 4.384615384615385, 0.6231884057971014, 0.28865979381443296]
switch 6 are [1.0, 2.764705882352941, 0.5278688524590164, 1.9782608695652173, 0.8930817610062893, 0.8539325842696629, 4.391304347826087, 6.1875, 3.259259259259259, 8.583333333333334, 4.75, 3.4193548387096775]
switch 7 are [0.27419354838709675, 4.535714285714286, 5.142857142857143, 2.6785714285714284, 7.583333333333333, 1.0666666666666667, 0.7731958762886598, 3.12, 4.571428571428571, 0.4930232558139535]
switch 8 are [0.75, 3.4285714285714284, 3.4642857142857144, 3.5, 2.7142857142857144, 11.666666666666666, 8.454545454545455, 0.6299212598425197, 5.5, 2.6129032258064515, 5.5, 3.4642857142857144]
switch 9 are [3.0357142857142856, 1.1607142857142858, 2.0, 2.857142857142857, 3.892857142857143, 3.0357142857142856, 1.7843137254901962, 8.133333333333333, 10.0, 4.913043478260869]
switch 10 are [2.7857142857142856, 2.642857142857143, 3.607142857142857, 1.3454545454545455, 2.8, 2.2222222222222223, 1.2702702702702702, 0.8494623655913979, 2.6551724137931036, 7.5]
switch 11 are [5.4, 0.31950207468879666, 7.625, 9.3125, 1.206896551724138, 1.0909090909090908, 1.9615384615384615, 3.311111111111111, 10.636363636363637, 6.857142857142857, 8.846153846153847, 1.0638297872340425, 10.5]
switch 12 are [0.5967741935483871, 5.5, 4.2, 6.428571428571429, 1.1746031746031746, 0.3246753246753247, 0.21739130434782608, 3.9583333333333335, 5.611111111111111, 7.666666666666667]
switch 13 are [3.375, 2.9, 2.9, 3.857142857142857, 0.9375, 8.066666666666666, 8.75, 4.6, 5.476190476190476, 0.8688524590163934, 8.5, 9.529411764705882, 4.6, 4.230769230769231, 2.272727272727273, 8.75, 10.666666666666666]
switch 14 are [3.6785714285714284, 3.09375, 4.6875, 1.2407407407407407, 2.953488372093023, 1.1129032258064515, 4.627906976744186, 4.2, 1.574468085106383, 0.2610294117647059, 1.0232558139534884, 10.333333333333334]
switch 15 are [0.6111111111111112, 3.9642857142857144, 2.75, 3.9642857142857144, 2.642857142857143, 5.95, 2.4, 0.4461538461538462, 5.8, 6.0, 0.9215686274509803, 11.75, 0.7456140350877193]
switch 16 are [4.107142857142857, 1.8928571428571428, 2.7142857142857144, 6.2, 1.7, 7.666666666666667, 10.0, 1.53125, 0.8095238095238095, 1.5333333333333334, 8.818181818181818]
switch 17 are [4.714285714285714, 2.5, 0.37540453074433655, 2.2580645161290325, 4.066666666666666, 9.153846153846153, 7.615384615384615, 1.4126984126984128, 1.0253164556962024, 5.947368421052632, 2.0697674418604652, 4.28, 7.416666666666667]
switch 18 are [3.72, 5.416666666666667, 4.619047619047619, 1.2037037037037037, 0.023533103231879512, 0.08310552214324768, 1.5319148936170213, 0.3761904761904762, 3.2777777777777777, 8.833333333333334, 4.310344827586207, 4.133333333333334, 5.555555555555555]
switch 19 are [21.0, 0.31343283582089554, 0.30538922155688625, 16.071428571428573, 15.125, 4.566666666666666, 4.1, 1.3857142857142857, 5.958333333333333, 16.2, 1.9142857142857144, 6.166666666666667, 1.9875, 2.225, 18.916666666666668, 5.45945945945946, 7.5]
switch_ARE_with_trim_mean [0.30578125, 3.3944908997548153, 4.785411821754343, 3.774220759160518, 4.482789984747145, 4.389521873739495, 2.949739954298914, 2.797682153417589, 3.9388877251780476, 3.7065148885641213, 2.416104217181803, 5.197734700528504, 3.474258570730345, 5.249693884546826, 2.81925846430157, 3.2499747586434893, 4.018190836940837, 3.936928991858218, 3.1116036705110557, 7.192676946669484]
4 base3
d: 5 w: 6 k: 3
all [355.0] 

ans 355.0 

4_baseline3_switch_ 0 = 412
4_baseline3_switch_ 1 = 410
4_baseline3_switch_ 2 = 366
4_baseline3_switch_ 3 = 368
4_baseline3_switch_ 4 = 140
4_baseline3_switch_ 5 = 130
4_baseline3_switch_ 6 = 144
4_baseline3_switch_ 7 = 138
4_baseline3_switch_ 8 = 802
4_baseline3_switch_ 9 = 802
4_baseline3_switch_ 10 = 716
4_baseline3_switch_ 11 = 714
4_baseline3_switch_ 12 = 334
4_baseline3_switch_ 13 = 334
4_baseline3_switch_ 14 = 344
4_baseline3_switch_ 15 = 328
4_baseline3_switch_ 16 = 570
4_baseline3_switch_ 17 = 570
4_baseline3_switch_ 18 = 562
4_baseline3_switch_ 19 = 564
pass through [412, 410, 366, 368, 140, 130, 144, 138, 802, 802, 716, 714, 334, 334, 344, 328, 570, 570, 562, 564]
num_of_flow_store_in_switch [11, 14, 12, 12, 10, 12, 11, 12, 12, 13, 12, 10, 14, 13, 13, 14, 11, 12, 10, 11]
switch 0 are [0.0, 0.0, 0.3316831683168317, 0.0, 0.0, 0.0, 0.0, 3.6785714285714284, 0.0, 0.10116731517509728, 0.0]
switch 1 are [1.8181818181818181, 0.34782608695652173, 0.15833333333333333, 0.7857142857142857, 0.7142857142857143, 1.2666666666666666, 0.16037735849056603, 1.1428571428571428, 0.9090909090909091, 0.3484848484848485, 0.25925925925925924, 1.0384615384615385, 0.2536231884057971, 1.5833333333333333]
switch 2 are [0.18666666666666668, 1.0, 0.6428571428571429, 1.1538461538461537, 0.5217391304347826, 2.0, 0.3380281690140845, 0.21176470588235294, 0.08333333333333333, 0.9166666666666666, 1.4444444444444444, 3.6666666666666665]
switch 3 are [0.36470588235294116, 1.2857142857142858, 0.30357142857142855, 0.5, 0.7894736842105263, 0.46511627906976744, 0.4457831325301205, 1.3125, 1.0344827586206897, 0.13953488372093023, 1.95, 2.25]
switch 4 are [0.04838709677419355, 0.0625, 0.42857142857142855, 1.0, 0.17857142857142858, 0.14285714285714285, 0.14285714285714285, 0.5714285714285714, 1.1875, 2.4166666666666665]
switch 5 are [0.6428571428571429, 0.75, 0.5, 1.25, 0.6428571428571429, 0.5357142857142857, 0.32142857142857145, 0.0851063829787234, 4.333333333333333, 0.2391304347826087, 2.8333333333333335, 0.21929824561403508]
switch 6 are [0.41818181818181815, 1.0, 0.04149377593360996, 0.4112903225806452, 0.4375, 0.42857142857142855, 1.25, 1.7333333333333334, 1.5294117647058822, 0.6756756756756757, 1.8]
switch 7 are [1.75, 0.55, 0.7333333333333333, 1.0, 0.21428571428571427, 0.28125, 0.0625, 0.027777777777777776, 0.023255813953488372, 0.06451612903225806, 0.35714285714285715, 2.6666666666666665]
switch 8 are [0.046296296296296294, 0.4642857142857143, 0.14285714285714285, 0.16071428571428573, 4.266666666666667, 1.8214285714285714, 0.65, 0.05501618122977346, 1.56, 1.75, 1.0, 0.2553191489361702]
switch 9 are [0.21428571428571427, 0.25, 0.375, 1.1612903225806452, 0.1, 2.6153846153846154, 0.4583333333333333, 0.075, 2.5, 1.4, 0.2638888888888889, 1.0, 1.25]
switch 10 are [0.7619047619047619, 0.12962962962962962, 1.6875, 0.033582089552238806, 0.0658682634730539, 1.6428571428571428, 0.08524590163934426, 0.34782608695652173, 0.0, 1.2, 3.5, 0.5909090909090909]
switch 11 are [3.6666666666666665, 2.090909090909091, 0.37209302325581395, 2.125, 0.33076923076923076, 0.07526881720430108, 0.3783783783783784, 1.434782608695652, 2.1818181818181817, 1.380952380952381]
switch 12 are [0.4, 13.5, 1.75, 0.1, 1.5625, 0.016402405686167305, 1.9166666666666667, 0.72, 0.6639344262295082, 1.9166666666666667, 2.1538461538461537, 0.6571428571428571, 0.967741935483871, 0.9642857142857143]
switch 13 are [0.575, 2.923076923076923, 1.5625, 0.03922183871979919, 0.26666666666666666, 0.18867924528301888, 2.3333333333333335, 4.25, 0.25, 1.8333333333333333, 1.2528735632183907, 1.2247191011235956, 1.2790697674418605]
switch 14 are [6.833333333333333, 0.1206896551724138, 0.42424242424242425, 0.34615384615384615, 0.34285714285714286, 0.045454545454545456, 0.2677165354330709, 3.0, 1.2083333333333333, 1.8333333333333333, 1.0, 0.8387096774193549, 3.0]
switch 15 are [0.0, 0.35555555555555557, 4.416666666666667, 5.4, 0.19101123595505617, 0.4020618556701031, 1.7, 2.6666666666666665, 0.13725490196078433, 2.611111111111111, 3.6923076923076925, 0.55, 1.3333333333333333, 0.5849056603773585]
switch 16 are [0.6666666666666666, 0.6666666666666666, 0.08695652173913043, 0.23404255319148937, 3.0, 1.3333333333333333, 0.17279411764705882, 0.8846153846153846, 0.9615384615384616, 2.1666666666666665, 1.8]
switch 17 are [0.10476190476190476, 1.7058823529411764, 0.031746031746031744, 0.16666666666666666, 5.666666666666667, 1.7333333333333334, 3.1818181818181817, 5.454545454545454, 2.5357142857142856, 1.088235294117647, 0.3333333333333333, 0.07216494845360824]
switch 18 are [0.375, 0.3611111111111111, 0.06329113924050633, 0.18571428571428572, 0.12, 1.7333333333333334, 1.1333333333333333, 0.8620689655172413, 0.7222222222222222, 1.625]
switch 19 are [0.20634920634920634, 2.0, 0.75, 0.4, 0.8571428571428571, 0.4, 0.15053763440860216, 1.2, 1.7857142857142858, 0.9285714285714286, 0.9354838709677419]
switch_ARE_with_trim_mean [0.04809449816576989, 0.7341650276672153, 0.8416013079812295, 0.845134745106976, 0.4642857142857143, 0.7934619156587119, 0.8759960381165315, 0.5040805811571941, 0.7859621044451658, 0.8157089326444166, 0.6545322966921784, 1.286837861847341, 1.1477320350267863, 1.2444774484979204, 1.1256396316313564, 1.5534062233003605, 0.9873693167028585, 1.637645575568559, 0.6730562397372741, 0.8292512943050577]
4 base3
d: 5 w: 9 k: 3
all [122.0] 

ans 122.0 

4_baseline3_switch_ 0 = 428
4_baseline3_switch_ 1 = 416
4_baseline3_switch_ 2 = 356
4_baseline3_switch_ 3 = 366
4_baseline3_switch_ 4 = 124
4_baseline3_switch_ 5 = 124
4_baseline3_switch_ 6 = 128
4_baseline3_switch_ 7 = 122
4_baseline3_switch_ 8 = 808
4_baseline3_switch_ 9 = 786
4_baseline3_switch_ 10 = 708
4_baseline3_switch_ 11 = 688
4_baseline3_switch_ 12 = 306
4_baseline3_switch_ 13 = 288
4_baseline3_switch_ 14 = 306
4_baseline3_switch_ 15 = 296
4_baseline3_switch_ 16 = 544
4_baseline3_switch_ 17 = 544
4_baseline3_switch_ 18 = 518
4_baseline3_switch_ 19 = 516
pass through [428, 416, 356, 366, 124, 124, 128, 122, 808, 786, 708, 688, 306, 288, 306, 296, 544, 544, 518, 516]
num_of_flow_store_in_switch [19, 14, 12, 16, 20, 14, 15, 14, 11, 14, 10, 9, 6, 11, 7, 13, 11, 9, 5, 9]
switch 0 are [1.06, 0.08945686900958466, 0.07178217821782178, 0.046875, 0.008547008547008548, 0.11165048543689321, 0.07423580786026202, 2.142857142857143, 1.205128205128205, 0.0025940337224383916, 0.8088235294117647, 0.30434782608695654, 0.4666666666666667, 0.0, 0.0, 0.0, 0.0, 0.03255813953488372, 0.1320754716981132]
switch 1 are [2.727272727272727, 0.4642857142857143, 0.03773584905660377, 1.2105263157894737, 0.0, 0.9285714285714286, 1.3076923076923077, 0.13636363636363635, 0.4166666666666667, 0.18309859154929578, 0.24242424242424243, 0.03529411764705882, 0.896551724137931, 0.1590909090909091]
switch 2 are [0.0, 0.0, 0.008064516129032258, 0.03125, 1.0, 1.2142857142857142, 0.0, 0.07142857142857142, 0.17857142857142858, 0.05357142857142857, 0.017857142857142856, 0.6666666666666666]
switch 3 are [0.17857142857142858, 1.1071428571428572, 0.03571428571428571, 0.9285714285714286, 0.8571428571428571, 1.0, 1.0714285714285714, 1.1071428571428572, 0.0, 0.1, 0.03225806451612903, 0.03571428571428571, 0.0, 0.0, 0.24, 0.12121212121212122]
switch 4 are [0.07142857142857142, 0.008298755186721992, 3.6875, 1.6, 0.46875, 0.1, 0.03333333333333333, 1.1428571428571428, 0.1875, 0.7419354838709677, 0.0, 1.0, 1.0, 0.8571428571428571, 0.6, 0.0, 0.9166666666666666, 0.021739130434782608, 0.5, 0.8666666666666667]
switch 5 are [0.125, 0.12037037037037036, 0.5581395348837209, 0.03571428571428571, 0.0, 0.03571428571428571, 0.06666666666666667, 0.03225806451612903, 0.15384615384615385, 0.0, 1.380952380952381, 0.425, 0.14285714285714285, 0.2222222222222222]
switch 6 are [0.042071197411003236, 0.3, 0.041666666666666664, 0.25925925925925924, 0.25, 0.0, 0.041916167664670656, 1.5833333333333333, 0.003278688524590164, 0.14, 0.08695652173913043, 1.8333333333333333, 0.3888888888888889, 1.0769230769230769, 0.22580645161290322]
switch 7 are [0.5882352941176471, 0.0, 0.21428571428571427, 1.8125, 0.00625, 0.25, 0.046511627906976744, 0.23076923076923078, 0.0, 0.14285714285714285, 0.14814814814814814, 0.1388888888888889, 0.2777777777777778, 0.003676470588235294]
switch 8 are [0.075, 0.5625, 0.004392845936617509, 0.002733734281027884, 0.15723270440251572, 0.08333333333333333, 0.3333333333333333, 0.030303030303030304, 0.45, 0.09523809523809523, 0.13333333333333333]
switch 9 are [0.25862068965517243, 0.031746031746031744, 0.17307692307692307, 0.17777777777777778, 0.2857142857142857, 0.08441558441558442, 2.0, 0.3333333333333333, 0.0, 0.0, 0.5882352941176471, 1.4166666666666667, 1.9, 0.9090909090909091]
switch 10 are [0.0898876404494382, 0.007905138339920948, 0.23404255319148937, 0.05714285714285714, 0.38235294117647056, 0.125, 0.15873015873015872, 0.2222222222222222, 0.012658227848101266, 0.6666666666666666]
switch 11 are [0.0, 0.1111111111111111, 0.38571428571428573, 0.5217391304347826, 0.25, 0.08333333333333333, 0.9166666666666666, 0.25, 0.3125]
switch 12 are [0.18666666666666668, 0.06666666666666667, 0.015748031496062992, 0.00819672131147541, 0.7857142857142857, 0.21428571428571427]
switch 13 are [1.25, 0.046153846153846156, 0.08333333333333333, 0.6666666666666666, 1.1666666666666667, 0.3157894736842105, 0.14285714285714285, 0.30434782608695654, 0.2857142857142857, 0.027491408934707903, 0.5833333333333334]
switch 14 are [0.061855670103092786, 0.4, 0.04, 0.0, 0.03942652329749104, 0.32, 0.7272727272727273]
switch 15 are [1.0666666666666667, 1.6, 0.11428571428571428, 0.3953488372093023, 1.25, 0.6666666666666666, 0.06666666666666667, 0.36363636363636365, 0.0, 0.4230769230769231, 0.25, 0.6666666666666666, 0.25]
switch 16 are [0.2916666666666667, 0.2916666666666667, 0.08602150537634409, 0.9230769230769231, 0.32608695652173914, 0.1, 0.18181818181818182, 0.3225806451612903, 0.10112359550561797, 0.06976744186046512, 0.07017543859649122]
switch 17 are [0.16, 0.4166666666666667, 0.35294117647058826, 0.3076923076923077, 0.19230769230769232, 0.06382978723404255, 0.6666666666666666, 0.2857142857142857, 0.22580645161290322]
switch 18 are [0.1111111111111111, 0.16666666666666666, 0.06756756756756757, 0.10810810810810811, 0.47619047619047616]
switch 19 are [0.4375, 0.07446808510638298, 0.0, 0.175, 0.0, 0.022988505747126436, 0.1111111111111111, 0.5, 0.5833333333333334]
switch_ARE_with_trim_mean [0.25969066007768227, 0.501525125272939, 0.20274097542242703, 0.4076968500009975, 0.5322699129742319, 0.15981572723258144, 0.3415461732325787, 0.1706166912783135, 0.1513518528755843, 0.5132231246328609, 0.1602545750950922, 0.31456272525113105, 0.21287968102347862, 0.39942917494404906, 0.22693641723904445, 0.5011831368068154, 0.19679329514588867, 0.29684722604057256, 0.18592878592878592, 0.211600115033106]
4 base3
d: 6 w: 9 k: 3
all [45.0] 

ans 45.0 

4_baseline3_switch_ 0 = 424
4_baseline3_switch_ 1 = 408
4_baseline3_switch_ 2 = 348
4_baseline3_switch_ 3 = 362
4_baseline3_switch_ 4 = 128
4_baseline3_switch_ 5 = 134
4_baseline3_switch_ 6 = 132
4_baseline3_switch_ 7 = 130
4_baseline3_switch_ 8 = 802
4_baseline3_switch_ 9 = 796
4_baseline3_switch_ 10 = 702
4_baseline3_switch_ 11 = 698
4_baseline3_switch_ 12 = 318
4_baseline3_switch_ 13 = 314
4_baseline3_switch_ 14 = 312
4_baseline3_switch_ 15 = 322
4_baseline3_switch_ 16 = 550
4_baseline3_switch_ 17 = 548
4_baseline3_switch_ 18 = 550
4_baseline3_switch_ 19 = 550
pass through [424, 408, 348, 362, 128, 134, 132, 130, 802, 796, 702, 698, 318, 314, 312, 322, 550, 548, 550, 550]
num_of_flow_store_in_switch [20, 19, 18, 16, 20, 12, 13, 15, 11, 11, 8, 10, 11, 8, 6, 7, 6, 8, 12, 8]
switch 0 are [0.0, 0.0, 0.0, 0.06640625, 0.0, 0.0, 0.0, 0.5892857142857143, 0.0, 0.21530479896238652, 10.090909090909092, 0.31176470588235294, 0.0, 0.0, 0.08, 0.0, 0.0, 0.0, 0.0, 0.4166666666666667]
switch 1 are [0.0, 2.466666666666667, 0.2358490566037736, 0.8214285714285714, 0.5769230769230769, 0.6086956521739131, 0.0, 0.18309859154929578, 0.48484848484848486, 0.0, 0.0625, 0.14285714285714285, 0.03571428571428571, 2.392857142857143, 0.5535714285714286, 0.2916666666666667, 0.46153846153846156, 0.018604651162790697, 0.4166666666666667]
switch 2 are [0.6588235294117647, 0.9882352941176471, 0.04032258064516129, 0.5357142857142857, 1.0, 1.0, 1.2142857142857142, 0.0, 0.23214285714285715, 0.0, 0.0, 0.5714285714285714, 0.0, 0.03636363636363636, 0.008298755186721992, 0.35714285714285715, 0.0, 0.1509433962264151]
switch 3 are [0.5, 0.07142857142857142, 1.65, 0.056451612903225805, 0.0, 0.5, 0.09375, 0.03333333333333333, 0.9, 0.17857142857142858, 0.018518518518518517, 0.07142857142857142, 0.07142857142857142, 0.0, 0.5454545454545454, 0.043859649122807015]
switch 4 are [0.125, 0.0, 0.5185185185185185, 0.46511627906976744, 0.06451612903225806, 0.21428571428571427, 0.14285714285714285, 0.07142857142857142, 0.26785714285714285, 0.8666666666666667, 0.0, 0.875, 0.0, 0.06666666666666667, 0.0, 0.12, 0.08333333333333333, 0.037037037037037035, 0.0, 0.006557377049180328]
switch 5 are [0.21428571428571427, 0.38095238095238093, 0.875, 0.029940119760479042, 0.375, 0.21428571428571427, 0.9166666666666666, 0.0, 0.6363636363636364, 0.375, 0.20930232558139536, 0.2857142857142857]
switch 6 are [0.42, 0.06521739130434782, 0.7142857142857143, 0.3125, 0.0375, 0.05, 0.6923076923076923, 0.0, 0.4393939393939394, 0.23076923076923078, 1.6206896551724137, 0.3076923076923077, 0.014492753623188406]
switch 7 are [0.4375, 0.0010934937124111536, 0.4, 0.0, 0.8333333333333334, 0.0, 0.0, 0.1746031746031746, 0.2222222222222222, 0.22857142857142856, 0.8333333333333334, 0.0, 0.0898876404494382, 0.06451612903225806, 0.05555555555555555]
switch 8 are [0.006493506493506494, 0.1111111111111111, 0.2, 0.011857707509881422, 0.0851063829787234, 0.0, 0.03125, 0.0, 0.12121212121212122, 0.2702702702702703, 0.4166666666666667]
switch 9 are [0.08095238095238096, 0.08823529411764706, 0.12698412698412698, 0.5833333333333334, 0.031746031746031744, 0.3611111111111111, 0.0, 0.0, 0.15384615384615385, 0.031914893617021274, 0.55]
switch 10 are [0.14285714285714285, 0.375, 0.05333333333333334, 0.6666666666666666, 0.031496062992125984, 0.4166666666666667, 0.011494252873563218, 0.11666666666666667]
switch 11 are [0.4666666666666667, 1.0625, 0.09230769230769231, 0.25, 0.0, 0.010752688172043012, 0.28, 0.08333333333333333, 0.2, 0.41935483870967744]
switch 12 are [0.041237113402061855, 0.4166666666666667, 1.1333333333333333, 0.5263157894736842, 0.56, 0.21686746987951808, 0.5, 0.35294117647058826, 0.5833333333333334, 0.19230769230769232, 0.75]
switch 13 are [0.06666666666666667, 0.11428571428571428, 0.0, 0.125, 0.2, 0.04, 0.14285714285714285, 0.16129032258064516]
switch 14 are [0.26666666666666666, 1.3636363636363635, 0.125, 0.08333333333333333, 1.4166666666666667, 0.25806451612903225]
switch 15 are [0.0, 0.03333333333333333, 0.34615384615384615, 0.6666666666666666, 0.375, 0.013745704467353952, 0.7333333333333333]
switch 16 are [0.3888888888888889, 0.0125, 0.4375, 0.25, 0.07865168539325842, 0.5714285714285714]
switch 17 are [0.5625, 0.05405405405405406, 0.0, 0.05, 0.18518518518518517, 0.5454545454545454, 0.13043478260869565, 0.16666666666666666]
switch 18 are [0.47619047619047616, 0.0392156862745098, 0.5, 4.944444444444445, 0.013888888888888888, 0.05555555555555555, 0.2777777777777778, 0.01639344262295082, 0.09420289855072464, 0.4166666666666667, 0.3333333333333333, 0.21428571428571427]
switch 19 are [0.5, 0.39285714285714285, 0.022058823529411766, 0.9166666666666666, 0.06060606060606061, 0.2647058823529412, 0.09090909090909091, 0.046511627906976744]
switch_ARE_with_trim_mean [0.06813390134446289, 0.4286364635036295, 0.3487134852112449, 0.22030177158496952, 0.1364483695084583, 0.3595844176943606, 0.2985599117614928, 0.19286792134460165, 0.09303345550840154, 0.1583099991527192, 0.22677259900702068, 0.2253019023986766, 0.4553813475701648, 0.10626248079877113, 0.5855612577386772, 0.3097475548506476, 0.28982819095178647, 0.21178690424614338, 0.24236215512577092, 0.28678941185353635]
4 base3
d: 5 w: 3 k: 5
all [328.0] 

ans 328.0 

4_baseline3_switch_ 0 = 406
4_baseline3_switch_ 1 = 398
4_baseline3_switch_ 2 = 366
4_baseline3_switch_ 3 = 352
4_baseline3_switch_ 4 = 144
4_baseline3_switch_ 5 = 162
4_baseline3_switch_ 6 = 134
4_baseline3_switch_ 7 = 134
4_baseline3_switch_ 8 = 784
4_baseline3_switch_ 9 = 786
4_baseline3_switch_ 10 = 702
4_baseline3_switch_ 11 = 694
4_baseline3_switch_ 12 = 376
4_baseline3_switch_ 13 = 346
4_baseline3_switch_ 14 = 320
4_baseline3_switch_ 15 = 320
4_baseline3_switch_ 16 = 562
4_baseline3_switch_ 17 = 564
4_baseline3_switch_ 18 = 554
4_baseline3_switch_ 19 = 552
pass through [406, 398, 366, 352, 144, 162, 134, 134, 784, 786, 702, 694, 376, 346, 320, 320, 562, 564, 554, 552]
num_of_flow_store_in_switch [6, 8, 14, 12, 13, 12, 8, 11, 12, 14, 11, 14, 9, 11, 13, 13, 15, 14, 14, 15]
switch 0 are [0.0, 0.0, 0.0, 0.0, 0.0, 0.0]
switch 1 are [0.13100436681222707, 2.3392857142857144, 0.02594033722438392, 0.012550988390335738, 16.733333333333334, 9.133333333333333, 0.49019607843137253, 11.666666666666666]
switch 2 are [0.3333333333333333, 8.636363636363637, 0.27941176470588236, 3.8214285714285716, 4.0476190476190474, 7.4375, 5.75, 1.3015873015873016, 5.368421052631579, 7.518518518518518, 3.3214285714285716, 0.1875, 4.0476190476190474, 3.608695652173913]
switch 3 are [1.0978260869565217, 1.0083333333333333, 0.37333333333333335, 3.107142857142857, 7.666666666666667, 0.4943820224719101, 5.92, 1.337837837837838, 5.388888888888889, 6.222222222222222, 7.125, 4.75]
switch 4 are [0.6981132075471698, 4.473684210526316, 2.7142857142857144, 4.321428571428571, 4.730769230769231, 3.5217391304347827, 1.8450704225352113, 7.333333333333333, 0.6307692307692307, 2.5714285714285716, 9.416666666666666, 11.416666666666666, 3.411764705882353]
switch 5 are [4.181818181818182, 9.666666666666666, 1.1515151515151516, 1.85, 2.25, 6.8, 10.583333333333334, 0.9247311827956989, 11.083333333333334, 6.3125, 6.1, 10.583333333333334]
switch 6 are [1.0941176470588236, 0.7857142857142857, 11.916666666666666, 4.933333333333334, 1.8253968253968254, 1.1030927835051547, 0.75, 0.6065573770491803]
switch 7 are [0.788235294117647, 0.4852459016393443, 0.2893081761006289, 0.7272727272727273, 3.2222222222222223, 1.240506329113924, 4.3023255813953485, 5.833333333333333, 14.727272727272727, 0.9885057471264368, 8.61111111111111]
switch 8 are [0.2903225806451613, 0.921875, 5.25, 3.4285714285714284, 2.5, 3.1739130434782608, 1.5294117647058822, 10.181818181818182, 6.6875, 6.166666666666667, 1.0212765957446808, 2.757575757575758]
switch 9 are [4.357142857142857, 3.107142857142857, 3.25, 2.8214285714285716, 6.642857142857143, 0.275, 8.583333333333334, 2.1944444444444446, 3.652173913043478, 3.4583333333333335, 6.1875, 1.2222222222222223, 8.153846153846153, 2.696969696969697]
switch 10 are [3.392857142857143, 3.2142857142857144, 0.875, 2.392857142857143, 3.607142857142857, 5.785714285714286, 7.0625, 7.076923076923077, 0.32857142857142857, 0.6142857142857143, 4.375]
switch 11 are [5.0, 4.964285714285714, 5.0, 3.9285714285714284, 1.0545454545454545, 5.15, 8.416666666666666, 11.545454545454545, 9.5, 4.380952380952381, 2.1666666666666665, 2.7954545454545454, 1.1833333333333333, 3.392857142857143]
switch 12 are [0.27385892116182575, 0.6612903225806451, 1.5813953488372092, 5.9375, 3.293103448275862, 2.264705882352941, 8.25, 0.5116279069767442, 8.25]
switch 13 are [6.125, 2.4375, 1.253968253968254, 1.3191489361702127, 6.6, 3.36, 0.6625, 3.1923076923076925, 1.2093023255813953, 6.333333333333333, 7.285714285714286]
switch 14 are [4.9, 3.2333333333333334, 2.966666666666667, 2.71875, 0.9907407407407407, 2.6285714285714286, 1.4096385542168675, 0.23297491039426524, 5.9411764705882355, 3.76, 3.0689655172413794, 8.076923076923077, 2.5405405405405403]
switch 15 are [3.1785714285714284, 3.1785714285714284, 5.3125, 0.5185185185185185, 3.627906976744186, 3.857142857142857, 2.4, 1.303030303030303, 1.6, 1.0579710144927537, 8.75, 1.752808988764045, 1.8679245283018868]
switch 16 are [1.935483870967742, 3.892857142857143, 8.0, 4.321428571428571, 1.4464285714285714, 5.035714285714286, 0.04319300164024057, 2.25, 11.416666666666666, 13.083333333333334, 5.208333333333333, 3.257142857142857, 6.523809523809524, 3.4193548387096775, 4.870967741935484]
switch 17 are [4.357142857142857, 8.466666666666667, 5.392857142857143, 4.35, 2.4193548387096775, 10.538461538461538, 0.984375, 1.125984251968504, 3.28, 7.916666666666667, 4.888888888888889, 0.7971014492753623, 3.838709677419355, 7.833333333333333]
switch 18 are [3.65625, 0.1941747572815534, 3.1333333333333333, 5.208333333333333, 3.1333333333333333, 1.0454545454545454, 12.583333333333334, 1.1733333333333333, 18.6875, 4.137931034482759, 3.1944444444444446, 3.769230769230769, 0.32646048109965636, 10.272727272727273]
switch 19 are [9.461538461538462, 5.92, 1.7592592592592593, 0.4664179104477612, 0.7425149700598802, 9.928571428571429, 10.333333333333334, 10.333333333333334, 9.2, 1.3191489361702127, 4.230769230769231, 10.333333333333334, 10.333333333333334, 2.761904761904762, 0.9736842105263158]
switch_ARE_with_trim_mean [0.0, 5.06653885230967, 3.9029635717538143, 3.645163324885357, 4.094389433167084, 5.947916666666667, 2.876859864840534, 2.910973138592455, 3.3436790256742683, 3.9786717660358963, 3.4799603174603173, 4.656565656565657, 3.447053536687248, 3.536728949040098, 3.105307568354472, 2.648766138692626, 4.736783646461066, 4.571164943637758, 4.30284710117551, 5.945953173753812]
4 base3
d: 5 w: 6 k: 5
all [310.0] 

ans 310.0 

4_baseline3_switch_ 0 = 420
4_baseline3_switch_ 1 = 422
4_baseline3_switch_ 2 = 362
4_baseline3_switch_ 3 = 342
4_baseline3_switch_ 4 = 130
4_baseline3_switch_ 5 = 128
4_baseline3_switch_ 6 = 138
4_baseline3_switch_ 7 = 130
4_baseline3_switch_ 8 = 772
4_baseline3_switch_ 9 = 824
4_baseline3_switch_ 10 = 674
4_baseline3_switch_ 11 = 694
4_baseline3_switch_ 12 = 300
4_baseline3_switch_ 13 = 324
4_baseline3_switch_ 14 = 312
4_baseline3_switch_ 15 = 316
4_baseline3_switch_ 16 = 522
4_baseline3_switch_ 17 = 518
4_baseline3_switch_ 18 = 552
4_baseline3_switch_ 19 = 552
pass through [420, 422, 362, 342, 130, 128, 138, 130, 772, 824, 674, 694, 300, 324, 312, 316, 522, 518, 552, 552]
num_of_flow_store_in_switch [13, 13, 14, 11, 12, 12, 11, 13, 14, 10, 10, 11, 14, 12, 13, 12, 11, 9, 12, 12]
switch 0 are [0.1, 0.0, 0.3341584158415842, 0.0, 0.0, 0.09223300970873786, 1.4107142857142858, 0.0, 0.0, 0.7142857142857143, 2.4166666666666665, 2.4166666666666665, 1.4]
switch 1 are [0.06550218340611354, 3.1818181818181817, 0.09705882352941177, 1.7065217391304348, 0.2857142857142857, 0.4339622641509434, 0.7142857142857143, 0.4090909090909091, 2.1666666666666665, 1.2777777777777777, 2.1666666666666665, 0.3939393939393939, 0.5428571428571428]
switch 2 are [0.275, 0.18666666666666668, 1.1071428571428572, 1.0666666666666667, 1.3846153846153846, 1.565217391304348, 0.3380281690140845, 0.4696969696969697, 0.0, 1.3333333333333333, 0.10638297872340426, 0.55, 3.9166666666666665, 1.8125]
switch 3 are [3.1578947368421053, 0.11764705882352941, 0.09523809523809523, 0.0, 1.359375, 0.2857142857142857, 0.03571428571428571, 0.6071428571428571, 0.12033195020746888, 0.12048192771084337, 1.3529411764705883]
switch 4 are [0.17857142857142858, 0.4642857142857143, 0.17857142857142858, 1.5, 0.5, 0.8928571428571429, 0.42857142857142855, 0.10714285714285714, 1.8181818181818181, 2.3076923076923075, 2.5833333333333335, 3.0833333333333335]
switch 5 are [0.39285714285714285, 1.1428571428571428, 1.2857142857142858, 2.0357142857142856, 0.39285714285714285, 0.3090909090909091, 1.85, 0.3125, 0.4482758620689655, 0.6129032258064516, 0.7666666666666667, 0.8387096774193549]
switch 6 are [1.55, 0.06666666666666667, 2.25, 1.84375, 0.5161290322580645, 0.35714285714285715, 1.0, 0.2857142857142857, 0.6818181818181818, 0.4339622641509434, 0.3508771929824561]
switch 7 are [0.29838709677419356, 1.5625, 0.9642857142857143, 0.71875, 0.17592592592592593, 0.35714285714285715, 0.35714285714285715, 1.8, 0.39285714285714285, 1.6923076923076923, 1.1875, 1.5625, 0.225]
switch 8 are [0.03333333333333333, 0.09259259259259259, 1.6785714285714286, 0.21428571428571427, 1.0, 0.006472491909385114, 1.2333333333333334, 0.6, 3.0, 0.88, 3.3636363636363638, 1.4411764705882353, 2.6923076923076925, 0.16151202749140894]
switch 9 are [0.20930232558139536, 0.53125, 0.2903225806451613, 0.6666666666666666, 1.125, 0.05223880597014925, 0.08682634730538923, 0.022950819672131147, 0.8, 1.2380952380952381]
switch 10 are [0.5, 0.09259259259259259, 0.2, 2.2142857142857144, 0.06, 1.3125, 1.125, 2.1666666666666665, 1.1333333333333333, 0.7777777777777778]
switch 11 are [0.34782608695652173, 0.2549019607843137, 2.142857142857143, 1.9230769230769231, 2.2666666666666666, 1.1333333333333333, 0.96, 1.255813953488372, 2.25, 2.6666666666666665, 0.16666666666666666]
switch 12 are [2.6363636363636362, 0.00625, 0.7674418604651163, 0.021336680263570756, 0.03773584905660377, 3.0833333333333335, 0.3181818181818182, 0.38095238095238093, 1.56, 0.6785714285714286, 1.1904761904761905, 1.6486486486486487, 1.6666666666666667, 0.9032258064516129]
switch 13 are [2.875, 0.2, 2.8, 1.0, 1.8666666666666667, 1.6111111111111112, 1.28, 0.26595744680851063, 0.15813953488372093, 0.4186046511627907, 2.0714285714285716, 2.0]
switch 14 are [0.01913613996719519, 3.5833333333333335, 1.0, 0.7555555555555555, 0.05714285714285714, 1.3, 0.8823529411764706, 0.2857142857142857, 2.0833333333333335, 0.33783783783783783, 1.1805555555555556, 0.896551724137931, 0.8928571428571429]
switch 15 are [0.0, 0.37662337662337664, 0.0449438202247191, 0.6666666666666666, 0.4583333333333333, 3.25, 3.25, 0.3431372549019608, 0.09558823529411764, 0.2413793103448276, 0.8846153846153846, 0.9615384615384616]
switch 16 are [1.75, 2.0, 0.1388888888888889, 0.24285714285714285, 1.7333333333333334, 2.5, 1.1851851851851851, 0.8333333333333334, 0.10655737704918032, 1.4230769230769231, 1.625]
switch 17 are [0.3055555555555556, 0.11067193675889328, 0.11428571428571428, 0.7368421052631579, 1.2916666666666667, 1.2916666666666667, 0.15053763440860216, 1.75, 0.8484848484848485]
switch 18 are [0.328125, 0.31746031746031744, 0.43037974683544306, 0.43478260869565216, 1.3333333333333333, 2.5, 1.5217391304347827, 0.6666666666666666, 0.30337078651685395, 2.5454545454545454, 2.3333333333333335, 0.6666666666666666]
switch 19 are [0.0, 0.29333333333333333, 8.25, 0.4, 0.14960629921259844, 0.08247422680412371, 0.02867383512544803, 0.8888888888888888, 0.15942028985507245, 4.083333333333333, 1.15, 1.3333333333333333]
switch_ARE_with_trim_mean [0.5880052811106353, 0.9267764894372132, 0.8496042014303096, 0.454954070780217, 1.0852064602064604, 0.8043341146247153, 0.779932646007421, 0.8471248509554961, 1.0855927160419783, 0.47020084077109525, 0.9134837962962963, 1.3927195630181413, 0.9841334138414729, 1.351376844717765, 0.8792637484828153, 0.7322825843542848, 1.2146305340749786, 0.7333012364544561, 1.0532486803426195, 0.856906353988613]
4 base3
d: 5 w: 9 k: 5
all [51.0] 

ans 51.0 

4_baseline3_switch_ 0 = 422
4_baseline3_switch_ 1 = 406
4_baseline3_switch_ 2 = 364
4_baseline3_switch_ 3 = 360
4_baseline3_switch_ 4 = 132
4_baseline3_switch_ 5 = 132
4_baseline3_switch_ 6 = 130
4_baseline3_switch_ 7 = 118
4_baseline3_switch_ 8 = 798
4_baseline3_switch_ 9 = 784
4_baseline3_switch_ 10 = 710
4_baseline3_switch_ 11 = 700
4_baseline3_switch_ 12 = 324
4_baseline3_switch_ 13 = 298
4_baseline3_switch_ 14 = 308
4_baseline3_switch_ 15 = 306
4_baseline3_switch_ 16 = 548
4_baseline3_switch_ 17 = 550
4_baseline3_switch_ 18 = 534
4_baseline3_switch_ 19 = 532
pass through [422, 406, 364, 360, 132, 132, 130, 118, 798, 784, 710, 700, 324, 298, 308, 306, 548, 550, 534, 532]
num_of_flow_store_in_switch [19, 14, 12, 19, 14, 19, 12, 15, 14, 10, 14, 9, 5, 10, 11, 8, 7, 8, 8, 11]
switch 0 are [0.14, 0.0, 0.01485148514851485, 0.0234375, 0.11965811965811966, 0.0, 0.0, 3.0, 0.11932555123216602, 0.0, 0.020588235294117647, 0.0, 0.0, 1.0, 0.24528301886792453, 0.39285714285714285, 1.0769230769230769, 0.0, 0.25]
switch 1 are [0.35714285714285715, 0.013333333333333334, 0.10714285714285714, 0.0, 4.526315789473684, 0.6428571428571429, 0.21739130434782608, 0.0, 0.0, 0.0, 0.0, 0.23529411764705882, 0.09411764705882353, 0.0]
switch 2 are [0.047619047619047616, 0.04032258064516129, 0.03571428571428571, 0.10714285714285714, 0.14285714285714285, 0.39285714285714285, 0.03571428571428571, 0.8132780082987552, 0.0, 0.050724637681159424, 0.18181818181818182, 0.01718213058419244]
switch 3 are [1.9642857142857142, 0.0, 2.0, 0.8571428571428571, 0.0, 1.0, 1.0, 1.0357142857142858, 0.5357142857142857, 0.509090909090909, 1.4, 0.0, 0.03571428571428571, 0.6511627906976745, 0.1111111111111111, 0.25, 0.14285714285714285, 0.09090909090909091, 0.16981132075471697]
switch 4 are [0.17857142857142858, 0.0625, 0.875, 1.6, 0.03333333333333333, 0.9642857142857143, 0.0, 0.5, 0.0, 0.12037037037037036, 0.03571428571428571, 0.0, 0.03571428571428571, 0.0]
switch 5 are [0.45161290322580644, 1.1071428571428572, 1.4285714285714286, 0.5, 0.9642857142857143, 0.4, 0.5357142857142857, 0.1, 0.28125, 0.09061488673139159, 0.6774193548387096, 0.0, 0.041666666666666664, 0.018518518518518517, 0.15298507462686567, 0.07142857142857142, 2.4166666666666665, 0.04590163934426229, 0.25]
switch 6 are [0.0, 0.38095238095238093, 0.5625, 0.023952095808383235, 0.05, 0.28, 2.0, 0.14285714285714285, 0.0006275494195167869, 0.08333333333333333, 0.6666666666666666, 0.5333333333333333]
switch 7 are [0.06521739130434782, 0.21568627450980393, 0.4375, 0.05625, 3.875, 0.32558139534883723, 0.0, 0.1875, 0.1, 0.25, 0.02857142857142857, 0.25925925925925924, 0.2222222222222222, 0.21505376344086022, 0.23809523809523808]
switch 8 are [1.5384615384615385, 0.0005467468562055768, 0.10062893081761007, 0.16666666666666666, 0.1206896551724138, 0.12121212121212122, 0.2698412698412698, 0.057692307692307696, 0.0, 0.6, 0.25, 0.8333333333333334, 0.5, 0.5454545454545454]
switch 9 are [0.0, 0.4, 0.10112359550561797, 0.0, 0.019762845849802372, 0.0, 0.0, 0.0, 0.25806451612903225, 0.14285714285714285]
switch 10 are [2.0555555555555554, 0.08823529411764706, 0.359375, 0.2857142857142857, 0.3611111111111111, 0.3492063492063492, 0.19444444444444445, 1.6666666666666667, 0.9090909090909091, 0.06985294117647059, 0.23529411764705882, 0.1, 0.04186046511627907, 1.5833333333333333]
switch 11 are [0.1518987341772152, 0.782608695652174, 1.0, 0.32, 0.06666666666666667, 0.4166666666666667, 0.21739130434782608, 0.20588235294117646, 0.6875]
switch 12 are [0.4, 0.5625, 0.06923076923076923, 0.11023622047244094, 0.05737704918032787]
switch 13 are [0.0, 0.030927835051546393, 0.9166666666666666, 0.4666666666666667, 1.0, 0.5263157894736842, 0.4, 0.012048192771084338, 0.25, 0.11702127659574468]
switch 14 are [0.25, 1.9333333333333333, 0.52, 0.0, 0.03225806451612903, 1.5625, 0.2, 0.5833333333333334, 0.7297297297297297, 0.38095238095238093, 0.3548387096774194]
switch 15 are [0.3333333333333333, 0.13333333333333333, 0.45454545454545453, 0.4583333333333333, 0.3448275862068966, 0.3333333333333333, 0.4166666666666667, 0.5833333333333334]
switch 16 are [0.24, 0.0, 0.034482758620689655, 0.07692307692307693, 0.46153846153846156, 0.75, 0.6666666666666666]
switch 17 are [0.5625, 0.32, 0.25, 0.8125, 0.07865168539325842, 0.35714285714285715, 0.25806451612903225, 0.05263157894736842]
switch 18 are [0.4444444444444444, 0.3333333333333333, 0.16666666666666666, 0.38461538461538464, 0.038461538461538464, 0.3076923076923077, 0.03333333333333333, 0.35]
switch 19 are [0.10810810810810811, 0.11702127659574468, 0.075, 0.0, 0.09523809523809523, 0.09803921568627451, 0.1724137931034483, 0.021739130434782608, 0.22093023255813954, 0.8333333333333334, 0.35]
switch_ARE_with_trim_mean [0.2001720076459448, 0.13893993829415827, 0.10519522926334568, 0.5737361055289455, 0.2337907848324515, 0.418653641240887, 0.2724222502370757, 0.20007207482707673, 0.2971721314205395, 0.06522601254269943, 0.5168603710423564, 0.4276238244946361, 0.23986880777670763, 0.3399558034031741, 0.5126235798009992, 0.38221329676071053, 0.31851585196412785, 0.33643632970156456, 0.25731837606837604, 0.139832205747177]
4 base3
d: 6 w: 9 k: 5
all [48.0] 

ans 48.0 

4_baseline3_switch_ 0 = 424
4_baseline3_switch_ 1 = 418
4_baseline3_switch_ 2 = 362
4_baseline3_switch_ 3 = 364
4_baseline3_switch_ 4 = 132
4_baseline3_switch_ 5 = 130
4_baseline3_switch_ 6 = 130
4_baseline3_switch_ 7 = 124
4_baseline3_switch_ 8 = 802
4_baseline3_switch_ 9 = 804
4_baseline3_switch_ 10 = 718
4_baseline3_switch_ 11 = 704
4_baseline3_switch_ 12 = 308
4_baseline3_switch_ 13 = 314
4_baseline3_switch_ 14 = 302
4_baseline3_switch_ 15 = 324
4_baseline3_switch_ 16 = 542
4_baseline3_switch_ 17 = 540
4_baseline3_switch_ 18 = 556
4_baseline3_switch_ 19 = 554
pass through [424, 418, 362, 364, 132, 130, 130, 124, 802, 804, 718, 704, 308, 314, 302, 324, 542, 540, 556, 554]
num_of_flow_store_in_switch [17, 15, 13, 16, 20, 18, 13, 13, 10, 11, 8, 4, 10, 15, 10, 8, 7, 8, 13, 10]
switch 0 are [0.0, 0.20447284345047922, 0.0, 0.359375, 0.0, 0.0048543689320388345, 0.0, 0.0, 0.717948717948718, 0.0, 0.0, 0.0, 0.0, 0.0, 0.06666666666666667, 0.0, 0.14285714285714285]
switch 1 are [0.18181818181818182, 0.014705882352941176, 0.07142857142857142, 0.16981132075471697, 0.05263157894736842, 0.7142857142857143, 1.1538461538461537, 0.0, 0.045454545454545456, 2.6666666666666665, 0.015151515151515152, 0.011764705882352941, 0.0, 1.9090909090909092, 0.07017543859649122]
switch 2 are [0.0, 0.011904761904761904, 0.04838709677419355, 0.015625, 0.0, 0.10714285714285714, 0.03571428571428571, 1.3928571428571428, 0.03571428571428571, 0.0, 0.03571428571428571, 0.01818181818181818, 0.0898876404494382]
switch 3 are [0.2857142857142857, 1.1428571428571428, 1.0357142857142858, 0.25, 0.0, 0.07142857142857142, 0.35714285714285715, 0.03571428571428571, 1.75, 0.04564315352697095, 0.75, 0.03333333333333333, 0.16666666666666666, 0.037037037037037035, 0.0, 0.5416666666666666]
switch 4 are [0.1532258064516129, 2.0, 0.0, 0.0, 1.0, 0.9375, 0.625, 0.0, 0.023255813953488372, 0.1774193548387097, 0.7142857142857143, 0.35714285714285715, 0.14285714285714285, 0.05357142857142857, 0.0, 0.4666666666666667, 0.0, 0.0, 0.0, 0.47619047619047616]
switch 5 are [1.2142857142857142, 0.5357142857142857, 0.0, 0.05825242718446602, 0.6923076923076923, 0.04, 3.4583333333333335, 0.5714285714285714, 0.3888888888888889, 0.6875, 0.05223880597014925, 4.357142857142857, 0.0, 0.0, 0.20930232558139536, 0.2777777777777778, 0.031914893617021274, 0.16666666666666666]
switch 6 are [0.008982035928143712, 0.275, 0.06, 0.8913043478260869, 0.21568627450980393, 0.9090909090909091, 0.6428571428571429, 5.1875, 0.0375, 0.5, 0.0025101976780671476, 0.058823529411764705, 0.22580645161290322]
switch 7 are [0.2, 0.46153846153846156, 0.125, 0.0010934937124111536, 0.16666666666666666, 0.0, 1.3333333333333333, 0.034482758620689655, 0.015151515151515152, 0.0, 0.04918032786885246, 0.3, 0.35]
switch 8 are [0.4166666666666667, 0.09523809523809523, 0.08888888888888889, 0.08571428571428572, 0.0, 0.08333333333333333, 0.05, 0.033707865168539325, 0.05555555555555555, 0.10714285714285714]
switch 9 are [0.16666666666666666, 0.02766798418972332, 0.2765957446808511, 2.6153846153846154, 0.05238095238095238, 0.3235294117647059, 0.015625, 0.047619047619047616, 0.09523809523809523, 0.0, 0.0]
switch 10 are [0.2777777777777778, 0.2777777777777778, 0.0, 0.11428571428571428, 0.6086956521739131, 0.04, 0.8, 0.25]
switch 11 are [0.5333333333333333, 0.1875, 0.25, 0.013745704467353952]
switch 12 are [0.0, 0.06299212598425197, 0.9166666666666666, 1.25, 0.3333333333333333, 0.26666666666666666, 0.012048192771084338, 0.5, 0.037209302325581395, 0.5]
switch 13 are [0.15463917525773196, 0.3333333333333333, 1.6666666666666667, 0.42105263157894735, 0.2, 0.06976744186046512, 1.5, 0.09090909090909091, 0.17647058823529413, 0.19047619047619047, 0.4166666666666667, 1.6666666666666667, 0.4166666666666667, 0.6, 0.32142857142857145]
switch 14 are [0.04, 0.007168458781362007, 0.04, 0.16666666666666666, 0.13333333333333333, 0.010752688172043012, 0.12, 0.3076923076923077, 0.5, 0.46153846153846156]
switch 15 are [0.3448275862068966, 0.16666666666666666, 0.04597701149425287, 0.2777777777777778, 0.15384615384615385, 0.12318840579710146, 0.5625, 0.25806451612903225]
switch 16 are [0.875, 0.08, 0.1388888888888889, 0.6666666666666666, 0.5, 0.2571428571428571, 0.1511627906976744]
switch 17 are [0.43333333333333335, 0.0875, 0.19230769230769232, 0.21739130434782608, 1.25, 0.10810810810810811, 0.45454545454545453, 0.4166666666666667]
switch 18 are [0.625, 0.7297297297297297, 0.0425531914893617, 0.0125, 0.037037037037037035, 0.0, 0.013888888888888888, 0.5172413793103449, 0.5384615384615384, 0.13043478260869565, 0.25, 0.05, 0.35714285714285715]
switch 19 are [1.2857142857142858, 0.3888888888888889, 0.3888888888888889, 0.05555555555555555, 0.5833333333333334, 0.1, 0.15151515151515152, 0.06060606060606061, 0.16129032258064516, 0.1320754716981132]
switch_ARE_with_trim_mean [0.051881734793755165, 0.3392434244314971, 0.03620654832690237, 0.3394941632715788, 0.257944703809881, 0.5240382114222476, 0.34773188102152314, 0.15482847486896334, 0.07494761013019441, 0.11170254472667136, 0.2960671152518979, 0.24614475945017184, 0.32861453596844803, 0.4991007370168585, 0.15999793217535152, 0.2416060147397352, 0.381265886199441, 0.39498156991363514, 0.23402360681261125, 0.2458247646888852]
