4-1 algo
d: 5 w: 3 k: 1
all [17.545454545454547, 18.066666666666666, 17.916666666666668, 16.833333333333332, 20.0, 21.09090909090909, 22.0, 18.916666666666668, 16.818181818181817, 17.8] 

ans 18.698787878787876 

number 0 switch: 2284
number 1 switch: 106
number 2 switch: 0
2-1 [48.355555555555554, 34.166666666666664, 34.0, 26.3, 26.0, 22.416666666666668, 20.8, 18.5, 18.5, 18.428571428571427, 18.166666666666668, 18.0, 34.0, 24.892857142857142, 23.76923076923077, 22.727272727272727, 22.0, 21.833333333333332, 20.75, 20.466666666666665, 20.428571428571427, 18.545454545454547, 31.923076923076923, 26.416666666666668, 26.071428571428573, 23.75, 23.545454545454547, 23.2, 23.083333333333332, 22.666666666666668, 20.90909090909091, 19.833333333333332, 18.583333333333332, 39.416666666666664, 26.8, 24.454545454545453, 21.25, 20.5, 19.642857142857142, 17.466666666666665, 17.181818181818183, 27.666666666666668, 26.642857142857142, 24.166666666666668, 23.666666666666668, 21.636363636363637, 20.3125, 73.82142857142857, 47.90909090909091, 47.325581395348834, 45.527027027027025, 32.083333333333336, 25.416666666666668, 24.833333333333332, 23.545454545454547, 23.25, 23.083333333333332, 22.833333333333332, 22.727272727272727, 21.8, 26.5, 24.733333333333334, 22.916666666666668, 21.333333333333332, 21.0, 21.0, 20.8, 20.545454545454547, 19.692307692307693, 19.5, 19.307692307692307, 19.333333333333332, 18.923076923076923, 18.916666666666668, 39.583333333333336, 39.583333333333336, 31.454545454545453, 29.875, 27.857142857142858, 27.25, 27.166666666666668, 25.071428571428573, 25.071428571428573, 25.0, 24.2, 20.866666666666667, 20.416666666666668, 20.125, 19.384615384615383, 19.357142857142858, 17.928571428571427, 17.4, 18.416666666666668, 18.166666666666668, 17.25, 17.25, 17.037037037037038, 16.833333333333332, 34.25, 26.583333333333332, 23.583333333333332, 20.181818181818183, 19.916666666666668, 19.416666666666668, 19.333333333333332, 18.583333333333332]
2-2 [4.111111111111111, 9.333333333333334, 11.5625, 9.15, 10.333333333333334, 14.5, 8.066666666666666, 14.916666666666666, 14.25, 7.428571428571429, 15.916666666666666, 16.916666666666668, 12.538461538461538, 5.785714285714286, 14.384615384615385, 10.545454545454545, 13.25, 15.75, 17.916666666666668, 11.733333333333333, 14.357142857142858, 17.272727272727273, 11.846153846153847, 15.0, 15.142857142857142, 13.333333333333334, 11.636363636363637, 12.866666666666667, 12.833333333333334, 16.916666666666668, 15.181818181818182, 17.333333333333332, 17.75, 14.416666666666666, 10.933333333333334, 14.363636363636363, 12.916666666666666, 13.916666666666666, 11.142857142857142, 3.6, 16.363636363636363, 13.75, 16.785714285714285, 11.833333333333334, 20.0, 11.272727272727273, 8.8125, 9.214285714285714, 16.363636363636363, 3.395348837209302, 3.310810810810811, 15.75, 14.583333333333334, 12.833333333333334, 16.636363636363637, 14.583333333333334, 11.416666666666666, 20.083333333333332, 21.09090909090909, 10.933333333333334, 11.833333333333334, 9.866666666666667, 15.666666666666666, 13.666666666666666, 13.666666666666666, 12.333333333333334, 9.333333333333334, 13.636363636363637, 10.76923076923077, 13.333333333333334, 13.923076923076923, 11.866666666666667, 10.923076923076923, 17.166666666666668, 13.0, 12.916666666666666, 16.727272727272727, 9.375, 6.107142857142857, 12.833333333333334, 13.833333333333334, 4.678571428571429, 4.75, 15.416666666666666, 12.333333333333334, 10.333333333333334, 13.166666666666666, 8.75, 11.307692307692308, 12.142857142857142, 9.285714285714286, 8.4, 13.25, 14.916666666666666, 14.25, 12.166666666666666, 5.888888888888889, 15.166666666666666, 11.0, 13.916666666666666, 11.416666666666666, 15.727272727272727, 14.916666666666666, 12.0, 15.583333333333334, 15.333333333333334]
3-1 []
3-2 []
3-3 []
[8.833333333333334, 5.5, 6.583333333333333] 41.177.161.164 210.218.218.164
4-1 algo
d: 5 w: 6 k: 1
all [6.666666666666667, 6.454545454545454, 7.357142857142857, 6.416666666666667, 6.4, 6.583333333333333, 5.583333333333333, 5.928571428571429, 7.5, 8.142857142857142] 

ans 6.703311688311689 

number 0 switch: 2299
number 1 switch: 90
number 2 switch: 1
2-1 [20.65, 17.09090909090909, 11.521739130434783, 8.923076923076923, 8.166666666666666, 8.0, 7.916666666666667, 7.333333333333333, 7.333333333333333, 7.25, 6.785714285714286, 13.692307692307692, 10.083333333333334, 9.923076923076923, 9.26923076923077, 7.75, 7.25, 6.818181818181818, 6.791666666666667, 6.583333333333333, 10.916666666666666, 10.833333333333334, 10.5, 9.923076923076923, 9.916666666666666, 7.9411764705882355, 21.272727272727273, 18.25, 14.0, 12.461538461538462, 10.846153846153847, 10.583333333333334, 10.416666666666666, 10.416666666666666, 9.833333333333334, 7.75, 7.4375, 7.391304347826087, 6.933333333333334, 6.461538461538462, 15.5, 8.583333333333334, 8.307692307692308, 7.5, 6.833333333333333, 6.4375, 23.09090909090909, 17.25, 13.363636363636363, 12.166666666666666, 9.192307692307692, 8.416666666666666, 8.166666666666666, 7.583333333333333, 7.416666666666667, 7.214285714285714, 6.3125, 26.166666666666668, 25.636363636363637, 23.25, 22.285714285714285, 7.923076923076923, 7.833333333333333, 5.68, 5.392857142857143, 5.384615384615385, 5.35, 20.818181818181817, 13.166666666666666, 10.090909090909092, 9.166666666666666, 9.0, 7.846153846153846, 7.0, 6.85, 6.666666666666667, 6.666666666666667, 6.0, 15.785714285714286, 13.916666666666666, 10.1875, 8.416666666666666, 8.416666666666666, 15.416666666666666, 13.1875, 12.333333333333334, 9.538461538461538, 8.785714285714286, 8.695652173913043, 8.291666666666666]
2-2 [2.3, 5.363636363636363, 2.0, 5.0, 3.8333333333333335, 6.666666666666667, 5.583333333333333, 3.8333333333333335, 4.916666666666667, 3.5, 2.0714285714285716, 3.230769230769231, 2.8333333333333335, 4.384615384615385, 2.423076923076923, 4.75, 3.625, 6.454545454545454, 4.541666666666667, 1.9583333333333333, 4.916666666666667, 3.6666666666666665, 5.25, 4.461538461538462, 3.5833333333333335, 1.8235294117647058, 4.181818181818182, 5.25, 2.8, 3.4615384615384617, 4.3076923076923075, 5.666666666666667, 4.25, 3.9166666666666665, 3.8333333333333335, 2.85, 3.875, 2.0434782608695654, 4.466666666666667, 1.6538461538461537, 4.25, 3.1666666666666665, 4.846153846153846, 3.75, 3.1666666666666665, 3.125, 3.909090909090909, 4.25, 3.8181818181818183, 5.583333333333333, 2.3846153846153846, 5.833333333333333, 4.666666666666667, 5.25, 4.166666666666667, 4.142857142857143, 4.875, 4.0, 4.545454545454546, 3.3333333333333335, 4.928571428571429, 4.615384615384615, 4.5, 1.52, 1.7857142857142858, 3.4615384615384617, 2.2, 4.090909090909091, 3.9166666666666665, 3.6363636363636362, 3.5833333333333335, 5.75, 4.615384615384615, 3.8333333333333335, 2.35, 4.416666666666667, 4.083333333333333, 3.5384615384615383, 4.071428571428571, 7.5, 2.6875, 6.916666666666667, 4.916666666666667, 4.333333333333333, 2.25, 6.666666666666667, 4.0, 8.142857142857142, 1.6521739130434783, 2.125]
3-1 [8.833333333333334]
3-2 [5.5]
3-3 [6.583333333333333]
4-1 algo
d: 5 w: 9 k: 1
all [4.857142857142857, 3.8333333333333335, 5.533333333333333, 2.727272727272727, 4.428571428571429, 2.8333333333333335, 3.4166666666666665, 3.1666666666666665, 4.266666666666667, 3.0833333333333335] 

ans 3.814632034632035 

number 0 switch: 2331
number 1 switch: 59
number 2 switch: 0
2-1 [8.363636363636363, 7.0, 5.4, 11.227272727272727, 7.083333333333333, 5.769230769230769, 4.333333333333333, 4.181818181818182, 6.1, 5.571428571428571, 5.769230769230769, 4.583333333333333, 4.5, 4.055555555555555, 4.0, 4.75, 3.6666666666666665, 3.5833333333333335, 3.0833333333333335, 2.7777777777777777, 2.75, 2.74, 7.571428571428571, 6.357142857142857, 4.666666666666667, 15.166666666666666, 7.5, 7.0, 5.545454545454546, 5.166666666666667, 3.75, 3.090909090909091, 2.95, 5.333333333333333, 5.2, 4.625, 5.285714285714286, 4.166666666666667, 4.214285714285714, 4.0, 3.6, 3.5833333333333335, 3.5416666666666665, 3.5357142857142856, 3.375, 4.666666666666667, 4.333333333333333, 7.785714285714286, 4.375, 3.9411764705882355, 3.857142857142857, 3.8333333333333335, 3.75, 3.6666666666666665, 3.3846153846153846, 3.3636363636363638, 3.2, 3.1818181818181817, 3.142857142857143]
2-2 [1.5454545454545454, 2.6363636363636362, 1.2, 1.3181818181818181, 1.5833333333333333, 1.9230769230769231, 3.8333333333333335, 1.7272727272727273, 0.7, 0.6666666666666666, 2.076923076923077, 1.5, 2.642857142857143, 1.2222222222222223, 0.8928571428571429, 1.5, 1.1666666666666667, 1.75, 1.5, 0.8333333333333334, 2.1666666666666665, 0.26, 4.428571428571429, 1.0, 2.0, 0.9166666666666666, 0.5357142857142857, 1.2307692307692308, 1.5454545454545454, 2.3333333333333335, 1.5, 1.3636363636363635, 0.75, 2.25, 1.65, 1.0625, 0.7857142857142857, 3.1666666666666665, 2.357142857142857, 0.6428571428571429, 1.2666666666666666, 1.3333333333333333, 0.625, 0.5, 1.375, 1.0833333333333333, 1.25, 0.5714285714285714, 0.2875, 1.2941176470588236, 0.7857142857142857, 1.0, 1.75, 2.5833333333333335, 2.076923076923077, 1.1818181818181819, 1.9333333333333333, 1.3181818181818181, 1.9285714285714286]
3-1 []
3-2 []
3-3 []
[4.363636363636363, 1.6363636363636365, 1.7272727272727273] 244.3.176.149 41.177.3.224
4-1 algo
d: 6 w: 9 k: 1
all [3.25, 4.428571428571429, 2.0, 2.0833333333333335, 3.090909090909091, 2.2857142857142856, 2.4375, 2.111111111111111, 2.5833333333333335, 3.1666666666666665] 

ans 2.7437139249639246 

number 0 switch: 2290
number 1 switch: 99
number 2 switch: 1
2-1 [4.333333333333333, 3.8333333333333335, 13.214285714285714, 6.15, 5.6, 4.7272727272727275, 5.75, 3.526315789473684, 3.0, 2.857142857142857, 2.375, 2.3125, 2.25, 2.1818181818181817, 2.0, 2.4615384615384617, 2.0, 6.0, 5.625, 5.363636363636363, 3.8333333333333335, 3.727272727272727, 3.3333333333333335, 3.272727272727273, 3.1666666666666665, 3.0, 2.8333333333333335, 2.6363636363636362, 2.4166666666666665, 2.3333333333333335, 2.15, 2.125, 4.875, 4.75, 3.392857142857143, 4.416666666666667, 3.2, 6.833333333333333, 5.166666666666667, 3.5, 3.0, 4.090909090909091, 3.0, 2.857142857142857, 2.727272727272727, 2.5833333333333335, 2.5714285714285716, 2.5, 2.230769230769231, 2.2, 2.1363636363636362, 2.5833333333333335, 6.25, 5.333333333333333, 5.0, 3.875, 3.857142857142857, 3.466666666666667, 3.25, 3.0714285714285716, 2.9166666666666665, 2.8333333333333335, 2.8333333333333335, 2.5833333333333335, 2.4545454545454546, 5.6923076923076925, 5.083333333333333, 5.066666666666666, 4.0285714285714285, 3.8333333333333335, 3.6, 3.3333333333333335, 3.186046511627907, 3.1666666666666665, 2.6666666666666665, 2.6666666666666665, 2.625, 2.5833333333333335, 2.5588235294117645, 2.388888888888889, 2.3846153846153846, 2.375, 2.3333333333333335, 2.3333333333333335, 2.130434782608696, 6.615384615384615, 5.166666666666667, 4.4, 4.230769230769231, 4.035714285714286, 3.5, 3.5, 3.25, 12.05, 6.666666666666667, 3.3076923076923075, 3.25, 3.1785714285714284, 3.2777777777777777]
2-2 [1.2, 1.4166666666666667, 4.428571428571429, 0.65, 0.6666666666666666, 1.3636363636363635, 1.5833333333333333, 1.631578947368421, 1.9166666666666667, 0.4642857142857143, 2.0, 0.625, 0.5, 1.0, 1.5, 1.6153846153846154, 1.5454545454545454, 1.3333333333333333, 0.6875, 1.3636363636363635, 1.8333333333333333, 1.6363636363636365, 1.5, 1.0, 1.6666666666666667, 1.5, 1.9166666666666667, 1.7272727272727273, 1.4166666666666667, 1.8333333333333333, 1.0, 0.9375, 1.0, 1.25, 0.4642857142857143, 1.25, 0.85, 1.3333333333333333, 1.5833333333333333, 1.3333333333333333, 1.4615384615384615, 1.3636363636363635, 0.875, 1.9285714285714286, 2.090909090909091, 1.5833333333333333, 0.5714285714285714, 1.9166666666666667, 1.1538461538461537, 1.1333333333333333, 0.9545454545454546, 0.9166666666666666, 1.8333333333333333, 1.5833333333333333, 1.3333333333333333, 2.4375, 0.35714285714285715, 0.6, 1.6875, 0.5, 1.3333333333333333, 0.8333333333333334, 2.1666666666666665, 1.5, 2.3636363636363638, 0.9230769230769231, 1.8333333333333333, 1.0, 0.34285714285714286, 0.4166666666666667, 0.8, 1.5, 0.3953488372093023, 1.5, 1.5, 1.5833333333333333, 0.4375, 1.1666666666666667, 0.5294117647058824, 1.0, 1.0, 1.75, 1.5, 0.8666666666666667, 0.782608695652174, 1.4615384615384615, 1.5, 1.7, 1.6923076923076923, 0.6071428571428571, 1.3333333333333333, 2.5833333333333335, 0.9166666666666666, 1.1, 1.5833333333333333, 1.1153846153846154, 1.25, 0.32142857142857145, 3.1666666666666665]
3-1 [4.363636363636363]
3-2 [1.6363636363636365]
3-3 [1.7272727272727273]
[17.833333333333332, 16.166666666666668, 17.083333333333332] 41.177.155.186 210.218.218.164
4-1 algo
d: 5 w: 3 k: 3
all [19.90909090909091, 21.666666666666668, 17.0, 18.166666666666668, 17.083333333333332, 21.333333333333332, 17.0, 17.3, 16.636363636363637, 16.583333333333332] 

ans 18.26787878787879 

number 0 switch: 2270
number 1 switch: 119
number 2 switch: 1
2-1 [122.60714285714286, 31.59259259259259, 27.727272727272727, 25.818181818181817, 24.09090909090909, 23.75, 23.75, 21.733333333333334, 21.625, 20.944444444444443, 20.666666666666668, 29.09090909090909, 27.083333333333332, 26.25, 24.25, 24.2, 41.18181818181818, 32.4, 25.846153846153847, 25.210526315789473, 24.928571428571427, 23.923076923076923, 23.0, 20.555555555555557, 20.23076923076923, 18.72222222222222, 18.25, 17.5, 17.25, 17.0, 17.0, 17.0, 17.375, 39.05, 24.583333333333332, 22.615384615384617, 20.272727272727273, 18.166666666666668, 17.933333333333334, 208.27272727272728, 148.5, 68.76666666666667, 41.28, 27.25, 24.90909090909091, 23.916666666666668, 22.333333333333332, 22.307692307692307, 22.0, 21.6, 21.166666666666668, 19.692307692307693, 18.8, 18.166666666666668, 18.11111111111111, 17.833333333333332, 17.636363636363637, 17.333333333333332, 17.916666666666668, 30.75, 24.4, 24.22222222222222, 22.583333333333332, 21.818181818181817, 21.5, 21.5, 52.916666666666664, 31.583333333333332, 27.166666666666668, 22.25, 20.571428571428573, 20.09090909090909, 19.133333333333333, 18.866666666666667, 18.333333333333332, 18.0, 17.818181818181817, 17.416666666666668, 17.384615384615383, 17.333333333333332, 82.60714285714286, 34.083333333333336, 27.845070422535212, 26.727272727272727, 24.416666666666668, 24.166666666666668, 19.75, 19.666666666666668, 19.454545454545453, 19.133333333333333, 18.7, 18.5, 17.75, 33.642857142857146, 21.666666666666668, 21.615384615384617, 19.076923076923077, 18.818181818181817, 17.5, 46.36363636363637, 33.06666666666667, 26.5, 23.083333333333332, 22.5, 21.5, 20.214285714285715, 19.76923076923077, 20.17391304347826, 19.533333333333335, 19.0, 19.0, 19.0, 17.916666666666668, 17.833333333333332, 17.53846153846154, 17.25, 16.923076923076923, 16.6875, 16.583333333333332]
2-2 [6.357142857142857, 6.111111111111111, 19.90909090909091, 17.454545454545453, 12.363636363636363, 15.333333333333334, 16.083333333333332, 13.133333333333333, 9.9375, 10.444444444444445, 16.916666666666668, 15.909090909090908, 14.583333333333334, 14.5, 14.416666666666666, 14.4, 13.454545454545455, 14.733333333333333, 12.923076923076923, 8.578947368421053, 16.857142857142858, 11.615384615384615, 13.833333333333334, 6.944444444444445, 14.923076923076923, 7.666666666666667, 12.25, 14.0, 14.333333333333334, 14.833333333333334, 16.454545454545453, 14.5, 10.375, 11.4, 11.916666666666666, 15.153846153846153, 14.090909090909092, 16.333333333333332, 11.133333333333333, 13.818181818181818, 14.285714285714286, 7.966666666666667, 2.88, 9.875, 15.818181818181818, 13.833333333333334, 14.583333333333334, 12.76923076923077, 13.583333333333334, 12.25, 12.416666666666666, 13.923076923076923, 10.666666666666666, 15.916666666666666, 8.944444444444445, 16.916666666666668, 14.727272727272727, 15.416666666666666, 14.916666666666666, 14.25, 20.066666666666666, 13.88888888888889, 10.75, 16.545454545454547, 14.916666666666666, 14.583333333333334, 13.166666666666666, 12.916666666666666, 13.916666666666666, 13.916666666666666, 12.142857142857142, 17.0, 13.733333333333333, 13.533333333333333, 13.166666666666666, 13.5, 16.363636363636363, 11.916666666666666, 11.615384615384615, 12.916666666666666, 6.678571428571429, 12.5, 2.295774647887324, 15.272727272727273, 15.166666666666666, 15.833333333333334, 15.916666666666666, 16.0, 16.636363636363637, 16.6, 17.3, 15.583333333333334, 12.625, 10.928571428571429, 12.75, 10.692307692307692, 11.461538461538462, 16.636363636363637, 11.833333333333334, 14.181818181818182, 13.6, 13.916666666666666, 14.25, 16.583333333333332, 14.333333333333334, 15.642857142857142, 15.846153846153847, 6.956521739130435, 13.066666666666666, 15.25, 14.916666666666666, 14.0, 12.5, 12.083333333333334, 12.461538461538462, 14.833333333333334, 12.615384615384615, 11.75, 15.833333333333334]
3-1 [17.833333333333332]
3-2 [16.166666666666668]
3-3 [17.083333333333332]
[5.333333333333333, 4.666666666666667, 5.0] 41.177.26.176 77.197.128.224
[8.545454545454545, 5.363636363636363, 7.363636363636363] 41.177.241.46 151.77.15.40
4-1 algo
d: 5 w: 6 k: 3
all [6.25, 7.333333333333333, 5.5, 8.642857142857142, 5.181818181818182, 5.0, 6.642857142857143, 7.583333333333333, 7.363636363636363, 5.416666666666667] 

ans 6.491450216450216 

number 0 switch: 2271
number 1 switch: 117
number 2 switch: 2
2-1 [8.625, 8.6, 8.0, 7.833333333333333, 8.333333333333334, 8.25, 6.666666666666667, 12.615384615384615, 9.23076923076923, 8.916666666666666, 8.0, 7.909090909090909, 7.75, 68.96428571428571, 12.923076923076923, 10.5625, 9.0, 8.0, 7.833333333333333, 7.733333333333333, 6.666666666666667, 6.636363636363637, 6.384615384615385, 6.25, 6.25, 6.0, 5.916666666666667, 5.75, 13.923076923076923, 13.272727272727273, 12.75, 11.631578947368421, 9.2, 15.76923076923077, 14.916666666666666, 12.583333333333334, 8.333333333333334, 8.23076923076923, 8.083333333333334, 8.0, 7.464285714285714, 7.461538461538462, 7.416666666666667, 7.25, 6.916666666666667, 6.65, 5.363636363636363, 5.25, 5.25, 5.2, 15.476190476190476, 8.833333333333334, 7.5, 6.769230769230769, 6.76, 6.4375, 5.416666666666667, 5.166666666666667, 5.166666666666667, 5.090909090909091, 5.083333333333333, 5.083333333333333, 15.5, 13.636363636363637, 12.416666666666666, 9.727272727272727, 8.857142857142858, 8.6, 7.916666666666667, 6.916666666666667, 6.833333333333333, 6.75, 6.6875, 33.09090909090909, 18.238095238095237, 17.68421052631579, 13.25, 12.833333333333334, 12.666666666666666, 11.6, 10.133333333333333, 9.375, 9.076923076923077, 8.851851851851851, 8.066666666666666, 7.928571428571429, 7.833333333333333, 7.636363636363637, 12.384615384615385, 12.142857142857142, 11.833333333333334, 9.083333333333334, 9.083333333333334, 7.7272727272727275, 7.090909090909091, 7.0, 7.0, 6.333333333333333, 5.666666666666667, 6.083333333333333, 5.461538461538462, 5.458333333333333, 13.153846153846153, 11.181818181818182, 10.166666666666666, 9.916666666666666, 6.833333333333333, 7.0625, 6.6923076923076925, 6.416666666666667, 6.25, 6.178571428571429, 5.526315789473684, 5.52, 6.333333333333333, 6.666666666666667, 6.0]
2-2 [3.0, 3.1333333333333333, 2.5625, 3.5, 6.25, 3.0833333333333335, 3.9166666666666665, 4.615384615384615, 2.8461538461538463, 3.75, 4.066666666666666, 4.454545454545454, 4.25, 1.8214285714285714, 4.076923076923077, 2.9375, 1.8928571428571428, 3.9166666666666665, 4.0, 2.8666666666666667, 5.5, 4.2727272727272725, 5.0, 4.916666666666667, 5.25, 1.8214285714285714, 4.5, 4.5, 3.769230769230769, 4.545454545454546, 1.6428571428571428, 2.6315789473684212, 3.6666666666666665, 3.769230769230769, 4.0, 4.25, 4.25, 3.6153846153846154, 4.583333333333333, 3.642857142857143, 1.8928571428571428, 4.384615384615385, 4.25, 3.4375, 3.75, 2.25, 5.181818181818182, 1.6785714285714286, 4.75, 3.0, 2.857142857142857, 5.0, 3.5714285714285716, 1.8461538461538463, 2.56, 3.1875, 3.5833333333333335, 4.75, 4.916666666666667, 4.2727272727272725, 4.583333333333333, 4.75, 3.0555555555555554, 5.0, 4.833333333333333, 5.2727272727272725, 6.642857142857143, 1.4857142857142858, 4.416666666666667, 5.333333333333333, 4.833333333333333, 4.916666666666667, 4.0625, 6.090909090909091, 3.5238095238095237, 3.736842105263158, 3.8125, 5.083333333333333, 5.5, 4.8, 5.2, 3.25, 1.6923076923076923, 1.7407407407407407, 4.533333333333333, 3.2857142857142856, 6.0, 3.090909090909091, 3.5384615384615383, 3.642857142857143, 3.0, 5.25, 4.083333333333333, 5.0, 4.363636363636363, 2.652173913043478, 4.166666666666667, 4.75, 4.166666666666667, 4.75, 4.461538461538462, 2.3333333333333335, 5.076923076923077, 5.2727272727272725, 5.166666666666667, 4.333333333333333, 5.333333333333333, 3.625, 4.461538461538462, 4.666666666666667, 5.416666666666667, 2.0714285714285716, 4.947368421052632, 2.6, 3.533333333333333, 4.833333333333333, 4.857142857142857]
3-1 [5.333333333333333, 8.545454545454545]
3-2 [4.666666666666667, 5.363636363636363]
3-3 [5.0, 7.363636363636363]
4-1 algo
d: 5 w: 9 k: 3
all [3.4545454545454546, 4.0, 2.8333333333333335, 2.6666666666666665, 2.3636363636363638, 2.55, 2.6666666666666665, 2.25, 3.0, 3.1818181818181817] 

ans 2.896666666666667 

number 0 switch: 2288
number 1 switch: 102
number 2 switch: 0
2-1 [4.833333333333333, 4.142857142857143, 3.8333333333333335, 3.6666666666666665, 3.6666666666666665, 3.6666666666666665, 3.5384615384615383, 8.727272727272727, 6.388888888888889, 5.0, 4.666666666666667, 4.5, 4.375, 8.625, 5.0, 4.857142857142857, 3.8181818181818183, 3.727272727272727, 3.6666666666666665, 3.6666666666666665, 3.2333333333333334, 3.923076923076923, 3.6666666666666665, 15.571428571428571, 5.857142857142857, 5.3, 5.166666666666667, 4.5, 4.333333333333333, 4.0, 3.1666666666666665, 3.5, 3.0, 3.0, 3.0, 2.923076923076923, 12.857142857142858, 8.0, 4.954545454545454, 4.916666666666667, 4.85, 4.636363636363637, 4.533333333333333, 3.4642857142857144, 3.25, 3.7333333333333334, 3.0625, 3.2666666666666666, 2.8, 2.6153846153846154, 2.5714285714285716, 3.4166666666666665, 2.8333333333333335, 2.5, 2.5, 2.4166666666666665, 3.95, 3.8333333333333335, 3.5, 3.3125, 3.25, 3.1666666666666665, 3.15625, 2.6153846153846154, 5.260869565217392, 5.071428571428571, 4.5, 3.923076923076923, 3.4285714285714284, 3.3846153846153846, 3.1, 3.05, 4.0, 2.8, 2.769230769230769, 2.769230769230769, 2.727272727272727, 7.85, 6.666666666666667, 4.333333333333333, 3.357142857142857, 3.076923076923077, 2.5454545454545454, 2.533333333333333, 2.5, 2.4166666666666665, 2.3333333333333335, 2.25, 2.25, 14.083333333333334, 9.461538461538462, 8.0625, 7.333333333333333, 5.290322580645161, 4.6923076923076925, 4.166666666666667, 3.909090909090909, 3.75, 7.3076923076923075, 4.266666666666667, 4.076923076923077, 3.9166666666666665]
2-2 [1.5833333333333333, 3.0, 1.4166666666666667, 1.3333333333333333, 1.6666666666666667, 1.9166666666666667, 1.3076923076923077, 1.5454545454545454, 4.0, 1.2142857142857142, 3.0, 1.6666666666666667, 0.5625, 1.6875, 1.3333333333333333, 2.7857142857142856, 1.7272727272727273, 1.4545454545454546, 0.6666666666666666, 2.4166666666666665, 0.9, 1.6923076923076923, 2.3333333333333335, 1.8571428571428572, 1.4285714285714286, 1.1, 2.25, 0.5909090909090909, 2.1666666666666665, 1.4545454545454546, 2.0, 0.7916666666666666, 0.875, 1.5, 2.25, 1.4615384615384615, 0.5357142857142857, 1.6923076923076923, 1.4545454545454546, 1.5, 0.85, 2.3636363636363638, 1.6, 0.4642857142857143, 0.75, 2.1333333333333333, 1.8125, 0.6666666666666666, 1.8, 1.4615384615384615, 1.5714285714285714, 1.5, 1.3333333333333333, 1.1666666666666667, 1.6666666666666667, 1.9166666666666667, 1.0, 1.6666666666666667, 2.55, 1.25, 1.5, 1.8333333333333333, 0.5, 1.6923076923076923, 1.0, 1.7857142857142858, 1.75, 1.5384615384615385, 2.142857142857143, 1.0769230769230769, 0.9333333333333333, 2.0, 1.4166666666666667, 1.3333333333333333, 2.076923076923077, 2.3846153846153846, 2.1818181818181817, 0.9, 1.5, 1.5833333333333333, 0.7857142857142857, 1.4615384615384615, 1.7272727272727273, 2.0, 1.5, 1.8333333333333333, 1.3333333333333333, 1.5833333333333333, 1.5, 1.8333333333333333, 2.1538461538461537, 1.3125, 1.8333333333333333, 0.5806451612903226, 2.3076923076923075, 2.0, 1.0909090909090908, 2.3333333333333335, 2.1153846153846154, 1.2, 1.3076923076923077, 2.0833333333333335]
3-1 []
3-2 []
3-3 []
[2.25, 1.3125, 1.375] 244.3.41.47 244.3.41.85
[3.090909090909091, 2.4545454545454546, 1.1818181818181819] 244.3.176.149 41.177.3.224
4-1 algo
d: 6 w: 9 k: 3
all [2.2777777777777777, 3.090909090909091, 1.875, 2.1666666666666665, 2.0833333333333335, 2.3636363636363638, 3.25, 2.75, 2.2857142857142856, 2.4166666666666665] 

ans 2.4559704184704185 

number 0 switch: 2285
number 1 switch: 103
number 2 switch: 2
2-1 [4.153846153846154, 4.083333333333333, 3.4166666666666665, 3.3, 3.111111111111111, 2.3333333333333335, 6.416666666666667, 3.230769230769231, 3.9107142857142856, 3.8, 3.7857142857142856, 3.5454545454545454, 3.1785714285714284, 3.1666666666666665, 3.125, 3.0, 2.727272727272727, 2.5, 2.4347826086956523, 2.1666666666666665, 2.0, 1.975, 7.666666666666667, 6.9375, 6.5, 5.464285714285714, 4.642857142857143, 3.8333333333333335, 3.5, 2.6, 4.0, 2.5714285714285716, 2.4285714285714284, 2.375, 2.25, 2.2142857142857144, 2.142857142857143, 7.416666666666667, 4.36, 3.85, 3.5384615384615383, 3.0625, 2.8214285714285716, 2.8125, 2.607142857142857, 2.1923076923076925, 3.3333333333333335, 2.25, 2.1818181818181817, 2.1666666666666665, 2.1666666666666665, 2.090909090909091, 2.0, 1.9333333333333333, 5.636363636363637, 3.272727272727273, 3.0833333333333335, 3.0, 2.9166666666666665, 2.869565217391304, 2.8333333333333335, 2.769230769230769, 3.142857142857143, 2.769230769230769, 2.6666666666666665, 2.6153846153846154, 2.6, 2.533333333333333, 5.133333333333334, 4.25, 3.9166666666666665, 3.25, 3.25, 6.076923076923077, 3.6666666666666665, 3.6, 3.4166666666666665, 3.05, 2.909090909090909, 2.75, 5.964285714285714, 5.8, 4.666666666666667, 4.1, 3.8461538461538463, 3.7777777777777777, 3.5357142857142856, 3.357142857142857, 3.25, 2.9166666666666665, 2.75, 2.5, 2.3, 7.7, 5.416666666666667, 3.5555555555555554, 3.3181818181818183, 3.0, 2.8181818181818183, 2.5454545454545454, 2.4615384615384617, 2.9166666666666665, 2.8333333333333335]
2-2 [1.5384615384615385, 1.3333333333333333, 1.5833333333333333, 0.75, 2.2777777777777777, 1.2, 0.875, 1.0, 0.25, 0.88, 1.0714285714285714, 1.6363636363636365, 0.35714285714285715, 1.4166666666666667, 0.8125, 1.4545454545454546, 1.7272727272727273, 0.9, 0.9130434782608695, 1.8333333333333333, 1.5, 0.275, 1.6666666666666667, 0.5, 0.9333333333333333, 0.7142857142857143, 1.0714285714285714, 1.8333333333333333, 0.6428571428571429, 0.6, 1.9090909090909092, 1.2857142857142858, 0.42857142857142855, 0.9375, 0.55, 0.6785714285714286, 1.3571428571428572, 1.1666666666666667, 0.68, 0.75, 1.0769230769230769, 0.9375, 0.5714285714285714, 0.53125, 1.0714285714285714, 1.0384615384615385, 1.1666666666666667, 0.6, 1.4545454545454546, 1.4166666666666667, 0.8333333333333334, 1.6363636363636365, 0.4117647058823529, 1.4666666666666666, 2.3636363636363638, 1.8181818181818181, 1.3333333333333333, 0.9523809523809523, 1.5, 0.5652173913043478, 1.5, 1.3846153846153846, 1.0, 2.076923076923077, 1.6666666666666667, 1.4615384615384615, 1.3333333333333333, 1.4666666666666666, 1.0666666666666667, 1.0833333333333333, 1.0833333333333333, 1.25, 1.25, 1.2307692307692308, 1.5, 0.9333333333333333, 1.75, 0.9, 1.4545454545454546, 1.25, 0.6785714285714286, 0.9, 0.9166666666666666, 1.8, 1.3846153846153846, 1.4444444444444444, 0.6071428571428571, 0.9285714285714286, 1.0833333333333333, 1.25, 1.375, 1.9166666666666667, 0.75, 0.75, 1.3333333333333333, 1.1666666666666667, 1.1818181818181819, 1.2307692307692308, 1.0, 1.6363636363636365, 0.7692307692307693, 1.3333333333333333, 1.25]
3-1 [2.25, 3.090909090909091]
3-2 [1.3125, 2.4545454545454546]
3-3 [1.375, 1.1818181818181819]
[19.636363636363637, 15.909090909090908, 16.0] 41.177.26.176 122.39.210.202
4-1 algo
d: 5 w: 3 k: 5
all [18.333333333333332, 17.142857142857142, 17.642857142857142, 18.357142857142858, 16.2, 18.416666666666668, 20.636363636363637, 17.583333333333332, 17.454545454545453, 16.818181818181817] 

ans 17.85852813852814 

number 0 switch: 2279
number 1 switch: 110
number 2 switch: 1
2-1 [39.90909090909091, 36.416666666666664, 28.09090909090909, 23.785714285714285, 23.75, 23.615384615384617, 23.5, 21.583333333333332, 21.5625, 20.333333333333332, 20.09090909090909, 19.416666666666668, 18.583333333333332, 29.0, 22.0, 21.785714285714285, 21.5, 20.0, 20.0, 18.705882352941178, 18.533333333333335, 18.153846153846153, 18.0, 17.916666666666668, 17.76, 17.733333333333334, 17.61111111111111, 17.571428571428573, 49.27272727272727, 31.166666666666668, 27.5, 26.75, 26.333333333333332, 22.083333333333332, 21.2, 19.384615384615383, 17.916666666666668, 17.875, 27.181818181818183, 24.166666666666668, 23.76923076923077, 23.5, 21.142857142857142, 21.583333333333332, 20.944444444444443, 19.75, 18.916666666666668, 38.416666666666664, 24.15, 24.0, 19.8125, 19.666666666666668, 19.0, 18.53846153846154, 18.166666666666668, 25.416666666666668, 20.583333333333332, 20.181818181818183, 20.181818181818183, 19.25, 19.214285714285715, 18.5, 18.5, 34.84615384615385, 31.80952380952381, 30.333333333333332, 25.90909090909091, 24.533333333333335, 24.166666666666668, 23.416666666666668, 23.416666666666668, 23.333333333333332, 23.071428571428573, 22.666666666666668, 22.5, 20.692307692307693, 20.615384615384617, 18.166666666666668, 19.454545454545453, 17.928571428571427, 29.41176470588235, 28.64864864864865, 27.266666666666666, 23.27777777777778, 21.25, 21.181818181818183, 20.53846153846154, 18.833333333333332, 18.2, 18.166666666666668, 18.166666666666668, 18.083333333333332, 17.666666666666668, 17.583333333333332, 17.545454545454547, 17.53846153846154, 41.54545454545455, 34.07142857142857, 30.333333333333332, 20.454545454545453, 20.083333333333332, 20.083333333333332, 20.083333333333332, 19.88888888888889, 19.416666666666668, 19.272727272727273, 18.666666666666668, 18.6, 17.75, 17.53846153846154]
2-2 [14.727272727272727, 13.583333333333334, 15.090909090909092, 5.785714285714286, 13.25, 12.615384615384615, 13.75, 14.666666666666666, 10.5625, 11.666666666666666, 15.090909090909092, 16.416666666666668, 14.0, 13.727272727272727, 12.692307692307692, 17.142857142857142, 13.916666666666666, 13.333333333333334, 14.333333333333334, 9.882352941176471, 12.266666666666667, 12.307692307692308, 5.535714285714286, 15.5, 11.52, 10.933333333333334, 11.055555555555555, 5.535714285714286, 16.0, 13.75, 14.333333333333334, 13.416666666666666, 14.166666666666666, 14.416666666666666, 11.533333333333333, 14.23076923076923, 15.666666666666666, 8.541666666666666, 15.272727272727273, 16.0, 13.076923076923077, 14.916666666666666, 18.357142857142858, 12.083333333333334, 12.944444444444445, 14.333333333333334, 15.666666666666666, 14.5, 7.55, 13.909090909090908, 12.0625, 11.066666666666666, 14.0, 12.615384615384615, 14.166666666666666, 18.333333333333332, 14.916666666666666, 15.636363636363637, 16.363636363636363, 16.75, 7.285714285714286, 15.666666666666666, 15.083333333333334, 12.461538461538462, 4.571428571428571, 11.916666666666666, 20.636363636363637, 17.066666666666666, 12.416666666666666, 13.083333333333334, 12.666666666666666, 15.0, 12.928571428571429, 13.444444444444445, 14.583333333333334, 12.538461538461538, 12.615384615384615, 6.5, 13.909090909090908, 5.535714285714286, 10.705882352941176, 2.2972972972972974, 14.733333333333333, 8.944444444444445, 16.166666666666668, 16.363636363636363, 13.153846153846153, 13.583333333333334, 11.666666666666666, 14.666666666666666, 15.666666666666666, 14.5, 15.0, 16.0, 17.454545454545453, 13.76923076923077, 16.818181818181817, 14.928571428571429, 12.833333333333334, 12.181818181818182, 14.0, 13.833333333333334, 12.916666666666666, 7.111111111111111, 5.916666666666667, 14.909090909090908, 13.583333333333334, 7.52, 15.0, 11.153846153846153]
3-1 [19.636363636363637]
3-2 [15.909090909090908]
3-3 [16.0]
[9.8, 3.466666666666667, 6.266666666666667] 41.177.75.111 41.177.31.94
4-1 algo
d: 5 w: 6 k: 5
all [5.714285714285714, 7.714285714285714, 5.583333333333333, 5.666666666666667, 6.083333333333333, 8.333333333333334, 7.066666666666666, 5.818181818181818, 6.266666666666667, 6.181818181818182] 

ans 6.442857142857143 

number 0 switch: 2261
number 1 switch: 128
number 2 switch: 1
2-1 [17.4, 12.653846153846153, 12.083333333333334, 12.066666666666666, 12.066666666666666, 11.333333333333334, 9.916666666666666, 9.083333333333334, 7.833333333333333, 7.833333333333333, 7.4375, 6.933333333333334, 6.833333333333333, 6.090909090909091, 6.0, 5.75, 24.818181818181817, 24.25, 22.5, 11.785714285714286, 9.727272727272727, 7.888888888888889, 7.8125, 15.583333333333334, 13.178571428571429, 11.178571428571429, 10.666666666666666, 10.416666666666666, 7.9375, 7.75, 7.75, 7.230769230769231, 7.153846153846154, 6.6, 6.5, 6.0, 6.0, 5.916666666666667, 5.75, 5.6923076923076925, 18.818181818181817, 12.791666666666666, 12.142857142857142, 11.5, 11.166666666666666, 8.692307692307692, 8.5, 8.416666666666666, 8.277777777777779, 7.833333333333333, 7.6923076923076925, 7.625, 6.083333333333333, 6.0625, 5.833333333333333, 6.0, 73.5, 68.85714285714286, 15.25, 15.25, 13.384615384615385, 12.666666666666666, 9.5, 8.35, 8.090909090909092, 7.466666666666667, 7.083333333333333, 7.083333333333333, 7.733333333333333, 6.916666666666667, 6.705882352941177, 6.65, 6.578947368421052, 6.214285714285714, 6.166666666666667, 6.166666666666667, 6.333333333333333, 8.75, 15.842105263157896, 10.307692307692308, 10.0, 10.0, 9.5, 9.25, 8.333333333333334, 31.09090909090909, 14.6, 13.416666666666666, 10.727272727272727, 9.5, 10.909090909090908, 10.285714285714286, 7.636363636363637, 7.333333333333333, 7.0, 6.75, 6.6923076923076925, 6.1875, 6.166666666666667, 6.083333333333333, 6.0, 5.818181818181818, 66.78571428571429, 12.538461538461538, 9.166666666666666, 9.166666666666666, 8.333333333333334, 7.666666666666667, 8.307692307692308, 7.25, 7.1, 7.090909090909091, 7.0, 7.0, 7.0, 6.846153846153846, 6.25, 6.178571428571429, 6.178571428571429, 6.142857142857143, 12.363636363636363, 10.0, 8.214285714285714, 7.64, 6.636363636363637, 6.583333333333333, 6.333333333333333, 6.242857142857143]
2-2 [3.066666666666667, 2.076923076923077, 2.2083333333333335, 3.0, 3.0, 4.416666666666667, 4.166666666666667, 4.25, 5.0, 3.9166666666666665, 3.75, 4.0, 4.0, 4.7272727272727275, 3.9166666666666665, 3.0625, 4.454545454545454, 4.166666666666667, 7.714285714285714, 2.25, 5.0, 2.5555555555555554, 3.5, 3.9166666666666665, 1.5357142857142858, 1.5357142857142858, 3.6, 4.833333333333333, 1.875, 3.9166666666666665, 3.75, 3.769230769230769, 4.3076923076923075, 3.6, 4.285714285714286, 4.083333333333333, 4.4, 2.375, 4.666666666666667, 5.0, 4.181818181818182, 3.25, 1.75, 2.4642857142857144, 3.3333333333333335, 4.384615384615385, 4.166666666666667, 4.416666666666667, 3.3333333333333335, 5.416666666666667, 4.461538461538462, 3.125, 4.0, 3.5625, 5.666666666666667, 5.0, 2.230769230769231, 1.5714285714285714, 3.75, 3.1666666666666665, 4.3076923076923075, 3.0833333333333335, 2.05, 2.6, 3.8181818181818183, 3.466666666666667, 3.4166666666666665, 4.083333333333333, 2.4, 5.25, 3.411764705882353, 2.55, 4.157894736842105, 4.642857142857143, 5.0, 5.333333333333333, 1.6, 3.6666666666666665, 2.526315789473684, 3.3846153846153846, 3.909090909090909, 3.9375, 4.75, 8.333333333333334, 2.6666666666666665, 4.363636363636363, 7.066666666666666, 5.166666666666667, 4.181818181818182, 4.0, 4.363636363636363, 1.8928571428571428, 4.7272727272727275, 3.75, 4.25, 4.833333333333333, 3.769230769230769, 3.0, 3.9166666666666665, 5.25, 4.75, 3.6363636363636362, 2.4642857142857144, 3.5384615384615383, 4.25, 3.5, 4.916666666666667, 1.6, 5.0, 5.166666666666667, 2.1, 5.363636363636363, 4.5, 4.083333333333333, 3.1666666666666665, 4.923076923076923, 3.1875, 1.8928571428571428, 2.107142857142857, 2.0, 4.7272727272727275, 6.181818181818182, 3.7142857142857144, 2.64, 3.1818181818181817, 4.083333333333333, 5.0, 0.7857142857142857]
3-1 [9.8]
3-2 [3.466666666666667]
3-3 [6.266666666666667]
4-1 algo
d: 5 w: 9 k: 5
all [2.3333333333333335, 2.7142857142857144, 2.3333333333333335, 2.9166666666666665, 3.5, 2.7142857142857144, 3.8333333333333335, 3.272727272727273, 3.2666666666666666, 2.8333333333333335] 

ans 2.9717965367965364 

number 0 switch: 2308
number 1 switch: 82
number 2 switch: 0
2-1 [6.0, 4.533333333333333, 4.35, 4.181818181818182, 3.5, 3.3333333333333335, 3.0833333333333335, 2.9375, 2.90625, 2.75, 2.6923076923076925, 2.642857142857143, 2.6153846153846154, 2.533333333333333, 11.272727272727273, 6.733333333333333, 3.7142857142857144, 5.083333333333333, 4.090909090909091, 3.5625, 3.4375, 3.4166666666666665, 3.0357142857142856, 2.923076923076923, 2.8666666666666667, 4.416666666666667, 4.166666666666667, 3.3333333333333335, 3.25, 2.8181818181818183, 2.7857142857142856, 2.769230769230769, 2.75, 2.75, 2.7142857142857144, 2.4375, 2.4166666666666665, 3.8333333333333335, 3.5833333333333335, 3.5714285714285716, 3.2093023255813953, 3.1666666666666665, 10.8, 6.0, 5.346153846153846, 4.954545454545454, 3.5833333333333335, 3.5, 9.0, 5.642857142857143, 4.0625, 3.6666666666666665, 3.5555555555555554, 3.5384615384615383, 3.5, 3.3333333333333335, 3.3333333333333335, 3.25, 3.0833333333333335, 3.066666666666667, 2.9375, 2.933333333333333, 7.583333333333333, 5.1875, 4.538461538461538, 4.466666666666667, 8.083333333333334, 6.136363636363637, 5.25, 4.923076923076923, 3.652173913043478, 3.3333333333333335, 6.0, 4.818181818181818, 4.5, 4.416666666666667, 10.75, 8.5, 4.181818181818182, 3.0833333333333335, 2.909090909090909, 2.8461538461538463]
2-2 [1.4666666666666666, 1.2, 1.45, 2.0, 1.875, 1.3333333333333333, 2.25, 1.375, 0.46875, 0.7142857142857143, 0.9615384615384616, 1.8571428571428572, 1.5384615384615385, 1.4666666666666666, 1.5454545454545454, 1.3333333333333333, 0.7142857142857143, 1.75, 2.5454545454545454, 1.25, 1.1875, 1.4166666666666667, 0.39285714285714285, 1.4615384615384615, 2.1333333333333333, 1.6666666666666667, 1.5833333333333333, 2.3333333333333335, 1.75, 1.8181818181818181, 1.7142857142857142, 1.4615384615384615, 1.6666666666666667, 1.0, 0.7857142857142857, 1.375, 1.8333333333333333, 0.75, 1.5, 2.642857142857143, 0.7674418604651163, 2.9166666666666665, 2.24, 1.75, 0.8461538461538461, 1.2272727272727273, 3.5, 1.5, 2.0, 1.2142857142857142, 1.25, 1.8333333333333333, 1.1111111111111112, 1.9230769230769231, 2.3333333333333335, 1.4166666666666667, 1.0833333333333333, 2.1666666666666665, 2.1666666666666665, 1.5333333333333334, 1.125, 1.3333333333333333, 1.1666666666666667, 0.8125, 1.9230769230769231, 1.4, 1.4166666666666667, 3.272727272727273, 0.9375, 1.6153846153846154, 0.782608695652174, 3.1666666666666665, 3.2666666666666666, 1.9090909090909092, 2.857142857142857, 1.8333333333333333, 1.6666666666666667, 1.5833333333333333, 1.6363636363636365, 2.8333333333333335, 1.7272727272727273, 2.0]
3-1 []
3-2 []
3-3 []
[2.5, 2.0, 2.25] 151.77.15.40 41.177.241.46
[2.857142857142857, 1.7857142857142858, 2.0714285714285716] 41.177.98.127 198.222.241.108
4-1 algo
d: 6 w: 9 k: 5
all [2.727272727272727, 2.1818181818181817, 2.466666666666667, 2.25, 3.0833333333333335, 2.4, 2.3333333333333335, 2.6666666666666665, 1.75, 2.272727272727273] 

ans 2.413181818181818 

number 0 switch: 2282
number 1 switch: 106
number 2 switch: 2
2-1 [10.583333333333334, 9.208333333333334, 4.090909090909091, 3.0833333333333335, 3.076923076923077, 6.7272727272727275, 4.6976744186046515, 3.75, 3.75, 3.4166666666666665, 2.75, 2.6785714285714284, 2.6666666666666665, 2.6363636363636362, 2.5555555555555554, 2.5, 2.4545454545454546, 2.4166666666666665, 2.4, 2.3846153846153846, 2.357142857142857, 4.916666666666667, 4.333333333333333, 3.4642857142857144, 3.230769230769231, 2.75, 2.7222222222222223, 6.0, 4.777777777777778, 4.4, 3.8461538461538463, 3.2666666666666666, 3.0526315789473686, 2.6153846153846154, 2.5483870967741935, 3.4166666666666665, 2.5, 2.5, 2.3666666666666667, 2.6363636363636362, 3.090909090909091, 2.75, 2.25, 7.928571428571429, 7.444444444444445, 7.333333333333333, 6.846153846153846, 6.8125, 6.090909090909091, 4.5, 3.8181818181818183, 3.4642857142857144, 3.1, 8.75, 7.916666666666667, 7.5, 5.333333333333333, 4.538461538461538, 3.5454545454545454, 3.45, 2.5, 2.4375, 3.933333333333333, 3.0, 3.0, 2.75, 2.5, 2.357142857142857, 5.833333333333333, 5.181818181818182, 3.8666666666666667, 3.736842105263158, 3.2, 3.1739130434782608, 3.1538461538461537, 3.0833333333333335, 2.9166666666666665, 2.892857142857143, 2.7142857142857144, 8.266666666666667, 7.166666666666667, 4.9375, 4.72, 3.6666666666666665, 2.861111111111111, 3.4166666666666665, 2.65, 2.5, 2.5, 2.2857142857142856, 2.1818181818181817, 2.1818181818181817, 2.066666666666667, 1.9285714285714286, 2.0357142857142856, 5.636363636363637, 3.8260869565217392, 3.75, 3.65, 2.909090909090909, 2.8333333333333335, 2.8333333333333335, 2.8, 2.6785714285714284, 2.6, 2.6]
2-2 [1.4166666666666667, 0.4583333333333333, 2.0, 1.8333333333333333, 0.8846153846153846, 1.1818181818181819, 0.46511627906976744, 1.3333333333333333, 0.875, 1.5833333333333333, 0.9, 0.6071428571428571, 0.5, 1.3636363636363635, 0.8333333333333334, 0.5357142857142857, 1.9090909090909092, 1.6666666666666667, 1.0666666666666667, 1.7692307692307692, 0.5, 1.25, 2.466666666666667, 0.5714285714285714, 1.1538461538461537, 1.0833333333333333, 0.9444444444444444, 1.5, 1.1666666666666667, 0.48, 1.0769230769230769, 1.8666666666666667, 1.5263157894736843, 1.5384615384615385, 0.5161290322580645, 2.0833333333333335, 1.1666666666666667, 1.5833333333333333, 1.1, 1.0454545454545454, 1.3636363636363635, 1.75, 1.8333333333333333, 2.0714285714285716, 1.5, 1.4166666666666667, 1.7692307692307692, 0.8125, 1.6363636363636365, 1.4166666666666667, 1.0, 0.5714285714285714, 0.8, 1.75, 1.1666666666666667, 1.6666666666666667, 0.8333333333333334, 1.7692307692307692, 1.9090909090909092, 2.4, 1.5833333333333333, 1.125, 2.3333333333333335, 1.6363636363636365, 1.736842105263158, 1.0, 0.55, 0.4642857142857143, 1.0833333333333333, 1.3636363636363635, 0.9333333333333333, 1.8421052631578947, 1.6, 0.4782608695652174, 1.9230769230769231, 1.0833333333333333, 1.25, 0.5, 1.3571428571428572, 0.8, 1.4166666666666667, 0.9375, 0.76, 1.5833333333333333, 0.8611111111111112, 1.5833333333333333, 0.65, 1.25, 0.9444444444444444, 0.6785714285714286, 1.3636363636363635, 1.4545454545454546, 1.0, 1.2142857142857142, 0.5714285714285714, 1.1818181818181819, 0.7391304347826086, 1.0, 0.8, 2.272727272727273, 1.25, 2.1666666666666665, 1.4666666666666666, 0.21428571428571427, 0.55, 0.65]
3-1 [2.5, 2.857142857142857]
3-2 [2.0, 1.7857142857142858]
3-3 [2.25, 2.0714285714285716]
