[44.09090909090909, 32.45454545454545, 33.54545454545455] 41.177.26.176 122.39.210.202
4-2 algo
d: 5 w: 3 k: 1
all [29.363636363636363, 35.27272727272727, 29.90909090909091, 30.727272727272727, 34.916666666666664, 33.54545454545455, 30.272727272727273, 29.166666666666668, 36.583333333333336, 30.545454545454547] 

ans 32.03030303030303 

number 0 switch: 2289
number 1 switch: 100
number 2 switch: 1
2-1 [33.916666666666664, 32.583333333333336, 30.818181818181817, 30.75, 30.666666666666668, 30.25, 30.133333333333333, 30.09090909090909, 29.833333333333332, 29.833333333333332, 29.09090909090909, 28.307692307692307, 49.36363636363637, 40.416666666666664, 36.333333333333336, 47.25, 46.833333333333336, 40.93333333333333, 37.25, 35.92857142857143, 35.166666666666664, 34.13333333333333, 34.0625, 33.75, 32.92307692307692, 32.333333333333336, 32.333333333333336, 31.545454545454547, 31.333333333333332, 30.0, 52.2, 40.84615384615385, 36.642857142857146, 35.916666666666664, 35.583333333333336, 34.416666666666664, 34.13333333333333, 31.90909090909091, 31.90909090909091, 31.166666666666668, 30.833333333333332, 31.90909090909091, 45.583333333333336, 43.23076923076923, 42.0, 40.63636363636363, 38.69230769230769, 35.166666666666664, 35.166666666666664, 34.9375, 34.9375, 35.45454545454545, 49.666666666666664, 46.09090909090909, 40.166666666666664, 36.5, 35.69230769230769, 35.583333333333336, 34.30769230769231, 34.285714285714285, 33.93333333333333, 56.083333333333336, 41.25, 39.45454545454545, 36.333333333333336, 36.166666666666664, 33.916666666666664, 32.666666666666664, 32.0, 31.23076923076923, 31.083333333333332, 31.083333333333332, 30.8125, 41.5, 36.166666666666664, 34.81818181818182, 33.833333333333336, 30.818181818181817, 29.25, 41.166666666666664, 37.333333333333336, 49.666666666666664, 42.25, 40.916666666666664, 36.89473684210526, 35.27272727272727, 34.75, 34.666666666666664, 34.642857142857146, 34.416666666666664, 34.0, 33.833333333333336, 33.25, 32.25, 32.25, 31.846153846153847, 31.0, 31.0, 30.818181818181817, 30.818181818181817]
2-2 [22.666666666666668, 23.583333333333332, 26.181818181818183, 23.666666666666668, 24.75, 26.916666666666668, 21.066666666666666, 28.09090909090909, 24.583333333333332, 26.666666666666668, 27.90909090909091, 24.0, 35.27272727272727, 29.333333333333332, 26.5, 23.416666666666668, 23.5, 19.8, 26.666666666666668, 20.928571428571427, 26.416666666666668, 24.866666666666667, 18.25, 25.583333333333332, 23.53846153846154, 24.25, 25.25, 29.90909090909091, 23.416666666666668, 24.75, 22.733333333333334, 27.384615384615383, 20.642857142857142, 26.916666666666668, 25.666666666666668, 26.166666666666668, 19.6, 26.363636363636363, 30.727272727272727, 12.541666666666666, 27.083333333333332, 27.545454545454547, 25.166666666666668, 24.846153846153847, 26.666666666666668, 26.545454545454547, 23.307692307692307, 25.25, 34.916666666666664, 19.625, 24.0625, 30.90909090909091, 23.466666666666665, 26.818181818181817, 22.833333333333332, 20.583333333333332, 20.307692307692307, 23.5, 24.23076923076923, 26.285714285714285, 18.266666666666666, 27.166666666666668, 27.833333333333332, 29.181818181818183, 24.833333333333332, 29.416666666666668, 22.833333333333332, 27.666666666666668, 26.5, 22.0, 28.333333333333332, 28.166666666666668, 19.5, 28.083333333333332, 26.666666666666668, 23.818181818181817, 27.583333333333332, 25.727272727272727, 29.166666666666668, 20.583333333333332, 36.583333333333336, 27.666666666666668, 25.0, 22.666666666666668, 16.736842105263158, 25.818181818181817, 30.25, 27.833333333333332, 22.285714285714285, 27.0, 27.166666666666668, 26.833333333333332, 27.5, 26.916666666666668, 28.083333333333332, 25.923076923076923, 25.076923076923077, 30.333333333333332, 30.454545454545453, 30.545454545454547]
3-1 [44.09090909090909]
3-2 [32.45454545454545]
3-3 [33.54545454545455]
[23.727272727272727, 9.363636363636363, 9.636363636363637] 244.3.176.149 41.177.3.224
4-2 algo
d: 5 w: 6 k: 1
all [12.416666666666666, 14.909090909090908, 12.615384615384615, 10.416666666666666, 10.818181818181818, 13.416666666666666, 13.0, 13.5, 11.916666666666666, 12.0] 

ans 12.500932400932403 

number 0 switch: 2318
number 1 switch: 71
number 2 switch: 1
2-1 [21.8, 16.0, 14.666666666666666, 14.416666666666666, 14.083333333333334, 13.333333333333334, 13.23076923076923, 13.090909090909092, 12.615384615384615, 22.875, 18.923076923076923, 17.083333333333332, 17.083333333333332, 16.142857142857142, 14.958333333333334, 16.363636363636363, 14.5, 13.75, 32.07142857142857, 14.357142857142858, 14.290322580645162, 13.416666666666666, 13.4, 12.307692307692308, 12.181818181818182, 11.416666666666666, 11.357142857142858, 11.11111111111111, 11.083333333333334, 11.0, 11.0, 26.818181818181817, 16.647058823529413, 14.272727272727273, 13.5, 13.178571428571429, 12.733333333333333, 11.833333333333334, 11.083333333333334, 10.833333333333334, 10.833333333333334, 32.0, 18.90909090909091, 15.0, 14.5, 15.416666666666666, 15.0, 14.076923076923077, 13.0, 13.266666666666667, 19.875, 15.916666666666666, 14.615384615384615, 14.083333333333334, 14.0, 13.636363636363637, 17.4375, 16.818181818181817, 15.916666666666666, 13.545454545454545, 13.363636363636363, 13.25, 12.533333333333333, 12.516129032258064, 12.333333333333334, 12.0, 12.0, 18.583333333333332, 16.636363636363637, 13.363636363636363, 12.25]
2-2 [8.8, 11.636363636363637, 10.0, 10.916666666666666, 12.416666666666666, 8.333333333333334, 9.076923076923077, 10.727272727272727, 7.615384615384615, 7.3125, 10.538461538461538, 8.5, 8.0, 7.0, 4.875, 14.909090909090908, 11.583333333333334, 7.75, 7.142857142857143, 4.071428571428571, 2.3548387096774195, 10.416666666666666, 7.4, 7.846153846153846, 8.636363636363637, 9.666666666666666, 7.285714285714286, 5.555555555555555, 9.916666666666666, 6.545454545454546, 7.636363636363637, 10.818181818181818, 6.529411764705882, 9.363636363636363, 9.083333333333334, 3.642857142857143, 6.4, 6.611111111111111, 8.083333333333334, 9.083333333333334, 7.25, 9.636363636363637, 8.545454545454545, 12.166666666666666, 7.5625, 13.0, 11.5, 6.538461538461538, 3.892857142857143, 8.933333333333334, 8.3125, 10.166666666666666, 7.923076923076923, 8.25, 11.0, 8.181818181818182, 7.75, 9.727272727272727, 9.583333333333334, 8.272727272727273, 10.0, 7.333333333333333, 7.866666666666666, 3.6774193548387095, 7.916666666666667, 4.388888888888889, 11.181818181818182, 11.75, 11.454545454545455, 12.0, 9.583333333333334]
3-1 [23.727272727272727]
3-2 [9.363636363636363]
3-3 [9.636363636363637]
[10.916666666666666, 4.75, 4.833333333333333] 41.177.83.194 210.218.218.164
[5.166666666666667, 4.916666666666667, 5.0] 244.3.210.197 219.93.25.120
4-2 algo
d: 5 w: 9 k: 1
all [5.416666666666667, 4.75, 5.333333333333333, 4.7272727272727275, 4.833333333333333, 5.0, 4.583333333333333, 5.833333333333333, 5.5, 5.333333333333333] 

ans 5.131060606060606 

number 0 switch: 2279
number 1 switch: 109
number 2 switch: 2
2-1 [8.25, 7.909090909090909, 7.461538461538462, 7.178571428571429, 6.928571428571429, 6.666666666666667, 6.133333333333334, 5.615384615384615, 5.5, 5.461538461538462, 5.444444444444445, 11.083333333333334, 8.714285714285714, 6.875, 6.454545454545454, 6.454545454545454, 6.428571428571429, 6.32, 6.25, 6.230769230769231, 6.166666666666667, 6.0, 5.933333333333334, 5.214285714285714, 5.2, 4.923076923076923, 13.166666666666666, 11.461538461538462, 7.8, 6.714285714285714, 6.333333333333333, 5.833333333333333, 5.7727272727272725, 5.833333333333333, 27.5, 10.25, 9.166666666666666, 8.23076923076923, 7.916666666666667, 7.4375, 7.25, 7.166666666666667, 7.0, 5.636363636363637, 5.454545454545454, 5.3125, 5.25, 5.142857142857143, 4.842105263157895, 4.8125, 9.615384615384615, 9.125, 8.25, 8.133333333333333, 6.818181818181818, 6.0, 5.909090909090909, 5.5, 5.333333333333333, 5.25, 4.909090909090909, 4.851851851851852, 5.461538461538462, 4.833333333333333, 7.666666666666667, 6.916666666666667, 6.8, 6.5, 7.416666666666667, 6.5, 5.722222222222222, 5.636363636363637, 5.416666666666667, 5.363636363636363, 5.0, 7.125, 7.0, 6.384615384615385, 6.190476190476191, 5.857142857142857, 6.0, 5.333333333333333, 5.035714285714286, 4.777777777777778, 4.666666666666667, 10.4, 10.3125, 8.533333333333333, 8.416666666666666, 6.636363636363637, 6.5, 6.066666666666666, 9.444444444444445, 7.65, 7.333333333333333, 7.2727272727272725, 7.0, 6.909090909090909, 6.636363636363637, 6.25, 6.083333333333333, 5.6923076923076925, 5.611111111111111, 14.428571428571429, 13.0, 7.3076923076923075, 5.928571428571429, 5.916666666666667, 5.818181818181818]
2-2 [4.083333333333333, 3.4545454545454546, 1.5384615384615385, 1.6428571428571428, 3.642857142857143, 3.5, 3.3333333333333335, 3.5384615384615383, 2.0, 3.1538461538461537, 2.7222222222222223, 3.0833333333333335, 3.357142857142857, 3.8125, 3.727272727272727, 3.8181818181818183, 1.3333333333333333, 2.2, 3.0833333333333335, 4.0, 3.6666666666666665, 4.75, 2.6666666666666665, 4.428571428571429, 3.8, 4.153846153846154, 4.5, 3.769230769230769, 3.1333333333333333, 3.357142857142857, 4.5, 5.333333333333333, 2.727272727272727, 4.333333333333333, 3.8333333333333335, 4.0, 3.4166666666666665, 3.4615384615384617, 3.9166666666666665, 3.875, 4.0, 4.5, 2.8666666666666667, 2.409090909090909, 4.7272727272727275, 2.3125, 4.25, 1.8928571428571428, 2.736842105263158, 3.5625, 3.5384615384615383, 3.3125, 2.75, 3.066666666666667, 3.4545454545454546, 4.5, 3.8181818181818183, 4.416666666666667, 2.9166666666666665, 4.75, 4.454545454545454, 2.4074074074074074, 4.3076923076923075, 3.8333333333333335, 3.4166666666666665, 2.9166666666666665, 3.066666666666667, 4.166666666666667, 4.166666666666667, 3.1875, 2.6666666666666665, 4.2727272727272725, 4.166666666666667, 4.545454545454546, 4.583333333333333, 2.3125, 2.75, 3.4615384615384617, 1.8095238095238095, 1.9285714285714286, 2.857142857142857, 4.583333333333333, 2.0357142857142856, 2.2777777777777777, 3.1666666666666665, 3.933333333333333, 5.125, 3.3333333333333335, 5.833333333333333, 4.0, 2.2, 2.6666666666666665, 3.111111111111111, 1.85, 3.8333333333333335, 4.090909090909091, 4.363636363636363, 3.3636363636363638, 4.909090909090909, 5.5, 4.083333333333333, 3.076923076923077, 2.9444444444444446, 3.5714285714285716, 4.583333333333333, 4.076923076923077, 1.6428571428571428, 4.75, 4.090909090909091]
3-1 [10.916666666666666, 5.166666666666667]
3-2 [4.75, 4.916666666666667]
3-3 [4.833333333333333, 5.0]
[9.2, 2.7333333333333334, 4.0] 244.3.4.164 210.218.218.164
4-2 algo
d: 6 w: 9 k: 1
all [4.846153846153846, 4.769230769230769, 6.769230769230769, 5.545454545454546, 5.75, 5.2727272727272725, 4.636363636363637, 4.454545454545454, 4.733333333333333, 4.545454545454546] 

ans 5.132249417249417 

number 0 switch: 2300
number 1 switch: 89
number 2 switch: 1
2-1 [6.818181818181818, 6.75, 6.230769230769231, 5.2727272727272725, 5.166666666666667, 5.166666666666667, 5.083333333333333, 10.083333333333334, 7.538461538461538, 7.416666666666667, 8.333333333333334, 7.235294117647059, 7.0, 6.25, 6.0, 5.545454545454546, 9.916666666666666, 9.833333333333334, 8.833333333333334, 8.785714285714286, 8.461538461538462, 8.333333333333334, 7.333333333333333, 7.2727272727272725, 8.0, 6.833333333333333, 5.785714285714286, 10.916666666666666, 9.333333333333334, 7.5, 6.25, 5.769230769230769, 13.666666666666666, 8.5, 7.0, 6.166666666666667, 6.0, 5.565217391304348, 8.5, 7.666666666666667, 6.9375, 6.5, 6.428571428571429, 6.083333333333333, 5.923076923076923, 5.5, 5.387096774193548, 7.0, 5.5, 5.0, 11.625, 12.0, 6.583333333333333, 5.75, 5.533333333333333, 5.416666666666667, 4.9375, 4.916666666666667, 4.833333333333333, 4.7272727272727275, 4.7272727272727275, 4.6, 4.5, 7.0, 6.583333333333333, 5.933333333333334, 5.076923076923077, 4.833333333333333, 4.76, 4.75, 4.75, 9.1875, 7.416666666666667, 6.916666666666667, 6.833333333333333, 6.181818181818182, 6.05, 5.666666666666667, 5.583333333333333, 5.142857142857143, 5.083333333333333, 5.0625, 5.0, 5.0, 4.916666666666667, 4.909090909090909, 4.833333333333333, 5.166666666666667, 4.75]
2-2 [4.181818181818182, 3.5833333333333335, 4.846153846153846, 4.363636363636363, 3.5833333333333335, 4.25, 2.75, 3.4166666666666665, 4.769230769230769, 3.9166666666666665, 4.5, 1.7647058823529411, 3.5625, 2.9166666666666665, 4.545454545454546, 1.8636363636363635, 5.166666666666667, 5.0, 3.8333333333333335, 4.071428571428571, 3.4615384615384617, 3.1666666666666665, 3.0, 3.4545454545454546, 3.0, 3.6666666666666665, 3.0714285714285716, 3.5833333333333335, 4.333333333333333, 3.8333333333333335, 4.25, 2.230769230769231, 3.9166666666666665, 4.0, 5.2727272727272725, 4.0, 3.8181818181818183, 0.8695652173913043, 3.25, 2.0, 2.5, 3.8333333333333335, 2.7857142857142856, 3.1666666666666665, 3.076923076923077, 3.4166666666666665, 1.3548387096774193, 4.083333333333333, 3.8333333333333335, 2.6666666666666665, 2.0625, 3.8333333333333335, 3.1666666666666665, 2.6875, 3.1333333333333333, 3.5833333333333335, 3.25, 4.333333333333333, 2.8333333333333335, 2.8181818181818183, 4.454545454545454, 3.3333333333333335, 3.75, 2.5833333333333335, 3.75, 3.3333333333333335, 2.8461538461538463, 3.1666666666666665, 1.36, 3.5833333333333335, 3.0833333333333335, 3.0, 4.166666666666667, 3.5, 3.5833333333333335, 3.3636363636363638, 2.1, 3.8333333333333335, 3.5, 1.5714285714285714, 3.0833333333333335, 2.625, 3.909090909090909, 2.3125, 3.8333333333333335, 4.545454545454546, 4.5, 3.5833333333333335, 4.083333333333333]
3-1 [9.2]
3-2 [2.7333333333333334]
3-3 [4.0]
4-2 algo
d: 5 w: 3 k: 3
all [35.583333333333336, 31.818181818181817, 32.916666666666664, 30.25, 36.69230769230769, 32.583333333333336, 32.583333333333336, 32.81818181818182, 31.272727272727273, 31.166666666666668] 

ans 32.76847319347319 

number 0 switch: 2279
number 1 switch: 111
number 2 switch: 0
2-1 [55.166666666666664, 49.166666666666664, 48.36363636363637, 46.69230769230769, 42.18181818181818, 39.9375, 39.46153846153846, 37.583333333333336, 37.4, 36.57142857142857, 52.916666666666664, 52.916666666666664, 42.357142857142854, 40.916666666666664, 38.416666666666664, 38.30769230769231, 36.75, 35.38461538461539, 34.0, 33.5, 32.785714285714285, 31.53846153846154, 31.416666666666668, 32.36363636363637, 31.818181818181817, 39.75, 37.0, 36.54545454545455, 36.25, 36.25, 35.666666666666664, 35.583333333333336, 35.583333333333336, 34.833333333333336, 34.75, 34.0, 33.416666666666664, 33.083333333333336, 41.0, 36.833333333333336, 36.25, 35.27272727272727, 35.15384615384615, 33.53333333333333, 33.53333333333333, 32.583333333333336, 32.54545454545455, 31.0, 44.92307692307692, 42.09090909090909, 38.5, 37.53846153846154, 37.285714285714285, 45.18181818181818, 44.333333333333336, 41.333333333333336, 41.333333333333336, 40.75, 37.857142857142854, 35.5, 35.5, 35.25, 32.833333333333336, 32.833333333333336, 32.833333333333336, 33.833333333333336, 32.642857142857146, 79.21428571428571, 38.416666666666664, 37.84615384615385, 36.36363636363637, 33.57142857142857, 33.333333333333336, 33.25, 33.25, 33.25, 33.09090909090909, 33.083333333333336, 48.63636363636363, 41.888888888888886, 37.63636363636363, 34.53333333333333, 34.46153846153846, 34.25, 34.25, 33.5, 32.916666666666664, 32.81818181818182, 54.81818181818182, 44.416666666666664, 44.416666666666664, 35.45454545454545, 34.916666666666664, 33.36363636363637, 33.166666666666664, 33.166666666666664, 33.0625, 33.75, 33.75, 32.833333333333336, 32.0, 31.916666666666668, 59.48571428571429, 41.833333333333336, 40.72222222222222, 35.36363636363637, 33.666666666666664, 33.666666666666664, 33.45454545454545, 31.833333333333332, 31.5]
2-2 [22.666666666666668, 25.0, 25.818181818181817, 24.384615384615383, 29.181818181818183, 18.4375, 23.307692307692307, 35.583333333333336, 20.466666666666665, 22.214285714285715, 25.916666666666668, 26.916666666666668, 28.071428571428573, 27.333333333333332, 25.833333333333332, 26.153846153846153, 26.833333333333332, 25.76923076923077, 31.272727272727273, 27.166666666666668, 24.0, 25.692307692307693, 29.583333333333332, 31.818181818181817, 30.272727272727273, 27.083333333333332, 23.642857142857142, 31.636363636363637, 23.666666666666668, 23.333333333333332, 29.5, 28.166666666666668, 24.666666666666668, 24.166666666666668, 28.75, 25.666666666666668, 32.0, 28.5, 25.666666666666668, 26.666666666666668, 27.0, 27.90909090909091, 24.076923076923077, 21.333333333333332, 21.0, 24.75, 29.636363636363637, 22.285714285714285, 36.69230769230769, 28.181818181818183, 28.916666666666668, 27.615384615384617, 20.714285714285715, 31.09090909090909, 26.083333333333332, 26.333333333333332, 27.916666666666668, 26.25, 22.428571428571427, 21.166666666666668, 26.75, 31.583333333333332, 22.166666666666668, 27.083333333333332, 28.833333333333332, 23.166666666666668, 12.642857142857142, 11.285714285714286, 26.833333333333332, 25.307692307692307, 29.272727272727273, 23.285714285714285, 28.5, 28.5, 25.166666666666668, 22.333333333333332, 29.90909090909091, 32.583333333333336, 32.27272727272727, 17.88888888888889, 31.727272727272727, 25.533333333333335, 24.846153846153847, 26.916666666666668, 25.583333333333332, 30.0, 30.416666666666668, 30.454545454545453, 29.0, 20.416666666666668, 26.333333333333332, 26.363636363636363, 26.75, 30.272727272727273, 25.083333333333332, 28.666666666666668, 16.9375, 26.083333333333332, 25.416666666666668, 21.416666666666668, 31.272727272727273, 27.083333333333332, 8.457142857142857, 25.333333333333332, 19.333333333333332, 29.272727272727273, 28.416666666666668, 27.166666666666668, 29.636363636363637, 28.166666666666668, 24.5]
3-1 []
3-2 []
3-3 []
4-2 algo
d: 5 w: 6 k: 3
all [10.0, 14.363636363636363, 10.818181818181818, 10.923076923076923, 10.727272727272727, 12.545454545454545, 11.454545454545455, 11.636363636363637, 12.0, 11.333333333333334] 

ans 11.58018648018648 

number 0 switch: 2289
number 1 switch: 101
number 2 switch: 0
2-1 [14.0, 13.916666666666666, 13.416666666666666, 13.25, 12.125, 11.833333333333334, 10.75, 10.526315789473685, 10.066666666666666, 19.9375, 20.0, 19.923076923076923, 14.916666666666666, 14.538461538461538, 17.363636363636363, 17.083333333333332, 14.833333333333334, 13.75, 13.428571428571429, 12.75, 12.916666666666666, 12.75, 12.6, 12.272727272727273, 12.0, 11.75, 11.545454545454545, 11.4, 11.333333333333334, 11.0625, 10.85, 18.133333333333333, 15.608695652173912, 15.2, 14.583333333333334, 12.642857142857142, 12.642857142857142, 12.0, 11.833333333333334, 11.583333333333334, 11.5, 11.0, 17.0, 15.75, 14.090909090909092, 13.25, 12.571428571428571, 11.833333333333334, 11.833333333333334, 11.2, 11.166666666666666, 17.818181818181817, 17.583333333333332, 16.791666666666668, 16.153846153846153, 14.916666666666666, 13.833333333333334, 13.666666666666666, 13.416666666666666, 12.727272727272727, 12.583333333333334, 13.818181818181818, 68.32142857142857, 22.166666666666668, 14.076923076923077, 13.942857142857143, 13.916666666666666, 13.0, 12.181818181818182, 12.0, 11.833333333333334, 22.933333333333334, 17.09090909090909, 16.333333333333332, 16.263157894736842, 15.727272727272727, 15.583333333333334, 14.6, 14.46875, 13.0, 12.461538461538462, 11.833333333333334, 14.642857142857142, 14.333333333333334, 14.31578947368421, 14.0, 12.75, 12.75, 12.75, 12.615384615384615, 12.166666666666666, 12.0, 23.2, 16.75, 16.25, 13.0, 12.636363636363637, 12.583333333333334, 12.1875, 11.833333333333334, 11.5]
2-2 [8.0, 7.5, 7.5, 9.583333333333334, 6.5, 10.0, 8.0, 5.157894736842105, 7.6, 7.9375, 14.363636363636363, 9.76923076923077, 11.25, 6.0, 9.818181818181818, 9.416666666666666, 10.416666666666666, 10.166666666666666, 7.5, 7.0, 10.5, 8.666666666666666, 7.85, 10.636363636363637, 10.818181818181818, 9.333333333333334, 10.727272727272727, 7.866666666666666, 9.416666666666666, 9.0, 5.6, 6.333333333333333, 4.260869565217392, 6.466666666666667, 8.583333333333334, 4.5, 4.535714285714286, 7.916666666666667, 8.666666666666666, 8.333333333333334, 8.75, 9.75, 9.333333333333334, 9.5, 10.454545454545455, 10.333333333333334, 4.5, 8.583333333333334, 7.666666666666667, 7.666666666666667, 8.166666666666666, 11.545454545454545, 7.416666666666667, 5.125, 8.615384615384615, 6.5, 6.833333333333333, 7.083333333333333, 9.0, 12.545454545454545, 5.375, 12.545454545454545, 3.8214285714285716, 7.916666666666667, 6.6923076923076925, 1.7285714285714286, 9.083333333333334, 11.272727272727273, 9.090909090909092, 10.666666666666666, 10.916666666666666, 7.8, 10.545454545454545, 10.083333333333334, 7.105263157894737, 11.636363636363637, 8.5, 7.6, 3.6875, 10.833333333333334, 8.076923076923077, 10.166666666666666, 6.714285714285714, 11.0, 5.2631578947368425, 8.363636363636363, 10.5, 10.833333333333334, 8.583333333333334, 7.923076923076923, 10.25, 11.5, 6.533333333333333, 5.375, 5.05, 9.0, 11.181818181818182, 7.666666666666667, 5.8125, 8.666666666666666, 11.333333333333334]
3-1 []
3-2 []
3-3 []
[7.333333333333333, 3.0, 3.1333333333333333] 246.142.244.205 246.142.244.3
[9.666666666666666, 4.333333333333333, 4.583333333333333] 41.177.155.41 210.218.218.164
[7.583333333333333, 3.25, 5.416666666666667] 244.3.164.210 244.3.164.161
4-2 algo
d: 5 w: 9 k: 3
all [5.0, 5.2, 4.583333333333333, 5.583333333333333, 5.833333333333333, 5.545454545454546, 5.416666666666667, 5.0, 7.5, 5.090909090909091] 

ans 5.47530303030303 

number 0 switch: 2294
number 1 switch: 93
number 2 switch: 3
2-1 [8.818181818181818, 8.428571428571429, 7.388888888888889, 7.107142857142857, 7.083333333333333, 5.678571428571429, 5.416666666666667, 5.230769230769231, 5.083333333333333, 5.0, 8.25, 8.066666666666666, 7.454545454545454, 6.833333333333333, 6.3478260869565215, 6.333333333333333, 6.181818181818182, 5.615384615384615, 5.583333333333333, 5.3125, 5.2, 6.454545454545454, 5.769230769230769, 5.363636363636363, 5.083333333333333, 5.083333333333333, 5.083333333333333, 8.105263157894736, 7.666666666666667, 7.166666666666667, 6.545454545454546, 6.538461538461538, 6.5, 6.416666666666667, 5.642857142857143, 7.833333333333333, 5.642857142857143, 5.607142857142857, 9.25, 7.181818181818182, 6.583333333333333, 10.75, 10.0, 10.384615384615385, 9.5, 7.2727272727272725, 7.25, 7.0, 7.0, 6.0, 5.846153846153846, 11.0, 8.625, 7.5, 6.153846153846154, 6.0, 5.84375, 5.75, 5.733333333333333, 5.636363636363637, 5.535714285714286, 5.416666666666667, 9.363636363636363, 7.666666666666667, 6.826086956521739, 6.6, 6.5, 6.266666666666667, 5.896551724137931, 5.888888888888889, 5.875, 5.133333333333334, 11.166666666666666, 9.875, 9.75, 9.23076923076923, 8.846153846153847, 8.833333333333334, 8.75, 7.6, 7.583333333333333, 15.0, 13.818181818181818, 11.875, 10.071428571428571, 9.0, 8.529411764705882, 7.916666666666667, 7.833333333333333, 6.818181818181818, 5.666666666666667, 5.461538461538462, 5.333333333333333]
2-2 [5.0, 3.357142857142857, 2.7222222222222223, 1.5714285714285714, 5.0, 1.6071428571428572, 4.25, 4.3076923076923075, 4.25, 2.6153846153846154, 3.6666666666666665, 3.0, 4.454545454545454, 3.9166666666666665, 2.4347826086956523, 4.25, 3.4545454545454546, 3.6153846153846154, 3.6666666666666665, 2.9375, 1.85, 4.454545454545454, 3.0, 3.8181818181818183, 3.75, 3.8333333333333335, 3.25, 3.1052631578947367, 4.416666666666667, 4.333333333333333, 4.2727272727272725, 4.0, 3.25, 5.0, 1.6785714285714286, 3.75, 4.571428571428571, 1.75, 3.4166666666666665, 4.818181818181818, 2.2083333333333335, 4.333333333333333, 4.166666666666667, 4.230769230769231, 4.0, 4.454545454545454, 4.333333333333333, 3.2142857142857144, 3.125, 3.8181818181818183, 5.076923076923077, 3.9166666666666665, 2.9375, 4.916666666666667, 4.153846153846154, 4.142857142857143, 1.59375, 3.5833333333333335, 4.933333333333334, 5.090909090909091, 1.75, 3.5833333333333335, 4.0, 4.25, 2.347826086956522, 3.533333333333333, 3.75, 2.8666666666666667, 1.7586206896551724, 2.5, 2.6875, 2.8, 4.416666666666667, 2.9375, 3.5833333333333335, 3.6153846153846154, 4.615384615384615, 4.25, 3.6666666666666665, 3.4, 7.5, 3.4545454545454546, 5.090909090909091, 2.875, 3.5, 3.5, 3.0588235294117645, 4.583333333333333, 4.333333333333333, 4.454545454545454, 4.833333333333333, 4.076923076923077, 3.0]
3-1 [7.333333333333333, 9.666666666666666, 7.583333333333333]
3-2 [3.0, 4.333333333333333, 3.25]
3-3 [3.1333333333333333, 4.583333333333333, 5.416666666666667]
4-2 algo
d: 6 w: 9 k: 3
all [4.75, 7.583333333333333, 4.833333333333333, 4.75, 4.733333333333333, 4.909090909090909, 4.416666666666667, 4.916666666666667, 5.0, 5.076923076923077] 

ans 5.0969347319347325 

number 0 switch: 2276
number 1 switch: 114
number 2 switch: 0
2-1 [7.578947368421052, 7.5, 6.833333333333333, 6.363636363636363, 5.75, 5.583333333333333, 5.545454545454546, 5.523809523809524, 5.333333333333333, 5.333333333333333, 5.25, 5.166666666666667, 5.0, 8.583333333333334, 8.304347826086957, 9.454545454545455, 7.473684210526316, 5.92, 5.833333333333333, 5.733333333333333, 5.4, 5.391304347826087, 5.25, 5.125, 5.5, 4.916666666666667, 4.833333333333333, 4.666666666666667, 4.59375, 5.25, 5.25, 6.8125, 6.583333333333333, 6.535714285714286, 6.05, 5.545454545454546, 5.230769230769231, 5.130434782608695, 5.642857142857143, 4.9375, 4.833333333333333, 4.75, 12.25, 8.090909090909092, 7.1875, 6.944444444444445, 6.3076923076923075, 6.2727272727272725, 6.166666666666667, 5.523809523809524, 5.333333333333333, 4.9411764705882355, 4.9375, 4.916666666666667, 4.909090909090909, 10.733333333333333, 10.625, 8.727272727272727, 8.583333333333334, 7.083333333333333, 6.846153846153846, 6.666666666666667, 6.65, 6.066666666666666, 5.84, 5.818181818181818, 5.75, 5.75, 5.75, 5.571428571428571, 5.25, 7.363636363636363, 6.933333333333334, 6.214285714285714, 5.833333333333333, 5.666666666666667, 5.142857142857143, 4.8125, 4.5, 8.090909090909092, 7.636363636363637, 5.9375, 5.6875, 5.583333333333333, 5.428571428571429, 5.75, 5.428571428571429, 5.285714285714286, 5.105263157894737, 5.583333333333333, 5.0, 4.9375, 4.9, 5.416666666666667, 10.583333333333334, 7.916666666666667, 7.107142857142857, 6.6, 6.466666666666667, 5.75, 5.1875, 5.222222222222222, 5.055555555555555, 7.25, 6.916666666666667, 6.666666666666667, 6.666666666666667, 6.416666666666667, 6.333333333333333, 6.066666666666666, 5.5, 5.5, 5.222222222222222, 5.181818181818182]
2-2 [1.5789473684210527, 3.5833333333333335, 3.5833333333333335, 3.727272727272727, 4.166666666666667, 4.25, 3.6363636363636362, 2.142857142857143, 3.75, 4.75, 4.0, 3.3333333333333335, 2.8666666666666667, 3.3333333333333335, 2.1739130434782608, 4.0, 3.1052631578947367, 1.44, 3.5833333333333335, 4.066666666666666, 3.2, 1.826086956521739, 3.5833333333333335, 2.8125, 3.25, 4.083333333333333, 3.0, 2.5833333333333335, 1.34375, 4.833333333333333, 4.25, 2.9375, 4.0, 1.5, 2.1, 4.181818181818182, 3.3076923076923075, 1.826086956521739, 3.642857142857143, 2.125, 3.1666666666666665, 3.5, 3.75, 3.4545454545454546, 2.6875, 2.111111111111111, 3.8461538461538463, 3.6363636363636362, 3.25, 2.142857142857143, 3.533333333333333, 2.0, 2.875, 3.5833333333333335, 4.0, 3.4, 2.75, 4.909090909090909, 4.0, 3.0, 3.076923076923077, 3.3333333333333335, 1.8, 2.7333333333333334, 1.6, 3.0, 3.9166666666666665, 3.25, 2.5, 2.9285714285714284, 2.5833333333333335, 3.0, 2.533333333333333, 2.7142857142857144, 4.166666666666667, 4.416666666666667, 2.5, 2.3125, 3.75, 1.5909090909090908, 3.727272727272727, 3.875, 1.28125, 4.0, 1.6428571428571428, 2.9166666666666665, 2.9285714285714284, 2.392857142857143, 2.5789473684210527, 3.25, 4.615384615384615, 2.9375, 3.4, 4.916666666666667, 3.9166666666666665, 4.0, 1.3928571428571428, 2.533333333333333, 2.8666666666666667, 5.0, 2.75, 2.5, 2.2777777777777777, 2.75, 3.4166666666666665, 3.3333333333333335, 3.8333333333333335, 3.6666666666666665, 3.8666666666666667, 3.2666666666666666, 3.5833333333333335, 4.333333333333333, 2.6666666666666665, 4.363636363636363]
3-1 []
3-2 []
3-3 []
4-2 algo
d: 5 w: 3 k: 5
all [29.53846153846154, 30.454545454545453, 31.416666666666668, 30.363636363636363, 30.166666666666668, 31.818181818181817, 29.90909090909091, 34.916666666666664, 30.09090909090909, 31.09090909090909] 

ans 30.976573426573417 

number 0 switch: 2273
number 1 switch: 117
number 2 switch: 0
2-1 [41.705882352941174, 40.45454545454545, 38.916666666666664, 38.0, 35.666666666666664, 35.666666666666664, 35.3125, 34.63636363636363, 34.1875, 33.53846153846154, 32.0, 30.833333333333332, 30.666666666666668, 30.0, 30.0, 51.81818181818182, 50.916666666666664, 45.0, 42.083333333333336, 35.92857142857143, 35.166666666666664, 34.666666666666664, 33.46666666666667, 31.583333333333332, 31.5, 31.272727272727273, 30.916666666666668, 52.5, 41.8, 41.72727272727273, 36.583333333333336, 36.583333333333336, 36.083333333333336, 34.916666666666664, 33.6, 33.083333333333336, 33.083333333333336, 32.72727272727273, 32.166666666666664, 31.583333333333332, 63.45454545454545, 58.083333333333336, 46.45454545454545, 36.72727272727273, 33.583333333333336, 33.0, 32.583333333333336, 32.583333333333336, 32.583333333333336, 32.54545454545455, 31.857142857142858, 31.583333333333332, 31.333333333333332, 53.666666666666664, 49.5, 44.666666666666664, 40.833333333333336, 40.0, 39.333333333333336, 36.81818181818182, 33.25, 32.166666666666664, 31.266666666666666, 30.0, 29.615384615384617, 29.25, 38.61538461538461, 34.25, 32.666666666666664, 32.63157894736842, 31.818181818181817, 94.91666666666667, 65.0, 59.92307692307692, 38.666666666666664, 35.357142857142854, 34.416666666666664, 33.09090909090909, 32.0, 30.75, 30.0, 30.454545454545453, 29.666666666666668, 29.666666666666668, 29.0, 125.28571428571429, 46.09090909090909, 42.333333333333336, 37.81818181818182, 37.25, 41.083333333333336, 33.583333333333336, 33.46153846153846, 31.272727272727273, 31.23076923076923, 30.75, 30.363636363636363, 29.5, 29.5, 29.5, 29.5, 29.166666666666668, 30.09090909090909, 42.54545454545455, 40.083333333333336, 38.916666666666664, 38.916666666666664, 37.0, 34.63636363636363, 33.833333333333336, 33.833333333333336, 33.25, 31.90909090909091, 31.1875, 31.166666666666668, 31.166666666666668, 31.166666666666668]
2-2 [19.0, 24.90909090909091, 23.75, 26.09090909090909, 24.083333333333332, 25.083333333333332, 19.0625, 27.09090909090909, 20.5625, 29.53846153846154, 19.8, 25.25, 20.4, 26.0, 26.75, 28.272727272727273, 23.0, 23.76923076923077, 26.833333333333332, 22.928571428571427, 25.583333333333332, 17.933333333333334, 24.0, 23.0, 24.5, 27.818181818181817, 24.0, 27.0, 18.866666666666667, 29.636363636363637, 25.583333333333332, 26.583333333333332, 26.0, 28.083333333333332, 20.733333333333334, 31.416666666666668, 29.25, 29.454545454545453, 27.416666666666668, 27.0, 30.363636363636363, 23.0, 28.363636363636363, 30.0, 25.166666666666668, 25.25, 24.833333333333332, 25.5, 23.25, 27.90909090909091, 22.071428571428573, 26.0, 26.166666666666668, 23.083333333333332, 24.083333333333332, 25.0, 24.666666666666668, 18.0625, 25.416666666666668, 26.272727272727273, 25.0, 28.833333333333332, 21.133333333333333, 22.615384615384617, 23.153846153846153, 18.0625, 25.46153846153846, 27.916666666666668, 23.333333333333332, 17.526315789473685, 30.90909090909091, 26.083333333333332, 26.0, 23.307692307692307, 20.933333333333334, 5.571428571428571, 27.0, 26.636363636363637, 14.833333333333334, 26.833333333333332, 27.833333333333332, 22.727272727272727, 26.25, 26.25, 26.0, 11.178571428571429, 24.90909090909091, 29.0, 28.90909090909091, 30.833333333333332, 21.25, 25.583333333333332, 21.23076923076923, 26.272727272727273, 28.615384615384617, 24.25, 29.0, 25.25, 26.166666666666668, 22.583333333333332, 27.166666666666668, 27.5, 26.818181818181817, 30.0, 24.583333333333332, 27.25, 28.583333333333332, 25.09090909090909, 27.0, 25.666666666666668, 26.166666666666668, 27.833333333333332, 25.0, 19.0625, 23.833333333333332, 26.25, 28.416666666666668]
3-1 []
3-2 []
3-3 []
4-2 algo
d: 5 w: 6 k: 5
all [13.833333333333334, 16.083333333333332, 12.333333333333334, 12.583333333333334, 11.666666666666666, 12.090909090909092, 10.727272727272727, 12.272727272727273, 11.818181818181818, 11.818181818181818] 

ans 12.522727272727272 

number 0 switch: 2294
number 1 switch: 96
number 2 switch: 0
2-1 [21.5625, 17.833333333333332, 17.733333333333334, 15.545454545454545, 14.75, 14.666666666666666, 14.583333333333334, 13.666666666666666, 13.583333333333334, 13.333333333333334, 13.090909090909092, 13.0, 33.839285714285715, 28.272727272727273, 20.466666666666665, 17.833333333333332, 16.416666666666668, 21.916666666666668, 20.2, 14.25, 13.0, 12.545454545454545, 17.818181818181817, 16.066666666666666, 15.083333333333334, 14.866666666666667, 14.5, 14.416666666666666, 14.272727272727273, 14.181818181818182, 13.333333333333334, 23.22222222222222, 18.321428571428573, 15.363636363636363, 13.1875, 13.166666666666666, 13.083333333333334, 12.0, 11.833333333333334, 26.083333333333332, 19.5, 18.2, 14.363636363636363, 14.166666666666666, 13.6, 13.5, 13.083333333333334, 12.583333333333334, 12.461538461538462, 30.666666666666668, 30.666666666666668, 22.333333333333332, 19.923076923076923, 17.533333333333335, 17.0, 15.272727272727273, 12.75, 11.75, 11.733333333333333, 11.666666666666666, 11.0, 11.0, 11.0, 10.833333333333334, 10.833333333333334, 20.5, 16.846153846153847, 15.125, 14.583333333333334, 14.538461538461538, 13.916666666666666, 13.583333333333334, 13.571428571428571, 12.6, 12.454545454545455, 12.166666666666666, 12.0, 11.75, 11.75, 12.272727272727273, 30.416666666666668, 18.0, 17.4, 14.333333333333334, 12.0, 11.916666666666666, 18.363636363636363, 18.09090909090909, 15.636363636363637, 14.733333333333333, 14.25, 14.25, 13.357142857142858, 12.4, 13.583333333333334, 11.583333333333334]
2-2 [8.25, 7.416666666666667, 11.466666666666667, 10.454545454545455, 12.75, 10.5, 11.5, 6.466666666666667, 12.333333333333334, 11.25, 10.272727272727273, 11.384615384615385, 2.2142857142857144, 10.909090909090908, 7.866666666666666, 6.916666666666667, 10.916666666666666, 8.416666666666666, 8.8, 11.5, 10.090909090909092, 9.454545454545455, 7.818181818181818, 8.8, 10.166666666666666, 7.466666666666667, 8.0, 8.75, 11.545454545454545, 10.909090909090908, 7.583333333333333, 7.333333333333333, 3.6785714285714284, 10.363636363636363, 6.125, 10.5, 10.416666666666666, 10.454545454545455, 8.583333333333334, 11.166666666666666, 7.75, 6.733333333333333, 12.090909090909092, 5.041666666666667, 8.933333333333334, 10.25, 10.666666666666666, 10.166666666666666, 11.692307692307692, 8.583333333333334, 8.833333333333334, 8.916666666666666, 8.307692307692308, 7.4, 9.083333333333334, 8.454545454545455, 7.8125, 5.9375, 9.333333333333334, 9.0, 9.25, 6.277777777777778, 9.666666666666666, 9.0, 8.833333333333334, 8.25, 9.23076923076923, 6.9375, 8.5, 10.23076923076923, 10.083333333333334, 10.583333333333334, 6.785714285714286, 6.8, 8.363636363636363, 6.333333333333333, 8.4, 9.416666666666666, 9.333333333333334, 12.090909090909092, 8.166666666666666, 9.666666666666666, 7.333333333333333, 9.416666666666666, 10.0, 11.666666666666666, 10.272727272727273, 9.090909090909092, 10.363636363636363, 7.066666666666666, 9.333333333333334, 10.333333333333334, 4.142857142857143, 10.666666666666666, 11.5, 11.333333333333334]
3-1 []
3-2 []
3-3 []
[11.545454545454545, 4.545454545454546, 5.363636363636363] 244.3.176.149 41.177.3.224
4-2 algo
d: 5 w: 9 k: 5
all [6.083333333333333, 4.833333333333333, 5.666666666666667, 6.166666666666667, 5.454545454545454, 5.166666666666667, 4.933333333333334, 5.636363636363637, 5.75, 5.333333333333333] 

ans 5.502424242424242 

number 0 switch: 2275
number 1 switch: 114
number 2 switch: 1
2-1 [10.0625, 7.066666666666666, 6.846153846153846, 6.375, 6.142857142857143, 6.454545454545454, 6.083333333333333, 5.928571428571429, 5.928571428571429, 6.454545454545454, 5.71875, 7.083333333333333, 8.25, 7.833333333333333, 7.521739130434782, 7.166666666666667, 7.0, 6.625, 6.0, 5.818181818181818, 5.625, 5.583333333333333, 5.066666666666666, 5.0, 4.9375, 10.333333333333334, 8.066666666666666, 7.785714285714286, 7.545454545454546, 7.5, 7.0, 6.8125, 6.714285714285714, 6.0588235294117645, 5.916666666666667, 5.866666666666666, 5.857142857142857, 5.846153846153846, 5.818181818181818, 5.75, 5.615384615384615, 5.583333333333333, 5.583333333333333, 13.583333333333334, 11.916666666666666, 10.166666666666666, 8.692307692307692, 7.478260869565218, 6.642857142857143, 6.5, 6.454545454545454, 10.583333333333334, 9.333333333333334, 8.5, 8.166666666666666, 7.0, 6.666666666666667, 6.363636363636363, 6.0, 5.833333333333333, 14.333333333333334, 10.083333333333334, 9.133333333333333, 8.214285714285714, 7.25, 6.333333333333333, 6.333333333333333, 5.444444444444445, 5.2727272727272725, 5.25, 5.181818181818182, 10.5, 9.166666666666666, 8.363636363636363, 7.583333333333333, 7.333333333333333, 7.083333333333333, 6.333333333333333, 6.266666666666667, 6.166666666666667, 6.0, 5.833333333333333, 5.8125, 5.7894736842105265, 5.533333333333333, 10.8, 7.545454545454546, 7.5, 7.5, 7.0, 6.583333333333333, 6.5, 6.363636363636363, 6.538461538461538, 5.916666666666667, 5.666666666666667, 6.166666666666667, 15.636363636363637, 13.2, 12.833333333333334, 10.571428571428571, 9.666666666666666, 7.0, 6.25, 8.884615384615385, 8.166666666666666, 7.0, 6.923076923076923, 6.916666666666667, 6.357142857142857, 6.2727272727272725, 6.2727272727272725, 5.928571428571429, 5.607142857142857]
2-2 [2.875, 3.2, 3.4615384615384617, 3.8125, 4.714285714285714, 5.636363636363637, 4.083333333333333, 1.75, 1.9285714285714286, 4.909090909090909, 1.65625, 6.083333333333333, 4.833333333333333, 3.3333333333333335, 1.6521739130434783, 3.9166666666666665, 4.3076923076923075, 3.25, 2.1785714285714284, 3.6363636363636362, 2.625, 3.9166666666666665, 2.8666666666666667, 3.0, 2.8125, 4.083333333333333, 3.2666666666666666, 4.5, 4.545454545454546, 4.5, 4.384615384615385, 3.8125, 2.142857142857143, 3.235294117647059, 5.416666666666667, 3.6, 2.1785714285714284, 3.8461538461538463, 4.2727272727272725, 3.625, 4.076923076923077, 4.666666666666667, 4.833333333333333, 3.6666666666666665, 2.9166666666666665, 4.333333333333333, 4.0, 2.0434782608695654, 1.75, 1.5714285714285714, 4.0, 4.833333333333333, 4.416666666666667, 3.7857142857142856, 4.25, 5.454545454545454, 4.5, 3.4545454545454546, 3.9166666666666665, 4.0, 3.75, 3.9166666666666665, 3.2, 1.8571428571428572, 4.583333333333333, 3.3333333333333335, 3.5, 2.388888888888889, 3.5454545454545454, 4.0, 4.181818181818182, 4.083333333333333, 3.0833333333333335, 3.909090909090909, 4.083333333333333, 3.2, 3.25, 4.333333333333333, 3.8, 4.583333333333333, 3.4166666666666665, 1.9583333333333333, 2.625, 2.6315789473684212, 3.066666666666667, 3.466666666666667, 5.636363636363637, 2.8125, 3.4166666666666665, 4.25, 3.25, 2.9285714285714284, 5.2727272727272725, 3.6153846153846154, 4.083333333333333, 4.25, 3.6666666666666665, 5.2727272727272725, 3.066666666666667, 3.5833333333333335, 3.2857142857142856, 3.4, 4.363636363636363, 2.0, 1.7307692307692308, 4.25, 3.5, 3.4615384615384617, 4.5, 4.785714285714286, 4.545454545454546, 2.090909090909091, 1.8571428571428572, 1.5714285714285714]
3-1 [11.545454545454545]
3-2 [4.545454545454546]
3-3 [5.363636363636363]
4-2 algo
d: 6 w: 9 k: 5
all [4.909090909090909, 5.666666666666667, 4.909090909090909, 4.333333333333333, 4.666666666666667, 4.333333333333333, 4.583333333333333, 4.545454545454546, 5.0, 5.5] 

ans 4.84469696969697 

number 0 switch: 2274
number 1 switch: 116
number 2 switch: 0
2-1 [8.083333333333334, 6.35, 5.928571428571429, 5.416666666666667, 5.115384615384615, 5.5, 5.0, 5.0, 4.916666666666667, 16.666666666666668, 10.583333333333334, 8.333333333333334, 7.388888888888889, 6.466666666666667, 6.25, 6.035714285714286, 7.636363636363637, 6.666666666666667, 5.75, 5.545454545454546, 5.363636363636363, 5.0, 10.153846153846153, 7.277777777777778, 7.083333333333333, 7.083333333333333, 6.916666666666667, 6.083333333333333, 6.0, 5.083333333333333, 5.071428571428571, 4.964285714285714, 4.7272727272727275, 4.666666666666667, 4.666666666666667, 4.666666666666667, 4.666666666666667, 4.666666666666667, 4.454545454545454, 4.333333333333333, 8.8125, 7.642857142857143, 7.636363636363637, 6.583333333333333, 6.461538461538462, 6.235294117647059, 5.8125, 5.5, 5.0, 4.916666666666667, 4.733333333333333, 5.083333333333333, 4.769230769230769, 4.625, 6.1875, 5.666666666666667, 5.666666666666667, 5.4, 5.25, 5.25, 4.538461538461538, 4.5, 4.5, 4.416666666666667, 7.5, 7.333333333333333, 7.133333333333334, 6.866666666666666, 6.636363636363637, 5.833333333333333, 5.4375, 5.333333333333333, 5.25, 4.818181818181818, 4.642857142857143, 4.625, 7.416666666666667, 6.75, 5.666666666666667, 5.5, 5.454545454545454, 5.333333333333333, 5.214285714285714, 4.916666666666667, 4.75, 4.75, 7.964285714285714, 7.6, 6.5, 5.833333333333333, 5.6923076923076925, 5.666666666666667, 5.5, 5.214285714285714, 5.2, 5.166666666666667, 5.0, 5.0, 4.928571428571429, 4.888888888888889, 4.833333333333333, 4.8076923076923075, 5.266666666666667, 11.666666666666666, 9.583333333333334, 9.416666666666666, 8.76923076923077, 7.846153846153846, 7.333333333333333, 7.166666666666667, 7.090909090909091, 6.833333333333333, 6.636363636363637, 6.035714285714286, 5.866666666666666, 5.625]
2-2 [3.75, 1.9, 1.75, 3.75, 1.8461538461538463, 3.0833333333333335, 4.909090909090909, 4.083333333333333, 4.333333333333333, 2.3333333333333335, 3.3333333333333335, 3.6666666666666665, 1.8333333333333333, 3.8, 4.333333333333333, 1.5357142857142858, 4.2727272727272725, 2.7777777777777777, 3.6666666666666665, 4.181818181818182, 4.7272727272727275, 4.0, 3.6153846153846154, 2.4444444444444446, 4.0, 3.5833333333333335, 3.4166666666666665, 3.9166666666666665, 1.7777777777777777, 4.0, 3.5714285714285716, 1.6785714285714286, 4.2727272727272725, 3.75, 3.5833333333333335, 4.333333333333333, 3.5, 3.5833333333333335, 4.2727272727272725, 4.0, 2.8125, 3.0, 3.6363636363636362, 3.9166666666666665, 2.8461538461538463, 3.0, 2.75, 4.166666666666667, 3.4545454545454546, 3.75, 3.3333333333333335, 4.5, 4.461538461538462, 3.25, 2.8125, 2.533333333333333, 2.8666666666666667, 4.066666666666666, 3.8333333333333335, 3.1666666666666665, 3.3076923076923075, 3.0, 4.333333333333333, 3.8333333333333335, 3.8333333333333335, 3.5, 3.2666666666666666, 3.0, 3.727272727272727, 3.5, 3.375, 4.416666666666667, 4.5, 4.090909090909091, 1.6071428571428572, 2.8125, 3.0833333333333335, 3.3125, 3.5, 3.75, 4.545454545454546, 3.9166666666666665, 1.6785714285714286, 2.5833333333333335, 3.5833333333333335, 2.875, 1.4642857142857142, 3.933333333333333, 4.083333333333333, 3.6666666666666665, 3.1538461538461537, 3.1333333333333333, 4.083333333333333, 3.2857142857142856, 2.6, 4.25, 3.0833333333333335, 3.6666666666666665, 3.642857142857143, 2.388888888888889, 4.0, 1.6923076923076923, 3.8666666666666667, 5.5, 3.0, 3.4166666666666665, 3.769230769230769, 4.076923076923077, 2.466666666666667, 3.5, 3.5454545454545454, 4.25, 3.3636363636363638, 1.3571428571428572, 3.8, 2.75]
3-1 []
3-2 []
3-3 []
