4-3 algo
d: 5 w: 3 k: 1
all [109.0, 99.45454545454545, 100.9090909090909, 106.27272727272727, 99.54545454545455, 118.54545454545455, 100.18181818181819, 104.0909090909091, 111.72727272727273, 105.54545454545455] 

ans 105.52727272727273 

number 0 switch: 2325
number 1 switch: 65
number 2 switch: 0
2-1 [109.9090909090909, 143.1818181818182, 129.0, 128.54545454545453, 126.16666666666667, 112.28571428571429, 108.45454545454545, 104.73333333333333, 103.91666666666667, 103.83333333333333, 102.15384615384616, 100.73333333333333, 99.33333333333333, 112.63636363636364, 106.16666666666667, 104.33333333333333, 102.54545454545455, 102.54545454545455, 101.75, 101.75, 101.75, 167.2, 120.45454545454545, 120.17647058823529, 111.58333333333333, 110.81818181818181, 110.72727272727273, 110.33333333333333, 118.18181818181819, 114.58333333333333, 114.58333333333333, 108.25, 102.53846153846153, 101.08333333333333, 275.8, 121.25, 128.58333333333334, 125.54545454545455, 120.66666666666667, 118.91666666666667, 112.9090909090909, 107.72222222222223, 103.41666666666667, 100.66666666666667, 100.66666666666667, 101.0909090909091, 100.54545454545455, 191.27272727272728, 141.25, 134.53333333333333, 112.8, 110.08333333333333, 106.92307692307692, 132.0909090909091, 120.5, 111.81818181818181, 120.63636363636364, 116.91666666666667, 114.83333333333333, 114.33333333333333, 112.9090909090909, 109.0, 106.81818181818181, 106.375, 106.36363636363636]
2-2 [109.0, 86.54545454545455, 75.21428571428571, 95.45454545454545, 92.33333333333333, 76.21428571428571, 97.0, 71.86666666666666, 90.0, 91.0, 74.07692307692308, 73.6, 91.08333333333333, 99.81818181818181, 93.91666666666667, 92.41666666666667, 98.72727272727273, 99.81818181818181, 97.0, 91.41666666666667, 92.41666666666667, 70.8, 101.0, 66.0, 93.91666666666667, 106.27272727272727, 97.9090909090909, 94.91666666666667, 99.54545454545455, 87.08333333333333, 84.75, 77.66666666666667, 72.6923076923077, 98.08333333333333, 73.8, 93.5, 89.08333333333333, 98.27272727272727, 73.06666666666666, 91.0, 92.72727272727273, 63.388888888888886, 85.91666666666667, 92.08333333333333, 86.91666666666667, 100.18181818181819, 92.9090909090909, 80.0909090909091, 85.08333333333333, 60.06666666666667, 70.66666666666667, 97.91666666666667, 100.46153846153847, 111.72727272727273, 84.83333333333333, 105.36363636363636, 95.27272727272727, 92.33333333333333, 78.91666666666667, 81.25, 98.63636363636364, 105.54545454545455, 89.72727272727273, 62.375, 92.18181818181819]
3-1 []
3-2 []
3-3 []
[46.583333333333336, 40.75, 32.333333333333336] 244.3.210.197 77.197.210.51
4-3 algo
d: 5 w: 6 k: 1
all [43.333333333333336, 47.166666666666664, 39.916666666666664, 43.09090909090909, 50.0, 47.45454545454545, 42.583333333333336, 41.54545454545455, 43.18181818181818, 42.916666666666664] 

ans 44.11893939393939 

number 0 switch: 2329
number 1 switch: 60
number 2 switch: 1
2-1 [57.0, 56.27272727272727, 56.0, 56.0, 55.75, 48.5, 44.75, 57.25, 53.75, 52.083333333333336, 50.5, 50.416666666666664, 72.38461538461539, 58.625, 53.6, 52.214285714285715, 46.666666666666664, 40.76923076923077, 40.75, 41.30769230769231, 40.666666666666664, 97.27272727272727, 77.72727272727273, 58.083333333333336, 51.9375, 47.166666666666664, 45.36363636363637, 44.125, 44.0, 58.416666666666664, 50.166666666666664, 50.166666666666664, 54.0, 54.0, 52.75, 49.416666666666664, 47.333333333333336, 46.36363636363637, 45.18181818181818, 44.583333333333336, 58.5, 46.0, 44.90909090909091, 44.81818181818182, 59.25, 58.76923076923077, 49.63636363636363, 45.333333333333336, 44.0, 55.083333333333336, 55.083333333333336, 54.6875, 54.333333333333336, 53.166666666666664, 52.18181818181818, 49.36363636363637, 44.416666666666664, 44.416666666666664, 43.266666666666666, 43.0]
2-2 [37.083333333333336, 35.45454545454545, 33.25, 43.25, 34.25, 39.083333333333336, 38.833333333333336, 43.0, 30.916666666666668, 34.0, 40.5, 39.666666666666664, 28.53846153846154, 22.4375, 22.8, 25.5, 38.916666666666664, 28.846153846153847, 30.416666666666668, 37.46153846153846, 31.416666666666668, 27.09090909090909, 35.81818181818182, 35.083333333333336, 28.0, 27.416666666666668, 43.09090909090909, 29.75, 38.666666666666664, 38.083333333333336, 33.666666666666664, 39.75, 37.333333333333336, 43.666666666666664, 43.583333333333336, 31.25, 24.4, 41.72727272727273, 39.72727272727273, 42.583333333333336, 33.166666666666664, 35.30769230769231, 41.54545454545455, 37.27272727272727, 35.333333333333336, 31.76923076923077, 34.09090909090909, 37.166666666666664, 38.666666666666664, 36.416666666666664, 41.0, 25.875, 35.166666666666664, 42.0, 38.63636363636363, 40.81818181818182, 40.5, 39.5, 32.4, 37.09090909090909]
3-1 [46.583333333333336]
3-2 [40.75]
3-3 [32.333333333333336]
4-3 algo
d: 5 w: 9 k: 1
all [23.833333333333332, 26.25, 25.583333333333332, 23.75, 24.916666666666668, 28.333333333333332, 24.333333333333332, 25.363636363636363, 23.727272727272727, 26.727272727272727] 

ans 25.28181818181818 

number 0 switch: 2316
number 1 switch: 74
number 2 switch: 0
2-1 [41.416666666666664, 31.75, 28.25, 27.384615384615383, 26.818181818181817, 26.583333333333332, 25.916666666666668, 25.0625, 24.083333333333332, 23.833333333333332, 40.72222222222222, 33.0, 31.416666666666668, 31.4, 29.5, 28.90909090909091, 27.23076923076923, 26.666666666666668, 26.285714285714285, 31.90909090909091, 28.818181818181817, 27.916666666666668, 26.833333333333332, 25.916666666666668, 39.0, 31.727272727272727, 29.923076923076923, 27.416666666666668, 26.272727272727273, 24.0, 24.666666666666668, 23.75, 44.0, 32.63636363636363, 29.416666666666668, 27.0, 27.0, 25.94736842105263, 25.333333333333332, 38.333333333333336, 35.63636363636363, 34.083333333333336, 30.25, 28.0, 27.2, 26.166666666666668, 25.615384615384617, 39.75, 35.083333333333336, 30.4, 28.666666666666668, 28.166666666666668, 26.22222222222222, 26.181818181818183, 26.0, 25.4375, 25.0625, 24.625, 24.333333333333332, 24.333333333333332, 24.266666666666666, 27.636363636363637, 27.166666666666668, 25.933333333333334, 24.38888888888889, 23.916666666666668, 44.27272727272727, 40.916666666666664, 35.45454545454545, 31.5, 28.166666666666668, 27.25, 27.25, 27.125]
2-2 [23.833333333333332, 19.416666666666668, 14.75, 21.384615384615383, 22.09090909090909, 19.75, 18.416666666666668, 14.5625, 18.916666666666668, 19.083333333333332, 13.666666666666666, 14.909090909090908, 26.25, 17.6, 24.833333333333332, 25.363636363636363, 21.384615384615383, 21.75, 19.5, 22.90909090909091, 24.0, 19.5, 13.0, 17.583333333333332, 10.272727272727273, 23.09090909090909, 17.076923076923077, 19.0, 21.363636363636363, 21.416666666666668, 23.75, 13.583333333333334, 15.818181818181818, 16.818181818181817, 24.916666666666668, 22.583333333333332, 19.25, 10.736842105263158, 24.333333333333332, 20.666666666666668, 22.545454545454547, 16.583333333333332, 18.416666666666668, 14.461538461538462, 9.133333333333333, 24.333333333333332, 20.846153846153847, 15.833333333333334, 22.083333333333332, 16.133333333333333, 18.666666666666668, 19.916666666666668, 13.61111111111111, 22.727272727272727, 12.625, 19.25, 14.375, 12.1875, 19.416666666666668, 20.416666666666668, 17.2, 23.727272727272727, 18.416666666666668, 16.066666666666666, 12.11111111111111, 21.416666666666668, 26.727272727272727, 16.666666666666668, 18.363636363636363, 20.75, 13.583333333333334, 24.666666666666668, 16.166666666666668, 11.75]
3-1 []
3-2 []
3-3 []
[26.666666666666668, 25.083333333333332, 17.833333333333332] 41.177.83.214 210.218.218.164
[41.083333333333336, 25.916666666666668, 20.166666666666668] 41.177.241.254 41.177.241.176
[24.09090909090909, 19.636363636363637, 13.0] 41.177.26.176 122.39.210.202
4-3 algo
d: 6 w: 9 k: 1
all [24.75, 23.166666666666668, 26.083333333333332, 24.0, 22.636363636363637, 21.416666666666668, 25.363636363636363, 19.636363636363637, 23.09090909090909, 24.818181818181817] 

ans 23.49621212121212 

number 0 switch: 2336
number 1 switch: 51
number 2 switch: 3
2-1 [38.833333333333336, 28.833333333333332, 25.875, 24.916666666666668, 30.583333333333332, 29.083333333333332, 29.076923076923077, 27.0, 24.133333333333333, 29.0, 27.363636363636363, 27.25, 30.083333333333332, 28.545454545454547, 28.0, 27.692307692307693, 25.083333333333332, 27.6, 27.181818181818183, 26.25, 24.083333333333332, 23.714285714285715, 23.466666666666665, 32.5, 31.166666666666668, 27.272727272727273, 25.916666666666668, 23.944444444444443, 22.181818181818183, 22.083333333333332, 34.72727272727273, 31.75, 30.166666666666668, 27.833333333333332, 27.25, 26.666666666666668, 37.875, 37.30769230769231, 30.2, 26.666666666666668, 26.583333333333332, 25.25, 23.916666666666668, 22.0, 30.384615384615383, 28.0, 27.90909090909091, 23.09090909090909, 32.142857142857146, 29.333333333333332, 29.181818181818183]
2-2 [15.75, 24.75, 12.375, 22.75, 17.666666666666668, 17.166666666666668, 17.23076923076923, 17.153846153846153, 16.8, 14.916666666666666, 17.90909090909091, 18.5, 15.0, 24.0, 20.363636363636363, 14.384615384615385, 21.333333333333332, 17.066666666666666, 20.90909090909091, 16.916666666666668, 14.0, 16.071428571428573, 12.933333333333334, 17.583333333333332, 16.333333333333332, 19.454545454545453, 15.583333333333334, 12.11111111111111, 17.545454545454547, 16.916666666666668, 18.545454545454547, 17.916666666666668, 21.083333333333332, 24.083333333333332, 16.583333333333332, 21.75, 16.0625, 9.923076923076923, 11.266666666666667, 13.166666666666666, 16.166666666666668, 18.0, 18.583333333333332, 11.833333333333334, 16.307692307692307, 18.333333333333332, 23.09090909090909, 21.181818181818183, 21.142857142857142, 22.833333333333332, 21.90909090909091]
3-1 [26.666666666666668, 41.083333333333336, 24.09090909090909]
3-2 [25.083333333333332, 25.916666666666668, 19.636363636363637]
3-3 [17.833333333333332, 20.166666666666668, 13.0]
[105.66666666666667, 95.58333333333333, 95.83333333333333] 41.177.202.202 244.3.31.46
4-3 algo
d: 5 w: 3 k: 3
all [97.36363636363636, 103.27272727272727, 99.54545454545455, 97.18181818181819, 98.72727272727273, 92.27272727272727, 100.18181818181819, 108.63636363636364, 106.33333333333333, 99.54545454545455] 

ans 100.3060606060606 

number 0 switch: 2319
number 1 switch: 70
number 2 switch: 1
2-1 [206.35714285714286, 135.69230769230768, 134.93333333333334, 112.36363636363636, 109.61538461538461, 100.95, 99.54545454545455, 112.54545454545455, 109.18181818181819, 107.83333333333333, 106.25, 104.41666666666667, 104.41666666666667, 130.72727272727272, 128.66666666666666, 104.45454545454545, 100.0, 99.63636363636364, 128.8181818181818, 116.41666666666667, 104.66666666666667, 99.63636363636364, 99.07692307692308, 99.07692307692308, 99.0, 268.4166666666667, 161.94444444444446, 159.92, 115.25, 114.46428571428571, 108.0, 107.27272727272727, 103.75, 101.54545454545455, 100.54545454545455, 99.6923076923077, 106.0, 104.83333333333333, 104.0, 102.08333333333333, 102.08333333333333, 101.83333333333333, 98.0909090909091, 97.36363636363636, 94.27272727272727, 94.15384615384616, 154.45454545454547, 114.41666666666667, 111.63636363636364, 108.33333333333333, 107.0, 104.08333333333333, 184.53333333333333, 175.23529411764707, 172.9375, 129.83333333333334, 109.18181818181819, 225.6153846153846, 146.5185185185185, 108.18181818181819, 108.0, 107.36363636363636, 106.54545454545455, 141.27272727272728, 129.41666666666666, 117.08333333333333, 115.63636363636364, 105.72727272727273, 103.25, 99.58333333333333]
2-2 [68.0, 81.92307692307692, 66.53333333333333, 92.27272727272727, 75.76923076923077, 48.3, 97.36363636363636, 100.0909090909091, 98.18181818181819, 95.25, 93.91666666666667, 93.25, 89.5, 89.63636363636364, 86.91666666666667, 99.54545454545455, 88.5, 90.63636363636364, 86.0, 83.66666666666667, 82.16666666666667, 82.0, 70.76923076923077, 71.53846153846153, 84.66666666666667, 84.25, 71.77777777777777, 40.92, 85.33333333333333, 41.535714285714285, 94.18181818181819, 95.72727272727273, 37.392857142857146, 97.72727272727273, 98.72727272727273, 80.61538461538461, 86.83333333333333, 87.83333333333333, 77.33333333333333, 78.33333333333333, 84.75, 89.83333333333333, 90.54545454545455, 91.0, 91.54545454545455, 77.84615384615384, 93.36363636363636, 79.83333333333333, 99.0909090909091, 98.33333333333333, 86.5, 99.33333333333333, 67.8, 62.411764705882355, 68.125, 86.0, 108.63636363636364, 80.61538461538461, 39.2962962962963, 96.54545454545455, 101.0, 88.0909090909091, 105.27272727272727, 98.54545454545455, 83.66666666666667, 84.66666666666667, 91.63636363636364, 92.63636363636364, 85.83333333333333, 86.83333333333333]
3-1 [105.66666666666667]
3-2 [95.58333333333333]
3-3 [95.83333333333333]
[43.45454545454545, 42.36363636363637, 40.27272727272727] 198.222.241.108 41.177.98.127
4-3 algo
d: 5 w: 6 k: 3
all [41.333333333333336, 39.63636363636363, 40.5, 46.09090909090909, 40.0, 49.09090909090909, 48.63636363636363, 40.09090909090909, 40.36363636363637, 41.0] 

ans 42.67424242424242 

number 0 switch: 2299
number 1 switch: 90
number 2 switch: 1
2-1 [52.90909090909091, 48.583333333333336, 48.416666666666664, 46.90909090909091, 43.25, 41.333333333333336, 60.72727272727273, 48.25, 48.0625, 43.833333333333336, 43.63636363636363, 43.42857142857143, 42.90909090909091, 40.333333333333336, 40.333333333333336, 39.916666666666664, 39.916666666666664, 54.2, 50.92307692307692, 48.27272727272727, 44.5625, 44.166666666666664, 44.0, 43.666666666666664, 43.083333333333336, 41.833333333333336, 58.63636363636363, 57.45454545454545, 53.833333333333336, 52.76923076923077, 50.25, 48.0, 48.0, 47.54545454545455, 47.54545454545455, 48.25, 62.166666666666664, 49.416666666666664, 48.81818181818182, 47.916666666666664, 48.46153846153846, 45.375, 43.1875, 42.833333333333336, 41.8125, 41.0, 40.92857142857143, 40.588235294117645, 40.15384615384615, 50.0, 50.0, 49.666666666666664, 59.333333333333336, 57.76923076923077, 55.857142857142854, 53.25, 52.18181818181818, 48.266666666666666, 47.75, 46.857142857142854, 55.083333333333336, 54.416666666666664, 49.25, 49.0, 48.916666666666664, 46.916666666666664, 45.111111111111114, 43.86666666666667, 42.54545454545455, 41.36363636363637, 40.333333333333336, 40.09090909090909, 68.33333333333333, 53.833333333333336, 53.18181818181818, 48.4, 48.3125, 47.642857142857146, 43.06666666666667, 41.833333333333336, 41.083333333333336, 63.214285714285715, 51.81818181818182, 48.583333333333336, 48.0, 48.0, 47.6, 43.833333333333336, 43.833333333333336, 43.45454545454545]
2-2 [31.0, 34.0, 34.583333333333336, 38.72727272727273, 41.333333333333336, 35.333333333333336, 35.0, 33.0, 26.125, 34.0, 38.54545454545455, 25.285714285714285, 37.27272727272727, 36.25, 31.666666666666668, 32.666666666666664, 37.166666666666664, 32.86666666666667, 34.46153846153846, 38.54545454545455, 25.8125, 40.333333333333336, 35.75, 35.916666666666664, 39.583333333333336, 38.666666666666664, 46.09090909090909, 34.72727272727273, 30.833333333333332, 30.23076923076923, 38.583333333333336, 42.083333333333336, 42.583333333333336, 34.72727272727273, 38.36363636363637, 32.75, 32.75, 37.333333333333336, 40.0, 32.416666666666664, 33.46153846153846, 28.0, 38.375, 38.666666666666664, 24.875, 29.133333333333333, 30.071428571428573, 26.58823529411765, 31.846153846153847, 33.75, 37.333333333333336, 28.4, 39.583333333333336, 36.15384615384615, 34.642857142857146, 30.166666666666668, 46.72727272727273, 22.8, 0.0, 22.095238095238095, 33.666666666666664, 37.833333333333336, 34.666666666666664, 32.15384615384615, 35.666666666666664, 36.833333333333336, 23.27777777777778, 29.133333333333333, 37.90909090909091, 38.45454545454545, 39.916666666666664, 40.0, 36.916666666666664, 32.75, 35.63636363636363, 28.6, 27.3125, 35.642857142857146, 27.6, 32.083333333333336, 35.75, 6.875, 36.54545454545455, 38.166666666666664, 40.0, 40.916666666666664, 31.0, 36.416666666666664, 37.833333333333336, 39.27272727272727]
3-1 [43.45454545454545]
3-2 [42.36363636363637]
3-3 [40.27272727272727]
4-3 algo
d: 5 w: 9 k: 3
all [23.90909090909091, 20.875, 22.583333333333332, 25.5, 22.53846153846154, 26.454545454545453, 24.0, 21.363636363636363, 21.454545454545453, 21.454545454545453] 

ans 23.01331585081585 

number 0 switch: 2311
number 1 switch: 79
number 2 switch: 0
2-1 [32.27272727272727, 31.833333333333332, 28.09090909090909, 24.916666666666668, 24.0, 38.333333333333336, 32.666666666666664, 27.846153846153847, 27.0, 25.75, 24.846153846153847, 24.125, 23.428571428571427, 21.333333333333332, 21.0, 20.90909090909091, 41.45454545454545, 26.333333333333332, 24.928571428571427, 24.272727272727273, 23.333333333333332, 23.333333333333332, 23.333333333333332, 23.166666666666668, 22.818181818181817, 22.666666666666668, 22.666666666666668, 28.363636363636363, 28.23076923076923, 26.666666666666668, 26.25, 26.083333333333332, 25.818181818181817, 26.714285714285715, 26.272727272727273, 24.53846153846154, 24.5, 24.25, 23.636363636363637, 31.272727272727273, 29.0, 27.307692307692307, 27.0, 33.333333333333336, 30.692307692307693, 30.5, 26.90909090909091, 25.666666666666668, 25.333333333333332, 24.583333333333332, 30.0625, 27.666666666666668, 26.933333333333334, 26.90909090909091, 25.583333333333332, 25.416666666666668, 22.857142857142858, 21.5625, 21.5, 21.454545454545453, 36.25, 30.933333333333334, 29.615384615384617, 26.0, 25.23076923076923, 24.666666666666668, 24.272727272727273, 23.46153846153846, 23.454545454545453, 22.545454545454547, 23.083333333333332, 22.0, 26.5, 25.833333333333332, 25.833333333333332, 25.181818181818183, 23.0, 22.333333333333332, 21.833333333333332]
2-2 [23.90909090909091, 18.416666666666668, 21.454545454545453, 20.666666666666668, 16.923076923076923, 16.833333333333332, 19.266666666666666, 15.76923076923077, 17.333333333333332, 16.833333333333332, 20.0, 20.875, 15.357142857142858, 19.0, 17.545454545454547, 20.636363636363637, 17.636363636363637, 13.583333333333334, 14.857142857142858, 18.636363636363637, 18.833333333333332, 18.666666666666668, 14.583333333333334, 16.5, 20.818181818181817, 22.583333333333332, 19.0, 20.363636363636363, 16.076923076923077, 16.25, 25.5, 18.75, 21.181818181818183, 13.785714285714286, 18.636363636363637, 22.53846153846154, 17.25, 22.083333333333332, 21.545454545454547, 26.454545454545453, 15.384615384615385, 14.461538461538462, 18.363636363636363, 19.166666666666668, 16.76923076923077, 19.75, 17.0, 20.75, 17.833333333333332, 18.166666666666668, 17.25, 17.833333333333332, 14.2, 21.181818181818183, 19.25, 17.25, 16.857142857142858, 12.3125, 18.833333333333332, 20.818181818181817, 15.0, 13.066666666666666, 17.23076923076923, 12.9375, 13.923076923076923, 15.833333333333334, 18.727272727272727, 18.23076923076923, 18.636363636363637, 19.0, 18.583333333333332, 21.454545454545453, 19.666666666666668, 18.0, 20.5, 21.454545454545453, 21.416666666666668, 18.0, 18.5]
3-1 []
3-2 []
3-3 []
[25.583333333333332, 19.833333333333332, 20.083333333333332] 244.3.4.192 210.218.218.164
4-3 algo
d: 6 w: 9 k: 3
all [22.5, 21.272727272727273, 20.083333333333332, 19.90909090909091, 21.454545454545453, 21.454545454545453, 21.333333333333332, 21.583333333333332, 21.636363636363637, 24.166666666666668] 

ans 21.53939393939394 

number 0 switch: 2304
number 1 switch: 85
number 2 switch: 1
2-1 [25.90909090909091, 24.636363636363637, 23.727272727272727, 22.75, 22.5, 22.363636363636363, 22.333333333333332, 35.45454545454545, 26.833333333333332, 25.4375, 24.5, 24.454545454545453, 24.083333333333332, 23.818181818181817, 23.666666666666668, 23.666666666666668, 22.857142857142858, 22.333333333333332, 21.333333333333332, 26.416666666666668, 25.166666666666668, 24.416666666666668, 23.125, 22.0, 21.25, 20.727272727272727, 20.5, 54.416666666666664, 36.0, 26.181818181818183, 25.272727272727273, 21.133333333333333, 20.875, 20.583333333333332, 20.5, 32.18181818181818, 29.0, 27.916666666666668, 25.0, 22.133333333333333, 22.0, 29.5, 26.692307692307693, 26.166666666666668, 25.454545454545453, 25.0, 24.583333333333332, 24.583333333333332, 22.615384615384617, 22.818181818181817, 22.5625, 22.5, 22.181818181818183, 21.916666666666668, 34.25, 30.384615384615383, 27.545454545454547, 26.307692307692307, 24.818181818181817, 22.666666666666668, 21.666666666666668, 24.583333333333332, 24.0, 23.083333333333332, 23.083333333333332, 23.083333333333332, 22.25, 22.0, 22.083333333333332, 26.25, 25.066666666666666, 24.0625, 23.357142857142858, 23.083333333333332, 22.363636363636363, 22.153846153846153, 21.875, 32.666666666666664, 30.0, 29.384615384615383, 29.09090909090909, 27.857142857142858, 25.333333333333332, 24.6875, 24.416666666666668]
2-2 [19.636363636363637, 17.454545454545453, 19.09090909090909, 0.0, 21.916666666666668, 19.818181818181817, 18.833333333333332, 20.636363636363637, 18.833333333333332, 12.8125, 17.083333333333332, 21.272727272727273, 18.75, 19.454545454545453, 16.833333333333332, 16.5, 16.142857142857142, 17.75, 14.0, 15.833333333333334, 17.666666666666668, 18.166666666666668, 13.4375, 19.5, 15.0, 17.454545454545453, 18.583333333333332, 16.75, 17.416666666666668, 18.545454545454547, 17.272727272727273, 12.8, 13.3125, 17.416666666666668, 17.25, 20.363636363636363, 14.428571428571429, 18.083333333333332, 19.5, 13.933333333333334, 17.166666666666668, 15.285714285714286, 17.0, 18.916666666666668, 21.454545454545453, 16.25, 17.25, 18.916666666666668, 19.153846153846153, 18.818181818181817, 13.625, 12.444444444444445, 18.454545454545453, 19.916666666666668, 16.083333333333332, 14.846153846153847, 17.363636363636363, 20.076923076923077, 16.90909090909091, 17.166666666666668, 18.866666666666667, 19.0, 19.666666666666668, 17.916666666666668, 17.166666666666668, 21.583333333333332, 21.083333333333332, 20.333333333333332, 19.5, 20.583333333333332, 12.933333333333334, 13.8125, 15.857142857142858, 17.25, 21.636363636363637, 18.076923076923077, 14.75, 16.416666666666668, 9.933333333333334, 13.76923076923077, 21.90909090909091, 15.142857142857142, 11.266666666666667, 14.4375, 24.166666666666668]
3-1 [25.583333333333332]
3-2 [19.833333333333332]
3-3 [20.083333333333332]
[116.45454545454545, 90.27272727272727, 90.72727272727273] 41.177.98.220 244.3.185.121
[114.54545454545455, 91.27272727272727, 92.54545454545455] 41.177.241.46 151.77.15.40
[109.81818181818181, 102.81818181818181, 103.36363636363636] 41.177.26.176 122.39.210.202
4-3 algo
d: 5 w: 3 k: 5
all [97.72727272727273, 100.25, 95.36363636363636, 104.81818181818181, 101.41666666666667, 95.27272727272727, 117.18181818181819, 107.41666666666667, 95.54545454545455, 102.81818181818181] 

ans 101.7810606060606 

number 0 switch: 2313
number 1 switch: 74
number 2 switch: 3
2-1 [137.91666666666666, 137.91666666666666, 104.91666666666667, 101.85714285714286, 100.2, 100.0909090909091, 99.58333333333333, 96.76923076923077, 119.5, 109.45454545454545, 105.08333333333333, 105.08333333333333, 104.25, 104.25, 102.91666666666667, 106.72727272727273, 106.66666666666667, 106.66666666666667, 106.5, 104.6923076923077, 101.53846153846153, 99.625, 98.5, 95.81818181818181, 95.71428571428571, 95.36363636363636, 121.72727272727273, 109.81818181818181, 108.0, 104.91666666666667, 104.54545454545455, 127.16666666666667, 123.81818181818181, 117.6923076923077, 116.16666666666667, 109.83333333333333, 106.72727272727273, 106.5, 106.5, 103.91666666666667, 167.5, 125.375, 104.72727272727273, 103.5, 103.5, 97.45454545454545, 97.45454545454545, 97.45454545454545, 95.91666666666667, 95.91666666666667, 95.91666666666667, 94.75, 136.27272727272728, 118.45454545454545, 113.5, 113.5, 108.5, 107.41666666666667, 117.9090909090909, 115.66666666666667, 114.18181818181819, 109.25, 108.0, 108.0, 107.91666666666667, 106.16666666666667, 106.16666666666667, 104.81818181818181, 102.72727272727273, 99.61538461538461, 99.0, 98.38461538461539, 97.92307692307692, 105.2]
2-2 [80.66666666666667, 84.33333333333333, 85.33333333333333, 64.28571428571429, 68.73333333333333, 94.18181818181819, 87.16666666666667, 80.53846153846153, 100.25, 98.27272727272727, 88.75, 89.75, 85.16666666666667, 94.0, 86.66666666666667, 87.63636363636364, 84.58333333333333, 88.75, 83.83333333333333, 79.0, 69.76923076923077, 66.0625, 76.66666666666667, 95.36363636363636, 76.64285714285714, 84.72727272727273, 100.18181818181819, 103.81818181818181, 98.27272727272727, 100.08333333333333, 102.72727272727273, 85.83333333333333, 89.27272727272727, 82.23076923076923, 96.0, 94.33333333333333, 90.27272727272727, 101.41666666666667, 91.58333333333333, 98.75, 82.25, 63.25, 90.27272727272727, 90.25, 83.25, 93.45454545454545, 91.27272727272727, 92.27272727272727, 86.58333333333333, 84.25, 85.5, 87.58333333333333, 117.18181818181819, 102.0909090909091, 82.25, 83.25, 100.66666666666667, 85.66666666666667, 87.54545454545455, 82.33333333333333, 93.36363636363636, 81.16666666666667, 82.75, 92.08333333333333, 82.16666666666667, 83.16666666666667, 87.5, 90.9090909090909, 91.36363636363636, 75.07692307692308, 72.21428571428571, 78.15384615384616, 78.84615384615384, 44.4]
3-1 [116.45454545454545, 114.54545454545455, 109.81818181818181]
3-2 [90.27272727272727, 91.27272727272727, 102.81818181818181]
3-3 [90.72727272727273, 92.54545454545455, 103.36363636363636]
[46.72727272727273, 38.27272727272727, 39.27272727272727] 41.177.241.46 151.77.15.40
4-3 algo
d: 5 w: 6 k: 5
all [42.45454545454545, 45.166666666666664, 43.27272727272727, 43.5, 39.27272727272727, 42.81818181818182, 46.833333333333336, 42.25, 48.0, 43.63636363636363] 

ans 43.720454545454544 

number 0 switch: 2317
number 1 switch: 72
number 2 switch: 1
2-1 [50.25, 46.333333333333336, 45.2, 45.2, 44.0, 42.69230769230769, 43.083333333333336, 43.083333333333336, 63.36363636363637, 58.0, 51.333333333333336, 50.45454545454545, 50.333333333333336, 46.416666666666664, 46.416666666666664, 59.25, 57.75, 50.916666666666664, 47.72727272727273, 46.0625, 45.61538461538461, 59.92307692307692, 55.75, 49.25, 48.5, 48.18181818181818, 48.09090909090909, 47.45454545454545, 45.0, 44.75, 43.8, 43.5, 43.5, 56.833333333333336, 43.0, 42.69230769230769, 42.833333333333336, 42.63636363636363, 41.27272727272727, 40.30769230769231, 40.5, 39.07142857142857, 258.42857142857144, 68.75, 46.5, 46.5, 43.833333333333336, 42.81818181818182, 78.53846153846153, 56.666666666666664, 51.18181818181818, 50.666666666666664, 56.09090909090909, 50.916666666666664, 47.45454545454545, 46.416666666666664, 43.416666666666664, 43.23809523809524, 43.07142857142857, 56.916666666666664, 52.0, 50.36363636363637, 49.333333333333336, 48.72727272727273, 48.166666666666664, 59.25, 52.25, 48.25, 47.72727272727273, 46.0, 44.666666666666664, 44.46153846153846]
2-2 [37.333333333333336, 38.333333333333336, 31.466666666666665, 27.866666666666667, 28.666666666666668, 36.07692307692308, 41.666666666666664, 37.333333333333336, 42.0, 38.5, 37.166666666666664, 45.0, 32.583333333333336, 33.0, 37.916666666666664, 33.166666666666664, 36.333333333333336, 39.833333333333336, 43.27272727272727, 29.3125, 26.53846153846154, 32.07692307692308, 33.166666666666664, 34.166666666666664, 31.3125, 40.27272727272727, 39.09090909090909, 41.81818181818182, 34.583333333333336, 43.5, 0.0, 36.75, 41.333333333333336, 33.083333333333336, 29.916666666666668, 27.076923076923077, 30.916666666666668, 37.54545454545455, 33.18181818181818, 32.69230769230769, 27.357142857142858, 30.857142857142858, 28.642857142857142, 31.5, 32.083333333333336, 32.5, 33.833333333333336, 35.45454545454545, 38.69230769230769, 46.833333333333336, 41.27272727272727, 33.0, 39.81818181818182, 35.583333333333336, 39.45454545454545, 34.75, 37.083333333333336, 19.714285714285715, 32.857142857142854, 31.833333333333332, 48.0, 37.81818181818182, 36.416666666666664, 38.81818181818182, 36.666666666666664, 41.0, 33.75, 43.333333333333336, 39.09090909090909, 0.8333333333333334, 39.916666666666664, 32.61538461538461]
3-1 [46.72727272727273]
3-2 [38.27272727272727]
3-3 [39.27272727272727]
4-3 algo
d: 5 w: 9 k: 5
all [26.833333333333332, 20.916666666666668, 25.5, 23.0, 23.916666666666668, 22.818181818181817, 24.363636363636363, 27.916666666666668, 21.545454545454547, 24.923076923076923] 

ans 24.1733682983683 

number 0 switch: 2305
number 1 switch: 85
number 2 switch: 0
2-1 [38.5, 32.75, 28.583333333333332, 27.4, 30.75, 29.46153846153846, 27.0, 26.1875, 25.5, 24.153846153846153, 23.636363636363637, 23.0, 22.0, 21.727272727272727, 21.5, 21.166666666666668, 21.416666666666668, 22.076923076923077, 21.75, 37.666666666666664, 32.833333333333336, 32.0, 31.90909090909091, 27.416666666666668, 26.583333333333332, 26.416666666666668, 28.75, 26.75, 26.583333333333332, 25.833333333333332, 25.545454545454547, 24.90909090909091, 24.666666666666668, 24.153846153846153, 23.65, 23.25, 23.166666666666668, 23.166666666666668, 28.416666666666668, 28.166666666666668, 28.166666666666668, 28.083333333333332, 25.818181818181817, 25.272727272727273, 24.75, 24.727272727272727, 24.5, 34.54545454545455, 31.0, 25.5, 25.5, 25.5, 24.916666666666668, 24.416666666666668, 24.416666666666668, 24.083333333333332, 23.571428571428573, 34.666666666666664, 33.166666666666664, 31.363636363636363, 31.333333333333332, 28.75, 28.75, 28.75, 28.416666666666668, 26.818181818181817, 25.571428571428573, 25.0, 23.727272727272727, 23.384615384615383, 30.133333333333333, 28.666666666666668, 37.25, 33.666666666666664, 25.09090909090909, 24.272727272727273, 23.083333333333332, 22.533333333333335, 22.5, 22.181818181818183, 45.416666666666664, 33.92307692307692, 30.5, 29.3125, 25.153846153846153]
2-2 [26.833333333333332, 17.916666666666668, 19.083333333333332, 13.4, 12.25, 16.307692307692307, 17.166666666666668, 14.625, 19.833333333333332, 20.23076923076923, 17.454545454545453, 16.833333333333332, 18.545454545454547, 19.454545454545453, 18.166666666666668, 19.166666666666668, 16.916666666666668, 20.0, 19.583333333333332, 22.333333333333332, 21.75, 24.0, 18.272727272727273, 25.5, 18.75, 18.916666666666668, 18.916666666666668, 21.416666666666668, 23.0, 20.666666666666668, 17.727272727272727, 20.818181818181817, 20.833333333333332, 17.46153846153846, 11.05, 0.0, 20.083333333333332, 22.5, 17.75, 17.75, 22.0, 19.333333333333332, 20.454545454545453, 20.454545454545453, 22.583333333333332, 22.90909090909091, 23.916666666666668, 22.818181818181817, 18.166666666666668, 15.0, 16.0, 16.5, 19.166666666666668, 17.0, 16.083333333333332, 19.166666666666668, 15.428571428571429, 16.916666666666668, 18.333333333333332, 21.363636363636363, 19.083333333333332, 20.666666666666668, 17.25, 19.666666666666668, 17.916666666666668, 23.181818181818183, 17.357142857142858, 18.666666666666668, 23.181818181818183, 20.46153846153846, 15.266666666666667, 19.333333333333332, 17.583333333333332, 20.25, 19.454545454545453, 21.545454545454547, 21.0, 17.733333333333334, 19.666666666666668, 17.09090909090909, 23.75, 18.23076923076923, 15.142857142857142, 15.625, 24.923076923076923]
3-1 []
3-2 []
3-3 []
[29.583333333333332, 22.916666666666668, 0.0] 244.3.160.186 210.218.218.164
[28.545454545454547, 21.363636363636363, 21.363636363636363] 244.3.176.149 41.177.3.224
4-3 algo
d: 6 w: 9 k: 5
all [21.25, 19.181818181818183, 24.09090909090909, 21.636363636363637, 22.833333333333332, 22.90909090909091, 23.416666666666668, 21.833333333333332, 19.636363636363637, 21.363636363636363] 

ans 21.815151515151516 

number 0 switch: 2294
number 1 switch: 94
number 2 switch: 2
2-1 [30.272727272727273, 28.166666666666668, 26.75, 24.384615384615383, 23.818181818181817, 23.416666666666668, 23.0, 22.23076923076923, 25.083333333333332, 24.333333333333332, 23.90909090909091, 23.166666666666668, 22.666666666666668, 22.384615384615383, 22.583333333333332, 21.181818181818183, 19.866666666666667, 19.4375, 19.333333333333332, 19.333333333333332, 19.217391304347824, 37.0, 34.75, 31.25, 30.5, 30.666666666666668, 30.333333333333332, 27.583333333333332, 24.846153846153847, 30.416666666666668, 28.583333333333332, 27.714285714285715, 25.928571428571427, 25.636363636363637, 25.555555555555557, 25.333333333333332, 24.416666666666668, 24.133333333333333, 22.666666666666668, 21.916666666666668, 36.0, 31.25, 29.818181818181817, 28.083333333333332, 27.25, 26.4, 25.083333333333332, 24.0, 24.0, 23.416666666666668, 23.076923076923077, 23.153846153846153, 36.0, 26.333333333333332, 26.153846153846153, 32.63636363636363, 29.5, 26.416666666666668, 25.454545454545453, 24.583333333333332, 24.333333333333332, 23.307692307692307, 23.0, 22.916666666666668, 22.583333333333332, 56.666666666666664, 25.214285714285715, 25.125, 24.727272727272727, 24.272727272727273, 24.166666666666668, 23.5, 21.846153846153847, 21.583333333333332, 21.88235294117647, 23.0, 21.416666666666668, 21.416666666666668, 20.083333333333332, 20.083333333333332, 19.833333333333332, 19.8, 41.583333333333336, 33.416666666666664, 26.307692307692307, 25.6875, 24.333333333333332, 24.25, 22.90909090909091, 22.545454545454547, 22.083333333333332, 22.083333333333332, 21.75, 21.75]
2-2 [17.454545454545453, 17.166666666666668, 18.166666666666668, 15.615384615384615, 18.545454545454547, 18.0, 17.333333333333332, 15.76923076923077, 16.5, 16.833333333333332, 15.545454545454545, 16.083333333333332, 18.333333333333332, 15.538461538461538, 17.416666666666668, 17.727272727272727, 13.533333333333333, 12.8125, 18.416666666666668, 17.166666666666668, 9.652173913043478, 16.416666666666668, 19.25, 12.4375, 21.75, 19.333333333333332, 13.916666666666666, 20.333333333333332, 20.153846153846153, 18.75, 17.0, 14.714285714285714, 16.285714285714285, 18.09090909090909, 11.833333333333334, 13.166666666666666, 19.333333333333332, 14.8, 18.666666666666668, 18.0, 17.666666666666668, 20.916666666666668, 19.09090909090909, 17.333333333333332, 19.083333333333332, 12.4, 20.25, 18.583333333333332, 22.833333333333332, 19.0, 16.923076923076923, 17.46153846153846, 20.818181818181817, 18.916666666666668, 14.923076923076923, 19.09090909090909, 17.25, 17.25, 21.545454545454547, 18.333333333333332, 18.5, 16.846153846153847, 10.555555555555555, 19.083333333333332, 16.0, 16.166666666666668, 14.142857142857142, 14.5625, 18.545454545454547, 18.818181818181817, 17.916666666666668, 17.75, 19.153846153846153, 17.25, 15.941176470588236, 19.416666666666668, 16.666666666666668, 18.083333333333332, 17.75, 18.916666666666668, 17.916666666666668, 12.2, 16.416666666666668, 13.166666666666666, 15.76923076923077, 14.0, 17.583333333333332, 10.625, 19.636363636363637, 19.0, 20.5, 18.0, 18.166666666666668, 17.0]
3-1 [29.583333333333332, 28.545454545454547]
3-2 [22.916666666666668, 21.363636363636363]
3-3 [0.0, 21.363636363636363]
